NON $ % + -
#NON	c	d	b	a
0.0	0.6654344703906553	0.2614690422397392	0.7771021111139093	0.47679558973065894
0.33557046979865773	0.3315861840907685	0.2380795012438953	0.40801323381481663	0.32036302810535183
0.6711409395973155	0.17156703692931313	0.21212718846360018	0.22928247654018785	0.2152138772655013
1.0067114093959733	0.09217374376961421	0.18614759971343925	0.13762053086954482	0.14445674594979888
1.342281879194631	0.0513185564798075	0.16146672140115853	0.08738240259869368	0.09687635930644253
1.6778523489932886	0.029514374297236433	0.13875844999171855	0.05793234663871485	0.0649265312619202
2.0134228187919465	0.017465472628529544	0.11832498259084755	0.03960398497114435	0.04350331289447065
2.348993288590604	0.010590513717393241	0.10024561478126665	0.027640584518801716	0.029154141023315268
2.684563758389262	0.006553938859845905	0.08446251479047512	0.019554560981999487	0.0195489181499215
3.0201342281879198	0.004124261654430113	0.0708348302001083	0.013955772291498334	0.013119872156140348
3.3557046979865772	0.002630619946556554	0.05917517982686929	0.010016102012063767	0.008815164549015049
3.691275167785235	0.0016961438084856523	0.04927495858019349	0.007214375174326661	0.005930697030201841
4.026845637583893	0.001103040794247804	0.04092171577009369	0.005208134435819995	0.003995861043412601
4.3624161073825505	0.0007222090627832154	0.033910595713316345	0.0037651173527268405	0.0026963559489402407
4.697986577181208	0.00047540374202171464	0.028051363960131356	0.0027242735778925044	0.0018223236895727462
5.033557046979866	0.0003142689111133398	0.02317206784977779	0.001972173197728637	0.0012335449458584428
5.369127516778524	0.00020845161014732913	0.01912046765732412	0.001428127822301834	0.0008362927780561355
5.704697986577181	0.00013864023001774507	0.015763944004160937	0.0010343388788761553	0.0005678355714706935
6.0402684563758395	9.24139807333905e-05	0.01298839533085224	0.0007492134794407304	0.0003861269557823774
6.375838926174497	6.171472785223249e-05	0.01069661782186232	0.0005427341573939621	0.0002629425889595793
6.7114093959731544	4.1278334480711906e-05	0.008806449407377298	0.0003931983684267905	0.00017930547985781266
7.046979865771813	2.7647065224057595e-05	0.0072488757571415345	0.0002848993520393315	0.0001224352564945806
7.38255033557047	1.8539789221796128e-05	0.005966214883541549	0.0002064636440091693	8.371028889711012e-05
7.718120805369128	1.2446373367357138e-05	0.00491044717549253	0.0001496538769388258	5.730477012158672e-05
8.053691275167786	8.364311591003038e-06	0.004041722490075299	0.00010850399948055687	3.9275708951844997e-05
8.389261744966444	5.626572931650591e-06	0.003327052206195741	7.869336702341554e-05	2.6950193848494227e-05
8.724832214765101	3.7885101223097806e-06	0.0027391810561283236	5.709337412237948e-05	1.8513531615547126e-05
9.060402684563758	2.5532282787436736e-06	0.002255622638788515	4.1438688084157596e-05	1.2731789979918585e-05
9.395973154362416	1.722384910324402e-06	0.0018578502503063521	3.009039323164809e-05	8.765450018659686e-06
9.731543624161075	1.1628540649965638e-06	0.0015306246957479818	2.1859810294025296e-05	6.040638426518205e-06
10.067114093959733	7.859199562277478e-07	0.0012614220262613777	1.5890283462659e-05	4.167702882464929e-06
10.40268456375839	5.316873406794539e-07	0.0010398840872671575	1.1557617754217844e-05	2.8785611845266115e-06
10.738255033557047	3.6008547455722447e-07	0.0008575547894027018	8.412043360704292e-06	1.990456352400399e-06
11.073825503355705	2.4391055881288474e-07	0.0007074164300292955	6.1245617245150175e-06	1.3769186547306062e-06
11.409395973154362	1.6535538195610474e-07	0.0005837749166846779	4.461757965166612e-06	9.533707154278026e-07
11.74496644295302	1.1223837940075809e-07	0.000481869921818284	3.252486909027756e-06	6.608901589433496e-07
12.080536912751679	7.623105808517667e-08	0.00039788235593392205	2.3722310551007004e-06	4.584689896710291e-07
12.416107382550337	5.181672657142611e-08	0.000328666095263381	1.7313576645259056e-06	3.1832007939141136e-07
12.751677852348994	3.525929608828092e-08	0.0002716008019000309	1.2645515057746793e-06	2.2124445773617916e-07
13.087248322147651	2.401423895867266e-08	0.00022452586789588347	9.242213587528968e-07	1.5391349620999176e-07
13.422818791946309	1.6364983211520336e-08	0.00018567174248789207	6.758505203984401e-07	1.0714449524818949e-07
13.758389261744966	1.1155582238915986e-08	0.00015358969078533668	4.944236305450958e-07	7.461959279449186e-08
14.093959731543626	7.610996463577788e-09	0.00012709069351541592	3.619034087440623e-07	5.2010976170072735e-08
14.429530201342283	5.19909501232565e-09	0.00010521914746265795	2.6514831985395284e-07	3.629373416758134e-08
14.76510067114094	3.5555844977008213e-09	8.713144302982182e-05	1.9438454751533977e-07	2.535243798729533e-08
15.100671140939598	2.433720410845576e-09	7.219369585452621e-05	1.426324638764205e-07	1.772546559938937e-08
15.436241610738255	1.6670757674245678e-09	5.984051272710643e-05	1.0472801016131312e-07	1.2402590934342008e-08
15.771812080536913	1.1431428651401022e-09	4.961693313043286e-05	7.694429491663788e-08	8.686467824808546e-09
16.107382550335572	7.847062819363401e-10	4.117010239102803e-05	5.6597266187148475e-08	6.090289190780282e-09
16.44295302013423	5.393147672537618e-10	3.417201983916737e-05	4.166223340470216e-08	4.274905869541346e-09
16.778523489932887	3.720599072197751e-10	2.8381308162414194e-05	3.0726848319205067e-08	3.009976380605557e-09
17.114093959731544	2.574434099153856e-10	2.3593038903510387e-05	2.2708003010107034e-08	2.12481975765121e-09
17.449664429530202	1.782984208612165e-10	1.9624199374995284e-05	1.6803080280131038e-08	1.5015945347254534e-09
17.78523489932886	1.2376786890366405e-10	1.632042925662042e-05	1.2442316156640997e-08	1.0632005430483247e-09
18.120805369127517	8.606774269987968e-11	1.3574117050422756e-05	9.217055223196298e-09	7.538565405680134e-10
18.456375838926174	5.99389011370148e-11	1.1296516476927964e-05	6.833462708402433e-09	5.351598473373072e-10
18.79194630872483	4.177059241949354e-11	9.41002747976091e-06	5.0718134443970275e-09	3.801743015316182e-10
19.12751677852349	2.9284948638669655e-11	7.84129344050728e-06	3.773282492951055e-09	2.7133870385929946e-10
19.46308724832215	2.0616753772561604e-11	6.532415029649758e-06	2.8091407119223017e-09	1.942293313793132e-10
19.798657718120808	1.4545919282929495e-11	5.445693750871565e-06	2.094279806710539e-09	1.3927282798176302e-10
20.134228187919465	1.0296973925805669e-11	4.543641219769907e-06	1.5640318753418624e-09	1.0013204271732327e-10
20.469798657718123	7.275031845684754e-12	3.7966997883168107e-06	1.169013356014723e-09	7.191232447511796e-11
20.80536912751678	5.131996240657075e-12	3.1815717515601965e-06	8.769209047780657e-10	5.167427445586585e-11
21.140939597315437	3.515299740331626e-12	2.6743258288538398e-06	6.543977469025245e-10	3.640274665783685e-11
21.476510067114095	2.3447170916245007e-12	2.2547188727179545e-06	4.860490014852231e-10	2.5187143485895008e-11
21.812080536912752	1.4804831799052036e-12	1.8887734610718536e-06	3.5303241423981453e-10	1.6776434776852103e-11
22.14765100671141	9.315669567641233e-13	1.565197105626494e-06	2.518691510423237e-10	1.1113268432480527e-11
22.483221476510067	6.009761789348468e-13	1.2829109762305431e-06	1.7785492978082376e-10	7.44773924141621e-12
22.818791946308725	4.0724529094287335e-13	1.0579684907193894e-06	1.2665459733453821e-10	5.11827484108563e-12
23.154362416107382	2.87851010184354e-13	8.884868784217745e-07	9.508378205798135e-11	3.658285879592949e-12
23.48993288590604	2.0393733830570693e-13	7.250816988267606e-07	6.939832720948647e-11	2.611481583767807e-12
23.8255033557047	1.436959385244532e-13	5.971262865080184e-07	5.11580152178446e-11	1.860454591829129e-12
24.161073825503358	1.0012247859629443e-13	4.931860368566923e-07	3.766666581835288e-11	1.3144587061136809e-12
24.496644295302016	6.896058045158171e-14	4.0863084967970147e-07	2.7695329580789788e-11	9.210145790730623e-13
24.832214765100673	4.7392678968456505e-14	3.400482689782049e-07	2.045377299460119e-11	6.455867146656501e-13
25.16778523489933	3.3210403295155837e-14	2.848029078935775e-07	1.5350582442200148e-11	4.613405743897018e-13
25.503355704697988	2.4521738724728898e-14	2.406769963348415e-07	1.1896179690419735e-11	3.4543108248533355e-13
25.838926174496645	nan	nan	nan	nan
26.174496644295303	nan	nan	nan	nan
26.51006711409396	nan	nan	nan	nan
26.845637583892618	nan	nan	nan	nan
27.181208053691275	nan	nan	nan	nan
27.516778523489933	nan	nan	nan	nan
27.85234899328859	nan	nan	nan	nan
28.18791946308725	nan	nan	nan	nan
28.52348993288591	nan	nan	nan	nan
28.859060402684566	nan	nan	nan	nan
29.194630872483224	nan	nan	nan	nan
29.53020134228188	nan	nan	nan	nan
29.86577181208054	nan	nan	nan	nan
30.201342281879196	nan	nan	nan	nan
30.536912751677853	nan	nan	nan	nan
30.87248322147651	nan	nan	nan	nan
31.20805369127517	nan	nan	nan	nan
31.543624161073826	nan	nan	nan	nan
31.879194630872483	nan	nan	nan	nan
32.214765100671144	nan	nan	nan	nan
32.5503355704698	nan	nan	nan	nan
32.88590604026846	nan	nan	nan	nan
33.22147651006711	nan	nan	nan	nan
