NON $ % + - . 0 1
#NON	a	f	b	c	d	g	e
0.0	0.6269945177698587	0.3191947673222634	0.27492260825688875	0.755852429887226	0.23686420397678565	0.17392679089595608	0.0124742106212119
0.33557046979865773	0.4769779756709282	0.22226233753717448	0.20884788554581113	0.49499954909824206	0.20759791380209552	0.18638493981848767	0.08867482324464752
0.6711409395973155	0.37792450966491375	0.1597118838414905	0.16311974424684997	0.34565143656455516	0.1853516101699257	0.18346468002986122	0.12090375298280824
1.0067114093959733	0.31090181699500247	0.1186706622271272	0.130847974480632	0.2603752089505142	0.1681234460709794	0.17534301762479865	0.1317707622307613
1.342281879194631	0.26514601415715816	0.0913522182109823	0.10774639390131209	0.21126718463952485	0.15449450045772367	0.16609106886300867	0.1326135580955918
1.6778523489932886	0.23398045257882089	0.0729335690678397	0.09103802810068955	0.18254236372835	0.14355199045148218	0.15730189490992966	0.12911357712544952
2.0134228187919465	0.2129082480685046	0.060374058498425046	0.07886918297336733	0.1653479080355356	0.13470912345828615	0.14954764063645187	0.12408699810975005
2.348993288590604	0.19876210206728537	0.05172480163307477	0.0699682789957924	0.15473527907718332	0.1275682156749958	0.14297516474702882	0.11889080009368452
2.684563758389262	0.18929975782949593	0.04571642243580765	0.06344147143726715	0.1479403600019168	0.12183559854973161	0.13755137245155577	0.11413631039258017
3.0201342281879198	0.18296082300674166	0.041509890795870474	0.0586484767613528	0.14341541731908605	0.11727457377085586	0.13316662303056204	0.11005441899130143
3.3557046979865772	0.17868499475796681	0.03854367313685814	0.055125076794028074	0.14028708960556646	0.11368273314426863	0.12968151033912603	0.10668509147263612
3.691275167785235	0.17576746784548444	0.036438073069530334	0.052532559040194826	0.13805450782250145	0.11088306425169596	0.12695070188959667	0.1039774577800136
4.026845637583893	0.17374735005246528	0.03493409883989959	0.050623113855568114	0.1364224032116804	0.10872147735086254	0.12483625749333983	0.10184326428665719
4.3624161073825505	0.1723260039478043	0.03385369342139125	0.04921526939167995	0.13520966545724264	0.10706630860799274	0.12321491744580078	0.10018515472548742
4.697986577181208	0.17131018007576532	0.03307351691839969	0.048176086347597354	0.13429966712945138	0.10580764543796795	0.12198130930984255	0.0989109084779028
5.033557046979866	0.1705740063077996	0.03250750129131661	0.04740814179558335	0.13361341515063702	0.10485581664205096	0.12104837000117895	0.0979397385422851
5.369127516778524	0.17003437869163518	0.032095155647126235	0.04683999576509374	0.1330949713658322	0.10413914429908383	0.12034604848972222	0.09720418411995581
5.704697986577181	0.16963537206252027	0.03179366672926762	0.04641921001578266	0.1327033612498697	0.10360130619021518	0.11981912847155253	0.09664969800390735
6.0402684563758395	0.16933852723844384	0.03157253806536349	0.046107250903836626	0.13240791522561332	0.10319865438501222	0.11942476635198092	0.09623316183186889
6.375838926174497	0.16911680023978745	0.03140991168272828	0.04587576240891806	0.132185392309359	0.10289773206991913	0.11913011642690938	0.09592105223649076
6.7114093959731544	0.16895079424479353	0.03129003537587441	0.04570384861706125	0.13201809234998643	0.10267310623846647	0.118910218718886	0.0956876164055683
7.046979865771813	0.16882636397414405	0.03120150009185734	0.0455760886759832	0.13189252315791875	0.10250556620224394	0.1187462302848573	0.09551324799257827
7.38255033557047	0.16873306656451334	0.03113600585750495	0.04548108610074942	0.13179841639350462	0.10238066830685816	0.1186239925914469	0.09538311713538389
7.718120805369128	0.1686631245514018	0.03108748985043356	0.0454104057267223	0.13172797747553225	0.10228758552606625	0.1185328975834373	0.0952860568678282
8.053691275167786	0.16861071783540527	0.03105151087724516	0.045357799347722313	0.13167530848018227	0.10221822388583006	0.11846501863467575	0.09521368980382058
8.389261744966444	0.1685714744678942	0.03102480429413727	0.04531863183850548	0.1316359581801038	0.10216654218446601	0.11841444187017697	0.09515974673776181
8.724832214765101	0.168542107350499	0.03100496527390105	0.04528946194774102	0.13160657748096644	0.10212803260130834	0.11837675467885952	0.09511954110771888
9.060402684563758	0.16852014429959744	0.03099021747275459	0.04526773164580934	0.1315846491941692	0.10209933651656537	0.11834867097819152	0.09508957541891563
9.395973154362416	0.1685037299819243	0.030979250296240667	0.04525154269138109	0.13156829068532477	0.10207795360258957	0.118327743653493	0.09506724375908777
9.731543624161075	0.16849146841137366	0.03097109089635586	0.045239480175301536	0.13155609052483205	0.10206201931243486	0.11831214826027331	0.09505060131143905
10.067114093959733	0.16848231152882573	0.03096501671807696	0.045230489093800647	0.13154699070395426	0.10205014236469087	0.11830052390313145	0.0950381957972773
10.40268456375839	0.1684754787327149	0.030960496254738644	0.045223790429389454	0.13154020779723585	0.10204129290356183	0.11829186230299897	0.09502895235202591
10.738255033557047	0.16847038024497626	0.030957130799939604	0.04521879870555098	0.13153515221190362	0.10203469757788436	0.11828540632293906	0.09502206366057432
11.073825503355705	0.16846657666235035	0.03095462389904438	0.045215077764139876	0.1315313829328444	0.10202978209723541	0.11828059484983712	0.09501692937730685
11.409395973154362	0.16846374060346353	0.03095275635542267	0.04521230414411042	0.13152857253061506	0.10202611908509522	0.11827700987922034	0.09501310298775383
11.74496644295302	0.16846162515201224	0.030951365132781693	0.04521023669830305	0.13152647785076615	0.1020233877237917	0.11827433623750006	0.09501025012661936
12.080536912751679	0.16846004646641408	0.03095032885884016	0.04520869582533434	0.131524917309789	0.10202135030020701	0.11827234084721548	0.09500812268015227
12.416107382550337	0.16845886973840232	0.03094955707451418	0.04520754779042555	0.13152375453474632	0.10201983243673259	0.11827085424366243	0.0950065377353476
12.751677852348994	0.16845799454829505	0.030948981507312234	0.04520669170176028	0.13152288616692695	0.10201870369793153	0.11826975046683443	0.09500535806993282
13.087248322147651	0.16845734331919593	0.03094855201435779	0.04520605295932529	0.1315222375383193	0.10201786358610279	0.11826893018980611	0.09500447938939985
13.422818791946309	0.16845685529988086	0.03094823222442824	0.04520557688046867	0.13152175547822417	0.10201723403584008	0.11826831365775703	0.09500382208172196
13.758389261744966	0.16845648958381418	0.030947995308369027	0.04520522357240935	0.13152139944397728	0.10201676224995261	0.11826784901420757	0.09500333098809327
14.093959731543626	0.1684562193598337	0.030947817592482593	0.0452049590571351	0.13152113097874063	0.10201641382578419	0.11826750846215213	0.09500296673339069
14.429530201342283	0.16845601795189863	0.03094768503918628	0.04520476175835947	0.13152093067806817	0.10201615413670101	0.11826725476847977	0.09500269518666114
14.76510067114094	0.1684558673965746	0.030947586150045836	0.04520461451102998	0.13152078131602038	0.10201596000310811	0.11826706493810919	0.09500249229578492
15.100671140939598	0.16845575503878746	0.030947512426343915	0.04520450471018968	0.13152066998373987	0.10201581512453788	0.11826692320872421	0.0950023409203222
15.436241610738255	0.16845567113174398	0.030947457428562735	0.045204422780644925	0.13152058694763805	0.10201570692950089	0.11826681731514639	0.09500222790391138
15.771812080536913	0.1684556087144039	0.030947416526218182	0.045204361842936164	0.1315205251904583	0.10201562644701091	0.11826673853989525	0.09500214383811036
16.107382550335572	0.16845556208025086	0.03094738596101392	0.04520431630462921	0.13152047903367542	0.1020155663185622	0.11826667969558596	0.09500208102756516
16.44295302013423	0.16845552703268385	0.030947362982351432	0.04520428206908528	0.13152044432605678	0.10201552113215533	0.1182666354842363	0.09500203381973346
16.778523489932887	0.1684555021151552	0.030947346636287853	0.045204257715404435	0.1315204196283406	0.10201548900924073	0.11826660406608872	0.09500200025303968
17.114093959731544	0.16845548338828853	0.030947334343009707	0.04520423940098073	0.1315204010485413	0.10201546486891343	0.11826658046478611	0.09500197502223139
17.449664429530202	0.16845546984824866	0.030947325445856835	0.045204226147491915	0.13152038759628723	0.10201544741634636	0.1182665634114327	0.09500195677572129
17.78523489932886	0.16845545940906004	0.03094731858119629	0.04520421592304375	0.13152037721531132	0.10201543396074801	0.11826655026823694	0.095001942705279
18.120805369127517	0.1684554516020485	0.030947313444559005	0.0452042082733631	0.13152036944707976	0.10201542389752155	0.11826654044081673	0.09500193218091695
18.456375838926174	0.16845544553539665	0.030947309458586675	0.04520420233639293	0.13152036342270146	0.10201541607617394	0.11826653279634217	0.09500192400487012
18.79194630872483	0.16845544095083162	0.030947306456656117	0.045204197863134093	0.13152035889143157	0.10201541016362645	0.11826652700646535	0.0950019178306167
19.12751677852349	0.1684554374329585	0.03094730417105077	0.04520419445341463	0.13152035545040003	0.10201540562422011	0.11826652254295571	0.0950019131009925
19.46308724832215	0.1684554347944398	0.030947302478923557	0.04520419192418891	0.131520352913961	0.1020154022163969	0.11826651916957315	0.09500190956361292
19.798657718120808	0.16845543278190037	0.03094730121391281	0.04520419002763018	0.13152035103063311	0.10201539961344964	0.11826651656699914	0.09500190687701553
20.134228187919465	0.16845543126569507	0.03094730027788396	0.04520418862041349	0.13152034964584952	0.10201539764993664	0.11826651458667323	0.09500190486057397
20.469798657718123	0.1684554301101848	0.030947299566454055	0.0452041875504017	0.13152034859442652	0.10201539615307631	0.11826651307521459	0.09500190332458305
20.80536912751678	0.16845542924990003	0.030947299020351194	0.04520418673279807	0.13152034777855445	0.10201539504114271	0.11826651196930768	0.09500190217373583
21.140939597315437	0.1684554282878439	0.030947298434485144	0.04520418585014524	0.13152034691606004	0.10201539379392092	0.1182665107032714	0.0950019008977478
21.476510067114095	0.16845542749367418	0.03094729794496907	0.045204185114003544	0.13152034619217434	0.10201539276527374	0.11826650966510187	0.09500189984182718
21.812080536912752	0.16845542688173268	0.03094729755904218	0.045204184535624865	0.1315203456167489	0.10201539197402142	0.11826650887543469	0.09500189902433387
22.14765100671141	0.1684554264520194	0.03094729727670447	0.04520418411500919	0.13152034518978373	0.10201539142016394	0.11826650833426988	0.09500189844526791
22.483221476510067	0.16845542620453438	0.03094729709795594	0.045204183852156535	0.1315203449112788	0.10201539110370132	0.11826650804160745	0.09500189810462928
22.818791946308725	0.16845542613927758	0.03094729702279659	0.04520418374706689	0.13152034478123417	0.10201539102463356	0.11826650799744737	0.09500189800241798
23.154362416107382	0.168455426256249	0.03094729705122642	0.045204183799740255	0.13152034479964977	0.10201539118296066	0.11826650820178966	0.09500189813863401
23.48993288590604	0.16845542607458516	0.03094729692692381	0.04520418361561375	0.13152034460917714	0.10201539094957567	0.11826650797881362	0.09500189789163944
23.8255033557047	0.16845542594603904	0.030947296837388758	0.04520418348331125	0.13152034447121774	0.1020153907846721	0.118266507822884	0.09500189771616421
24.161073825503358	0.16845542587704038	0.03094729678604857	0.0452041834081085	0.13152034439054971	0.10201539069666185	0.11826650774303732	0.09500189762052029
24.496644295302016	0.16845542586758913	0.030947296772903244	0.0452041833900055	0.13152034436717305	0.1020153906855449	0.11826650773927354	0.09500189760470769
24.832214765100673	0.16845542591768534	0.030947296797952783	0.04520418342900226	0.13152034440108776	0.10201539075132125	0.11826650781159267	0.09500189766872641
25.16778523489933	0.16845542602732896	0.030947296861197186	0.04520418352509877	0.13152034449229383	0.1020153908939909	0.11826650795999473	0.09500189781257644
25.503355704697988	0.16845542597967944	0.030947296802139465	0.04520418344303579	0.1315203443889689	0.10201539083686101	0.11826650793258842	0.09500189773607198
25.838926174496645	0.16845542606310068	0.030947296857817233	0.04520418352579925	0.13152034447361377	0.1020153909442384	0.11826650803661232	0.09500189784886502
26.174496644295303	0.16845542614652192	0.030947296913495	0.04520418360856271	0.13152034455825865	0.10201539105161579	0.11826650814063622	0.09500189796165805
26.51006711409396	0.16845542622994317	0.03094729696917277	0.04520418369132617	0.13152034464290352	0.10201539115899318	0.11826650824466013	0.09500189807445107
26.845637583892618	0.1684554263133644	0.030947297024850537	0.04520418377408963	0.13152034472754842	0.10201539126637056	0.11826650834868403	0.09500189818724411
27.181208053691275	0.16845542639678565	0.030947297080528305	0.04520418385685309	0.1315203448121933	0.10201539137374795	0.11826650845270793	0.09500189830003714
27.516778523489933	0.1684554264802069	0.030947297136206073	0.04520418393961655	0.13152034489683817	0.10201539148112534	0.11826650855673185	0.09500189841283016
27.85234899328859	0.16845542656082416	0.030947297190010284	0.04520418401959546	0.13152034497863369	0.10201539158489384	0.11826650865726174	0.09500189852183102
28.18791946308725	0.16845542656747325	0.03094729719439097	0.045204184026119226	0.1315203449852643	0.1020153915934619	0.11826650866562124	0.09500189853079631
28.52348993288591	0.16845542657412235	0.03094729719877166	0.045204184032643	0.13152034499189488	0.10201539160202995	0.11826650867398075	0.09500189853976161
28.859060402684566	0.16845542658077148	0.030947297203152348	0.04520418403916677	0.1315203449985255	0.10201539161059801	0.11826650868234026	0.0950018985487269
29.194630872483224	0.16845542658742058	0.030947297207533038	0.045204184045690536	0.1315203450051561	0.10201539161916606	0.11826650869069977	0.09500189855769219
29.53020134228188	0.1684554265940697	0.030947297211913725	0.04520418405221431	0.13152034501178672	0.10201539162773413	0.11826650869905928	0.09500189856665747
29.86577181208054	0.1684554266007188	0.03094729721629441	0.04520418405873808	0.13152034501841733	0.10201539163630217	0.11826650870741878	0.09500189857562277
30.201342281879196	0.1684554266073679	0.030947297220675102	0.04520418406526185	0.13152034502504795	0.10201539164487024	0.11826650871577829	0.09500189858458806
30.536912751677853	0.16845542661401702	0.03094729722505579	0.04520418407178562	0.13152034503167853	0.10201539165343829	0.1182665087241378	0.09500189859355335
30.87248322147651	0.16845542662066612	0.03094729722943648	0.045204184078309395	0.13152034503830914	0.10201539166200635	0.11826650873249732	0.09500189860251865
31.20805369127517	0.16845542662731522	0.030947297233817166	0.04520418408483316	0.13152034504493976	0.1020153916705744	0.11826650874085683	0.09500189861148393
31.543624161073826	0.16845542663396434	0.030947297238197852	0.04520418409135694	0.13152034505157037	0.10201539167914246	0.11826650874921633	0.09500189862044922
31.879194630872483	0.16845542664061344	0.030947297242578543	0.045204184097880705	0.13152034505820098	0.10201539168771051	0.11826650875757584	0.09500189862941452
32.214765100671144	0.16845542664726254	0.03094729724695923	0.04520418410440447	0.13152034506483157	0.10201539169627857	0.11826650876593535	0.09500189863837981
32.5503355704698	0.16845542665391167	0.03094729725133992	0.04520418411092825	0.13152034507146218	0.10201539170484662	0.11826650877429486	0.0950018986473451
32.88590604026846	0.16845542666056076	0.030947297255720606	0.045204184117452015	0.1315203450780928	0.10201539171341469	0.11826650878265436	0.0950018986563104
33.22147651006711	0.1684554266672099	0.030947297260101293	0.04520418412397579	0.1315203450847234	0.10201539172198273	0.11826650879101387	0.09500189866527568
