NON $ % + - .
#NON	a	b	d	e	c
0.0	0.07290062611501869	0.6745505167149191	0.8129475202064965	0.7565314788062621	0.5979316222407514
0.33557046979865773	0.14310080551538618	0.4446879347298912	0.5053299329008316	0.3780911972841903	0.44527773625374095
0.6711409395973155	0.17924743973713875	0.3126644010364635	0.34119858522221536	0.20032778243520521	0.3492328339997648
1.0067114093959733	0.19577401175994041	0.23571478321184186	0.2521339824630449	0.11511899863076101	0.28723112149010627
1.342281879194631	0.20170614486463095	0.1899813350623751	0.2025969688508581	0.07332491986929261	0.24645494810413335
1.6778523489932886	0.202406255313045	0.1621521854088271	0.17414790159357446	0.052254177792341115	0.21933823193637972
2.0134228187919465	0.20083392107418802	0.14478162881966397	0.15720204317878028	0.04128082555334564	0.20118633369079317
2.348993288590604	0.1985074021788944	0.13367160130861108	0.14673417225752924	0.03534917766664134	0.18897681532277374
2.684563758389262	0.19614931957029802	0.12641557079060242	0.14005792545659515	0.03200929373329662	0.1807287110761313
3.0201342281879198	0.1940657040785024	0.12159845216745685	0.1356911500838861	0.03004833449127537	0.17513419645854836
3.3557046979865772	0.1923525630182512	0.11836209480429945	0.1327821871466653	0.028850319477826954	0.17132590794492555
3.691275167785235	0.19100580547851986	0.11616970219878835	0.13082004651083817	0.028092523649118496	0.16872574960146763
4.026845637583893	0.18997915706965737	0.11467627936616603	0.1294857977714123	0.027599509065729742	0.16694625961923093
4.3624161073825505	0.18921386655794842	0.11365531257703478	0.12857391669869714	0.02727187106621079	0.16572626552281436
4.697986577181208	0.18865297028862543	0.11295573961135562	0.12794880635999828	0.0270508287250878	0.16488880837192785
5.033557046979866	0.18824722811849529	0.11247570470342086	0.12751953110983236	0.02690018118391657	0.1643134556547658
5.369127516778524	0.1879567262778337	0.11214603232733987	0.1272244622541655	0.02679684865451698	0.16391796664854022
5.704697986577181	0.1877504269002016	0.11191951291255327	0.1270215498103062	0.02672569887878517	0.163646032231404
6.0402684563758395	0.18760487776922252	0.11176382869356771	0.12688198691208374	0.026676606781035513	0.16345902593792908
6.375838926174497	0.18750272615902208	0.11165681555907601	0.12678599482658867	0.026642702729712107	0.16333041936200768
6.7114093959731544	0.18743133522370675	0.11158325753235492	0.12671997836035248	0.026619283670264372	0.16324198100495485
7.046979865771813	0.18738161141696263	0.11153269153085027	0.12667457790814293	0.026603107999521054	0.1631811640244255
7.38255033557047	0.18734707200394332	0.11149793378695069	0.1266433608031527	0.02659194151137619	0.16313934689167153
7.718120805369128	0.18732313230671607	0.11147404399494874	0.12662189918419825	0.02658423724147216	0.16311059746915968
8.053691275167786	0.18730656928477563	0.11145762410573867	0.12660714535616643	0.026578923840691902	0.16309083330335528
8.389261744966444	0.1872951260743172	0.11144634046274315	0.12659700529103826	0.02657526261643718	0.16307724868021858
8.724832214765101	0.18728722898509703	0.11143858445435889	0.12659003451939344	0.026572739446409237	0.16306790998508694
9.060402684563758	0.1872817840121183	0.11143325456170503	0.12658524380416644	0.026571001809475827	0.16306149183369142
9.395973154362416	0.18727803238052487	0.11142959269593446	0.12658195239435024	0.02656980659733704	0.16305708132449925
9.731543624161075	0.18727544944527827	0.11142707583553263	0.12657968989036622	0.026568983344768562	0.16305405016631802
10.067114093959733	0.187273671712793	0.1114253466958697	0.12657813540901194	0.02656841718622485	0.16305196767671787
10.40268456375839	0.18727244827896572	0.11142415895861292	0.12657706802337773	0.026568028607899474	0.1630505361157268
10.738255033557047	0.18727160664861034	0.11142334230160311	0.12657633402024127	0.02656776084699696	0.1630495520039073
11.073825503355705	0.1872710286789893	0.11142278113711845	0.12657582919259877	0.026567576283852354	0.16304887699458634
11.409395973154362	0.18727063115484138	0.11142239581616514	0.12657548275787678	0.026567449901503334	0.16304841296751768
11.74496644295302	0.18727035790217486	0.11142213174621224	0.12657524562631267	0.026567363276593026	0.1630480941024475
12.080536912751679	0.18727017026523057	0.1114219497591179	0.12657508190276098	0.02656730337422766	0.16304787521513156
12.416107382550337	0.18727004110382603	0.11142182462983051	0.12657496938251614	0.026567262234082397	0.16304772457269626
12.751677852348994	0.1872699518660992	0.11142173824848038	0.12657489171907693	0.026567233818144288	0.1630476205342438
13.087248322147651	0.18726989070015812	0.11142167897948412	0.12657483841306166	0.026567214328151314	0.16304754921169054
13.422818791946309	0.18726984892876936	0.11142163856066392	0.12657480207759278	0.026567201036741178	0.16304750052171654
13.758389261744966	0.18726982014685262	0.1114216107573307	0.12657477709546386	0.02656719189003922	0.16304746698953523
14.093959731543626	0.1872698006613592	0.11142159195496963	0.12657476020577388	0.02656718570186827	0.16304744429732299
14.429530201342283	0.1872697873475912	0.11142157909921843	0.12657474865503615	0.026567181471237128	0.163047428790755
14.76510067114094	0.18726977832644048	0.11142157036312655	0.1265747407989948	0.026567178598710085	0.16304741827534458
15.100671140939598	0.18726977203457745	0.11142156424058731	0.12657473528589222	0.026567176588982624	0.16304741093001748
15.436241610738255	0.18726976760686953	0.11142155991844135	0.12657473139083678	0.026567175172117298	0.1630474057552342
15.771812080536913	0.18726976456625144	0.11142155694958175	0.12657472871541312	0.026567174199298833	0.16304740220071787
16.107382550335572	0.1872697624417264	0.11142155489238136	0.12657472686586596	0.026567173523328182	0.16304739972350457
16.44295302013423	0.18726976093747838	0.11142155345555478	0.12657472557886676	0.026567173048722137	0.16304739797735984
16.778523489932887	0.18726975989161973	0.11142155247318722	0.1265747247029231	0.026567172721969835	0.1630473967701263
17.114093959731544	0.1872697591563916	0.11142155178501079	0.12657472408975542	0.0265671724925469	0.1630473959227481
17.449664429530202	0.18726975864531437	0.11142155129781678	0.12657472365339564	0.02656717233121045	0.1630473953303561
17.78523489932886	0.18726975830344922	0.11142155095795821	0.12657472334557637	0.026567172220496864	0.16304739492855025
18.120805369127517	0.18726975802056875	0.11142155067427185	0.12657472308807244	0.02656717212841859	0.16304739459505208
18.456375838926174	0.1872697576858954	0.11142155035804015	0.126574722805438	0.02656717202320255	0.1630473942084311
18.79194630872483	0.18726975741809898	0.1114215501041925	0.12657472257837507	0.026567171938871443	0.16304739389871423
19.12751677852349	0.18726975721717948	0.11142154991272886	0.12657472240688367	0.026567171875425264	0.1630473936659015
19.46308724832215	0.18726975708313687	0.11142154978364927	0.12657472229096378	0.02656717183286401	0.16304739350999292
19.798657718120808	0.1872697570159712	0.11142154971695371	0.1265747222306154	0.02656717181118769	0.16304739343098845
20.134228187919465	0.18726975701568244	0.11142154971264219	0.12657472222583854	0.026567171810396296	0.1630473934288881
20.469798657718123	0.1872697570822706	0.1114215497707147	0.1265747222766332	0.02656717183048983	0.1630473935036919
20.80536912751678	0.18726975713817814	0.11142154981952855	0.12657472231934375	0.026567171847370577	0.163047393566521
21.140939597315437	0.18726975710083094	0.11142154978280693	0.12657472228619712	0.026567171835382094	0.16304739352274764
21.476510067114095	0.18726975708122606	0.11142154976308195	0.12657472226829464	0.026567171829012057	0.16304739349957154
21.812080536912752	0.18726975707936358	0.11142154976035365	0.12657472226563632	0.02656717182826046	0.16304739349699268
22.14765100671141	0.18726975709524346	0.11142154977462199	0.12657472227822214	0.026567171833127314	0.1630473935150111
22.483221476510067	0.1872697571288657	0.11142154980588699	0.1265747223060521	0.026567171843612607	0.1630473935536268
22.818791946308725	0.1872697571802303	0.11142154985414865	0.12657472234912623	0.02656717185971635	0.16304739361283974
23.154362416107382	0.18726975724933728	0.11142154991940698	0.1265747224074445	0.026567171881438534	0.16304739369264992
23.48993288590604	0.18726975728817155	0.11142154995289205	0.12657472243664514	0.026567171893099907	0.16304739373609278
23.8255033557047	0.1872697573115358	0.11142154997560735	0.12657472245709275	0.02656717190055533	0.1630473937633634
24.161073825503358	0.18726975733490006	0.11142154999832267	0.12657472247754037	0.026567171908010747	0.16304739379063404
24.496644295302016	0.1872697573582643	0.11142155002103797	0.126574722497988	0.02656717191546617	0.16304739381790465
24.832214765100673	0.18726975738162854	0.11142155004375329	0.12657472251843563	0.02656717192292159	0.16304739384517528
25.16778523489933	0.1872697574049928	0.11142155006646859	0.12657472253888324	0.026567171930377012	0.1630473938724459
25.503355704697988	0.18726975742835705	0.1114215500891839	0.12657472255933086	0.026567171937832434	0.16304739389971654
25.838926174496645	0.1872697574517213	0.1114215501118992	0.1265747225797785	0.026567171945287855	0.16304739392698714
26.174496644295303	0.1872697574625871	0.11142155012246203	0.12657472258928654	0.02656717194875484	0.16304739393966916
26.51006711409396	0.18726975746334945	0.11142155012320114	0.12657472258995137	0.026567171948997693	0.16304739394055814
26.845637583892618	0.1872697574641118	0.11142155012394024	0.1265747225906162	0.026567171949240548	0.16304739394144713
27.181208053691275	0.18726975746487418	0.11142155012467934	0.126574722591281	0.026567171949483402	0.1630473939423361
27.516778523489933	0.18726975746563654	0.11142155012541845	0.12657472259194583	0.026567171949726257	0.1630473939432251
27.85234899328859	0.1872697574663989	0.11142155012615754	0.12657472259261066	0.02656717194996911	0.16304739394411408
28.18791946308725	0.18726975746716126	0.11142155012689664	0.12657472259327546	0.026567171950211965	0.16304739394500306
28.52348993288591	0.18726975746792363	0.11142155012763574	0.1265747225939403	0.026567171950454816	0.16304739394589204
28.859060402684566	0.187269757468686	0.11142155012837485	0.12657472259460512	0.02656717195069767	0.16304739394678103
29.194630872483224	0.18726975746944835	0.11142155012911395	0.12657472259526992	0.026567171950940525	0.16304739394767
29.53020134228188	0.1872697574702107	0.11142155012985305	0.12657472259593475	0.02656717195118338	0.16304739394855902
29.86577181208054	0.18726975747097308	0.11142155013059216	0.12657472259659958	0.026567171951426233	0.163047393949448
30.201342281879196	0.18726975747173544	0.11142155013133126	0.12657472259726438	0.026567171951669088	0.163047393950337
30.536912751677853	0.1872697574724978	0.11142155013207036	0.1265747225979292	0.026567171951911942	0.16304739395122597
30.87248322147651	0.18726975747326016	0.11142155013280947	0.12657472259859404	0.026567171952154797	0.16304739395211496
31.20805369127517	0.18726975747402252	0.11142155013354857	0.12657472259925884	0.026567171952397647	0.16304739395300394
31.543624161073826	0.1872697574747849	0.11142155013428767	0.12657472259992367	0.026567171952640502	0.16304739395389292
31.879194630872483	0.18726975747554725	0.11142155013502678	0.12657472260058847	0.026567171952883356	0.1630473939547819
32.214765100671144	0.1872697574763096	0.11142155013576588	0.1265747226012533	0.02656717195312621	0.1630473939556709
32.5503355704698	0.18726975747707197	0.11142155013650497	0.12657472260191813	0.026567171953369065	0.16304739395655987
32.88590604026846	0.18726975747783434	0.11142155013724407	0.12657472260258293	0.02656717195361192	0.16304739395744888
33.22147651006711	0.1872697574785967	0.11142155013798317	0.12657472260324776	0.026567171953854773	0.16304739395833787
