NON $ % + - . 0 1 2 3 4
#NON	UbcH10	CycA	CycB	p27	E2F	cdh1	Rb	Cdc20	CycD	CycE
0.0	0.2842102489511471	0.031247693907964336	0.1417490007508354	0.5192164959210975	0.9141787141787295	0.12588952874941906	0.8086109953078277	0.40315269511414	0.7828328124190757	0.46619470853382594
0.20080321285140562	0.2099286774395085	0.10965108847444627	0.3024430156739122	0.3619399400730769	0.7210062281301269	0.31317022329475286	0.674494334341913	0.3304591007991137	0.600031929913124	0.3401038716142434
0.40160642570281124	0.16381717056275863	0.14785371241193337	0.38913319009515396	0.2594788098472511	0.6021134520635005	0.43595729392477384	0.6072480921315769	0.30242223956134867	0.476407835722611	0.26008217792364713
0.6024096385542168	0.13317826912269856	0.16530225812816898	0.4361079127334304	0.19246106073090388	0.5313802656832926	0.5187619479840679	0.5787623643404273	0.29230576813374337	0.391597081014698	0.2087228498142209
0.8032128514056225	0.11200288617053483	0.17216908436924114	0.4609089108186899	0.1482106078287221	0.48946583643701624	0.5754287218719493	0.5716759703238856	0.2894707320764542	0.3325902169631582	0.1754920766348127
1.0040160642570282	0.09694048046639397	0.17388287439893618	0.4733424795758865	0.11863495132765212	0.46446652372228053	0.6146110146541383	0.5754872247142016	0.28934789572165953	0.2909914076040345	0.15385907459835732
1.2048192771084336	0.08598305624665276	0.17328672818214555	0.4790009468237422	0.09859897251638876	0.4493725571870318	0.6419205248862213	0.5840569337724977	0.29000828994532474	0.26131429514513466	0.1397013567441367
1.4056224899598393	0.07786861326776257	0.17181905396916228	0.4810690319344225	0.08483940502119927	0.4401136850947931	0.661075933340787	0.5939786037468168	0.29070341848376513	0.2399220676057435	0.1303866134292339
1.606425702811245	0.07177394878919707	0.1701701217631756	0.4813372915621059	0.07526807846681155	0.43433019494905123	0.6745800355642081	0.6035097781852867	0.29120040174078105	0.2243664677533114	0.12422289176854978
1.8072289156626506	0.06714494657813164	0.16864241879682937	0.4807897416077667	0.06853362752789327	0.4306467306641076	0.6841381831487486	0.6118802241068498	0.29147533157052224	0.2129732530348109	0.12011826608274827
2.0080321285140563	0.0635983041945162	0.16734459504680044	0.47994809912306247	0.06374892262143719	0.42825378816799387	0.6909243178597473	0.618856505764315	0.2915751362994005	0.2045799576617019	0.1173658104550284
2.208835341365462	0.06086249389990524	0.16629362498174624	0.4790734251959723	0.060322260388588955	0.4266686809726585	0.6957535688742041	0.6244782725366773	0.2915591728866809	0.1983680295389086	0.11550632339538272
2.4096385542168672	0.05874117280759281	0.16546722262738542	0.4782834254567986	0.05785257317915447	0.42559913748692574	0.6991960233895703	0.6289058647883654	0.2914777921349173	0.19375384266375456	0.1142403269839475
2.610441767068273	0.05708985351033386	0.1648297853464877	0.47761986915033366	0.056063833905179376	0.4248651140861324	0.7016527701620442	0.6323371841522992	0.29136713404797027	0.1903167833767476	0.11337156110149292
2.8112449799196786	0.055800636180036174	0.16434450127641717	0.4770866294448136	0.054763468732030744	0.4243536451229209	0.7034073467774767	0.6349658661012396	0.2912503144183592	0.1877509954519245	0.11277067560324343
3.0120481927710845	0.05479195902612365	0.16397841872808938	0.4766706119219785	0.05381554070143922	0.4239924766006682	0.7046609539568771	0.6369629041433654	0.29114051490125176	0.18583242854641802	0.11235185631850306
3.21285140562249	0.0540015647427686	0.16370404302540703	0.4763527989550792	0.053123171550280276	0.4237345138986169	0.7055567617266677	0.638470939207426	0.29104411867799573	0.1843960016148074	0.1120577718737663
3.4136546184738954	0.053381558091675094	0.1634993504561327	0.47611375780364923	0.05261678144629311	0.4235484796208386	0.7061968631080788	0.6396047771864439	0.29096323824382503	0.18331951561065737	0.1118498242135336
3.6144578313253013	0.05289486731308662	0.16334714567541941	0.4759360840575168	0.052246094271349894	0.42341323438811534	0.7066541638673698	0.6404546542532107	0.2908975398437353	0.18251218737751546	0.11170182192703176
3.8152610441767068	0.052512663749644715	0.16323423126337389	0.4758052364115739	0.051974614579391475	0.42331425831761854	0.7069807740096815	0.6410903366837335	0.2908454559772132	0.18190638579637897	0.11159584990818923
4.016064257028113	0.0522124480700386	0.16315059722096034	0.47570957524209634	0.051775754558763466	0.42324142947917526	0.7072139644722308	0.6415651412983656	0.2908049387167536	0.18145161430716553	0.11151955313511455
4.216867469879518	0.05197661616715458	0.1630887138233181	0.4756400436181602	0.05163009825342627	0.4231876048629429	0.7073803924383623	0.6419194810380865	0.2907738900592183	0.1811101126803647	0.11146434857888629
4.417670682730924	0.051791367975248526	0.16304295223959187	0.4755897410248809	0.051523440006932375	0.4231476841337267	0.7074991255990463	0.6421837982291155	0.290750385544049	0.1808536084649685	0.11142422649603108
4.618473895582329	0.051645872009424554	0.16300912238665935	0.4755534876827866	0.051445374375726084	0.4231179929493472	0.7075837974490065	0.642380930706943	0.2907327695345072	0.18066091499071152	0.11139495072549539
4.8192771084337345	0.05153161617945354	0.16298411346753064	0.47552744028821786	0.05138826659855695	0.42309585843978087	0.7076441634791989	0.6425279671440726	0.2907196772212193	0.18051613364254304	0.11137351055681839
5.020080321285141	0.05144191190983947	0.16296562248815388	0.4755087710304553	0.051346521340453186	0.42307933015659976	0.707687185795739	0.6426376633381033	0.2907100141287249	0.18040734194111474	0.11135776086147493
5.220883534136546	0.051371499806396895	0.16295194661006712	0.4754954164086084	0.051316032070948155	0.42306697222386164	0.7077178391637815	0.6427195287051253	0.2907029236082007	0.18032558785693942	0.11134615969170346
5.421686746987952	0.05131624407708178	0.1629418280682539	0.4754858794122317	0.05129378500261515	0.4230577223712482	0.7077396766412181	0.642780646770904	0.2906977466662403	0.18026414787517311	0.11133759283919963
5.622489959839357	0.05127289358746332	0.1629343380363997	0.47547907705327047	0.051277570741861504	0.4230507952162921	0.7077552305407381	0.6428262952731484	0.29069398288568926	0.18021797415384164	0.11133125406510565
5.823293172690763	0.05123889102440769	0.16292879046709405	0.47547422995678384	0.051265766579772984	0.4230456041788193	0.7077663110734564	0.6428604060389762	0.29069125648681976	0.1801832703701778	0.11132655412218012
6.024096385542169	0.05121222658826023	0.1629246792219901	0.4754707784186077	0.05125718394412566	0.4230417122276318	0.7077742069637262	0.6428859073498863	0.290689287288758	0.18015718547662513	0.11132306325384198
6.224899598393574	0.05119132192765321	0.16292163079616045	0.4754683215281167	0.051250954046690916	0.42303879518434073	0.7077798328984267	0.642904980585973	0.29068786843932587	0.1801375802933096	0.11132046788836418
6.42570281124498	0.05117493653801933	0.1629193689808043	0.4754665731997171	0.05124643952229504	0.42303660935832804	0.7077838427515929	0.6429192522465148	0.29068684847304327	0.18012284514088653	0.11131853594715634
6.626506024096385	0.05116209594387695	0.16291768999534173	0.4754653297346934	0.05124317349272708	0.4230349702595256	0.7077867035256654	0.6429299341602921	0.29068611654831794	0.18011176935435239	0.11131709556023778
6.827309236947791	0.05115203540929151	0.16291644311957296	0.4754644449431486	0.05124081586091713	0.4230337417009441	0.707788745236479	0.6429379326953134	0.29068559190846954	0.18010344467055325	0.11131602132582846
7.028112449799197	0.0511441546724375	0.1629155161865037	0.47546381485177525	0.05123911794095735	0.42303282265349695	0.7077902032662473	0.6429439255231396	0.29068521665120134	0.18009718793940888	0.11131521974392274
7.228915662650603	0.05113798220251314	0.16291482673809962	0.4754633664908271	0.05123789767943066	0.42303213411200224	0.7077912466532853	0.6429484155147362	0.2906849483615783	0.18009248456860066	0.11131462039446363
7.429718875502008	0.05113314862341606	0.16291431429381126	0.47546304718994997	0.051237023388253304	0.42303161750443674	0.7077919940885586	0.6429517799556816	0.29068475632426694	0.18008894929141878	0.11131417250259468
7.6305220883534135	0.051129364204399695	0.16291393288107264	0.47546281921790023	0.051236399100014984	0.42303123169765167	0.7077925298980623	0.6429543035275338	0.2906846192864837	0.1800862922188226	0.11131383796082471
7.831325301204819	0.05112640165507404	0.1629136483532414	0.4754626564630605	0.05123595483236324	0.4230309443057546	0.7077929147320973	0.6429561964584687	0.2906845217132743	0.18008429508751803	0.11131358752955427
8.032128514056225	0.05112408261574777	0.16291343642577355	0.4754625404642821	0.05123563980671564	0.4230307285618468	0.7077931921387466	0.6429576148653573	0.2906844518154448	0.18008279371329813	0.11131339978085499
8.23293172690763	0.05112226787000792	0.16291327935233202	0.47546245735185844	0.0512354177431902	0.4230305662318416	0.7077933923423051	0.6429586787028836	0.29068440158806896	0.18008166558087915	0.11131325986178447
8.433734939759036	0.051120847630929986	0.16291316169646264	0.4754623975785342	0.051235261866886664	0.4230304467950627	0.707793537058579	0.6429594785872219	0.29068436610478454	0.1800808174408905	0.11131315505742029
8.634538152610443	0.051119736371980126	0.162913073686184	0.47546235483467997	0.05123515316308633	0.4230303573271287	0.7077936420722853	0.6429600776195471	0.29068434064014226	0.18008017995736486	0.11131307625508328
8.835341365461847	0.05111886695600527	0.16291300836197575	0.47546232400137084	0.05123507794925959	0.42303029042984386	0.7077937185770489	0.6429605275818041	0.29068432237257297	0.18007970081294147	0.11131301750827637
9.036144578313253	0.0511181868213885	0.16291295943847492	0.4754623017577756	0.05123502635301431	0.4230302409280752	0.7077937744205716	0.6429608653741377	0.2906843093442668	0.18007934066052822	0.11131297343057733
9.236947791164658	0.051117654922610466	0.1629129229749811	0.4754622856765103	0.051234991370070114	0.42303020383603135	0.7077938153569237	0.6429611186519572	0.2906842999549008	0.1800790700444583	0.1113129404512845
9.437751004016064	0.05111723898831509	0.16291289582772975	0.47546227400328056	0.05123496798061553	0.423030176358614	0.7077938454836232	0.6429613089146627	0.29068429321926254	0.18007886670474849	0.11131291582275157
9.638554216867469	0.05111691365000018	0.16291287549235645	0.47546226550019444	0.05123495258489239	0.42303015595538557	0.7077938677451009	0.6429614517355324	0.29068428836743987	0.18007871381569	0.11131289734479803
9.839357429718875	0.05111665919033171	0.16291286030229557	0.4754622592845333	0.05123494268978909	0.42303014074530554	0.7077938842650656	0.642961558951445	0.2906842848579819	0.18007859886744093	0.1113128835134284
10.040160642570282	0.051116459311013704	0.16291284889247265	0.475462254695669	0.05123493645504276	0.4230301294137649	0.7077938966513126	0.6429616399605506	0.2906842822999127	0.18007851194983995	0.11131287310402307
10.240963855421686	0.05111630328004119	0.16291284039018006	0.47546225133381614	0.05123493280300474	0.4230301210516991	0.707793905878815	0.642961700606259	0.29068428045322353	0.1800784468041952	0.11131286533591243
10.441767068273093	0.05111618146422796	0.16291283405249762	0.47546224885794847	0.05123493083815652	0.42303011487159	0.7077939127885386	0.642961746024188	0.29068427911412414	0.18007839795564073	0.11131285953926892
10.642570281124497	0.05111608526643846	0.16291282926469874	0.47546224700316286	0.05123492991707006	0.42303011024550324	0.7077939180494252	0.642961780502826	0.29068427812660075	0.18007836083257658	0.11131285515624954
10.843373493975903	0.051116010045474336	0.16291282571466847	0.4754622456426325	0.051234929757535255	0.42303010685559955	0.707793921988015	0.6429618062272301	0.29068427741688496	0.18007833309866497	0.1113128519025459
11.04417670682731	0.05111595387154598	0.16291282326938977	0.47546224472041976	0.05123493023253807	0.4230301045668536	0.7077939247470088	0.6429618241225663	0.29068427695229004	0.1800783137650516	0.11131284965741971
11.244979919678714	0.051115909393225155	0.16291282142210364	0.47546224402339576	0.05123493085811209	0.4230301028648604	0.7077939268700961	0.6429618377133993	0.29068427660827395	0.18007829906454542	0.11131284796089545
11.44578313253012	0.051115875680705594	0.1629128201100194	0.4754622435252661	0.051234931577120925	0.42303010168605487	0.7077939284247222	0.6429618474368853	0.29068427636955124	0.1800782885296348	0.11131284675596372
11.646586345381525	0.05111584892021399	0.16291281909393407	0.47546224312749535	0.05123493221254561	0.4230301007907686	0.7077939296689489	0.6429618549646956	0.29068427617999165	0.18007828036880813	0.11131284582522351
11.847389558232932	0.05111582769166998	0.16291281828477916	0.4754622427933932	0.05123493269847214	0.42303010008975966	0.7077939306988668	0.6429618609192863	0.2906842760186947	0.18007827391498576	0.11131284508772431
12.048192771084338	0.05111581096891793	0.16291281764229443	0.47546224251277286	0.05123493305965546	0.4230300995424093	0.7077939315498132	0.6429618656057831	0.29068427588137014	0.18007826883631073	0.11131284450556252
12.248995983935743	0.05111579743512524	0.1629128171148151	0.47546224227256173	0.05123493332786282	0.4230300990965924	0.7077939322671358	0.6429618694157437	0.2906842757625126	0.18007826470692162	0.11131284403009767
12.449799196787149	0.051115786865093084	0.16291281669676905	0.4754622420726063	0.05123493351675338	0.4230300987462303	0.7077939328543584	0.6429618723998686	0.29068427566249744	0.18007826147135908	0.11131284365573278
12.650602409638553	0.05111577833521557	0.16291281636560537	0.47546224191246955	0.05123493368310903	0.4230300984666554	0.7077939333255412	0.642961874764588	0.2906842755829865	0.18007825890377613	0.11131284335976509
12.85140562248996	0.051115771716941295	0.16291281611778938	0.4754622417916723	0.05123493383354907	0.42303009825424887	0.7077939336835851	0.6429618765409921	0.2906842755239372	0.18007825697042376	0.11131284313871291
13.052208835341366	0.05111576645306489	0.16291281593125667	0.47546224170101015	0.05123493397489589	0.4230300980901697	0.707793933957141	0.6429618779040116	0.29068427548050296	0.1800782554855895	0.11131284297200392
13.25301204819277	0.05111576231874104	0.1629128157971037	0.47546224163676903	0.051234934109902465	0.4230300979668152	0.7077939341577697	0.642961878924235	0.29068427545072795	0.18007825437433408	0.11131284285133668
13.453815261044177	0.05111575910779829	0.16291281570342467	0.4754622415923847	0.051234934233993196	0.4230300978776396	0.707793934302839	0.6429618796770884	0.29068427543088343	0.18007825355630294	0.11131284276621203
13.654618473895582	0.05111575653422363	0.16291281563370322	0.4754622415587507	0.05123493434082054	0.4230300978135625	0.707793934416442	0.6429618802672075	0.29068427541579667	0.18007825292002366	0.11131284270206485
13.855421686746988	0.05111575454944156	0.16291281558491078	0.4754622415345275	0.051234934430387756	0.42303009777288697	0.7077939345019247	0.6429618807089089	0.2906842754048018	0.18007825244894346	0.11131284265633846
14.056224899598394	0.051115752950401376	0.1629128155443508	0.47546224151414895	0.05123493450288692	0.4230300977484948	0.7077939345731497	0.6429618810614678	0.29068427539515007	0.1800782520742625	0.11131284261833198
14.257028112449799	0.051115751708540026	0.16291281551037146	0.4754622414969269	0.0512349345585765	0.4230300977391258	0.707793934631836	0.642961881332701	0.29068427538652675	0.1800782517867367	0.11131284258666445
14.457831325301205	0.05111575071853461	0.16291281547921582	0.47546224148196903	0.05123493460243731	0.42303009773562866	0.7077939346803023	0.6429618815423649	0.29068427537902264	0.18007825155983107	0.11131284255840801
14.65863453815261	0.05111574993814915	0.1629128154493774	0.4754622414689176	0.05123493463646673	0.4230300977343336	0.7077939347194783	0.6429618816983815	0.290684275372674	0.18007825138290473	0.11131284253238852
14.859437751004016	0.05111574932927477	0.162912815422229	0.4754622414578092	0.051234934662934044	0.42303009773047173	0.7077939347502197	0.642961881810271	0.29068427536764097	0.18007825124717372	0.11131284250966367
15.060240963855422	0.05111574884156496	0.16291281539958438	0.47546224144869204	0.051234934684837266	0.42303009771774297	0.7077939347736572	0.6429618818906107	0.29068427536413516	0.18007825114103332	0.11131284249163083
15.261044176706827	0.051115748465478256	0.16291281538221344	0.47546224144152466	0.05123493470257321	0.42303009769679206	0.7077939347905393	0.642961881943779	0.29068427536203484	0.18007825106203088	0.11131284247873173
15.461847389558233	0.05111574816260346	0.16291281537325933	0.47546224143613436	0.051234934717721795	0.4230300976704025	0.707793934803933	0.6429618819876083	0.2906842753608332	0.18007825100026698	0.11131284247276284
15.662650602409638	0.0511157479276805	0.16291281537294636	0.47546224143248295	0.05123493473048015	0.42303009763946153	0.7077939348142734	0.6429618820244761	0.29068427536043756	0.18007825095437724	0.11131284247378344
15.863453815261044	0.051115747740054576	0.16291281537904212	0.4754622414301969	0.05123493474133194	0.42303009761509824	0.707793934823494	0.6429618820627515	0.2906842753601315	0.18007825091887383	0.11131284247920586
16.06425702811245	0.05111574759185026	0.16291281539069552	0.47546224142913385	0.05123493475046159	0.423030097601556	0.7077939348323319	0.6429618821056253	0.29068427535964186	0.18007825089166424	0.11131284248804343
16.265060240963855	0.051115747383520274	0.16291281538084745	0.47546224142497034	0.05123493476132923	0.42303009756724386	0.7077939348391177	0.6429618821196135	0.2906842753596604	0.18007825085093912	0.11131284248253424
16.46586345381526	0.051115747193706845	0.16291281537087454	0.4754622414211219	0.05123493477120137	0.42303009753711857	0.7077939348451703	0.6429618821311682	0.29068427535964064	0.1800782508139278	0.11131284247671017
16.666666666666668	0.051115747028035945	0.16291281536230606	0.47546224141783294	0.05123493477988244	0.42303009751296555	0.7077939348505841	0.6429618821421822	0.29068427535954344	0.1800782507818629	0.11131284247157507
16.867469879518072	0.051115746886507586	0.162912815355142	0.4754622414151034	0.05123493478737244	0.4230300974947849	0.707793934855359	0.6429618821526552	0.2906842753593688	0.18007825075474443	0.11131284246712891
17.068273092369477	0.051115746769121756	0.16291281534938234	0.4754622414129333	0.05123493479367138	0.4230300974825764	0.7077939348594952	0.6429618821625873	0.29068427535911673	0.18007825073257233	0.11131284246337171
17.269076305220885	0.05111574667587846	0.16291281534502713	0.47546224141132265	0.05123493479877925	0.4230300974763402	0.7077939348629925	0.6429618821719785	0.29068427535878727	0.18007825071534664	0.11131284246030347
17.46987951807229	0.0511157466067777	0.16291281534207633	0.4754622414102714	0.05123493480269605	0.4230300974760763	0.707793934865851	0.6429618821808288	0.2906842753583803	0.18007825070306735	0.1113128424579242
17.670682730923694	0.051115746561819476	0.16291281534052998	0.4754622414097796	0.051234934805421795	0.42303009748178466	0.7077939348680706	0.6429618821891383	0.290684275357896	0.18007825069573447	0.11131284245623388
17.8714859437751	0.05111574654100378	0.162912815340388	0.4754622414098472	0.05123493480695646	0.42303009749346526	0.7077939348696515	0.6429618821969069	0.2906842753573342	0.18007825069334796	0.11131284245523253
18.072289156626507	0.051115746544330626	0.1629128153416505	0.47546224141047433	0.05123493480730007	0.42303009751111814	0.7077939348705935	0.6429618822041344	0.290684275356695	0.18007825069590788	0.11131284245492012
18.27309236947791	0.0511157465718	0.1629128153443174	0.4754622414116608	0.05123493480645261	0.42303009753474335	0.7077939348708967	0.6429618822108212	0.29068427535597835	0.1800782507034142	0.11131284245529667
18.473895582329316	0.05111574662341191	0.16291281534838872	0.47546224141340676	0.05123493480441408	0.4230300975643408	0.7077939348705611	0.642961882216967	0.2906842753551843	0.18007825071586694	0.1113128424563622
18.674698795180724	0.051115746692124	0.1629128153534319	0.4754622414155337	0.0512349348015183	0.4230300975976882	0.7077939348697452	0.6429618822225267	0.2906842753543532	0.18007825073177552	0.11131284245793313
18.87550200803213	0.051115746666603894	0.16291281535260896	0.47546224141522025	0.051234934803042434	0.4230300975996547	0.7077939348709562	0.642961882226783	0.2906842753541233	0.1800782507275763	0.11131284245710811
19.076305220883533	0.05111574664731385	0.16291281535209026	0.47546224141501225	0.05123493480422455	0.4230300976019412	0.7077939348719318	0.6429618822303829	0.2906842753539186	0.18007825072453226	0.11131284245650523
19.277108433734938	0.051115746634253875	0.1629128153518758	0.4754622414149098	0.05123493480506466	0.4230300976045477	0.707793934872672	0.6429618822333265	0.2906842753537392	0.1800782507226434	0.1113128424561245
19.477911646586346	0.051115746627423964	0.16291281535196556	0.47546224141491283	0.05123493480556276	0.4230300976074741	0.7077939348731767	0.6429618822356139	0.2906842753535851	0.18007825072190978	0.11131284245596591
19.67871485943775	0.051115746626824124	0.16291281535235957	0.47546224141502136	0.051234934805718835	0.4230300976107205	0.7077939348734459	0.642961882237245	0.2906842753534562	0.1800782507223313	0.11131284245602947
19.879518072289155	0.05111574663245435	0.16291281535305782	0.4754622414152354	0.05123493480553291	0.4230300976142869	0.7077939348734796	0.6429618822382198	0.29068427535335256	0.18007825072390804	0.11131284245631518
20.080321285140563	0.05111574664431465	0.16291281535406033	0.475462241415555	0.05123493480500497	0.4230300976181733	0.707793934873278	0.6429618822385383	0.29068427535327424	0.18007825072664	0.11131284245682303
20.281124497991968	0.051115746662405	0.16291281535536706	0.47546224141598004	0.05123493480413501	0.42303009762237964	0.7077939348728409	0.6429618822382007	0.29068427535322117	0.18007825073052713	0.11131284245755303
20.481927710843372	0.05111574668672543	0.16291281535697802	0.47546224141651056	0.05123493480292304	0.42303009762690597	0.7077939348721684	0.6429618822372066	0.2906842753531933	0.18007825073556943	0.11131284245850517
20.68273092369478	0.05111574671727593	0.16291281535889324	0.4754622414171466	0.051234934801369064	0.42303009763175226	0.7077939348712603	0.6429618822355564	0.29068427535319075	0.18007825074176698	0.11131284245967947
20.883534136546185	0.05111574675405649	0.16291281536111268	0.4754622414178882	0.051234934799473074	0.4230300976369185	0.7077939348701169	0.6429618822332499	0.29068427535321345	0.18007825074911968	0.11131284246107592
21.08433734939759	0.05111574679706712	0.1629128153636364	0.4754622414187352	0.05123493479723507	0.42303009764240473	0.707793934868738	0.642961882230287	0.2906842753532614	0.1800782507576276	0.1113128424626945
21.285140562248994	0.051115746832595836	0.16291281536869615	0.47546224142019056	0.05123493479634562	0.4230300976667884	0.7077939348691318	0.6429618822373167	0.29068427535255115	0.18007825076844122	0.11131284246486793
21.485943775100402	0.05111574684527261	0.16291281536903343	0.4754622414203453	0.05123493479554495	0.423030097666031	0.7077939348685373	0.6429618822353124	0.290684275352653	0.1800782507704271	0.11131284246520523
21.686746987951807	0.051115746857949396	0.16291281536937072	0.4754622414205001	0.05123493479474429	0.4230300976652736	0.7077939348679426	0.6429618822333082	0.2906842753527548	0.180078250772413	0.11131284246554253
21.88755020080321	0.05111574687062617	0.16291281536970798	0.47546224142065485	0.05123493479394362	0.4230300976645162	0.7077939348673481	0.642961882231304	0.2906842753528567	0.18007825077439887	0.11131284246587983
22.08835341365462	0.05111574688330295	0.16291281537004526	0.4754622414208096	0.05123493479314296	0.4230300976637588	0.7077939348667535	0.6429618822292997	0.2906842753529585	0.18007825077638473	0.11131284246621713
22.289156626506024	0.051115746895979725	0.16291281537038255	0.4754622414209644	0.05123493479234229	0.4230300976630014	0.7077939348661589	0.6429618822272956	0.29068427535306035	0.1800782507783706	0.11131284246655443
22.48995983935743	0.0511157469086565	0.16291281537071983	0.47546224142111915	0.05123493479154163	0.42303009766224403	0.7077939348655644	0.6429618822252913	0.29068427535316216	0.1800782507803565	0.11131284246689174
22.690763052208837	0.05111574692133328	0.16291281537105712	0.4754622414212739	0.05123493479074096	0.42303009766148664	0.7077939348649698	0.6429618822232871	0.29068427535326397	0.18007825078234238	0.11131284246722904
22.89156626506024	0.05111574693401005	0.16291281537139438	0.4754622414214287	0.05123493478994029	0.42303009766072924	0.7077939348643753	0.6429618822212828	0.29068427535336583	0.18007825078432826	0.11131284246756634
23.092369477911646	0.05111574694668684	0.16291281537173166	0.47546224142158344	0.051234934789139625	0.42303009765997185	0.7077939348637806	0.6429618822192786	0.29068427535346764	0.18007825078631415	0.11131284246790364
23.29317269076305	0.05111574695936361	0.16291281537206895	0.4754622414217382	0.05123493478833896	0.42303009765921445	0.7077939348631861	0.6429618822172745	0.2906842753535695	0.1800782507883	0.11131284246824094
23.49397590361446	0.05111574697204039	0.16291281537240623	0.4754622414218929	0.051234934787538294	0.42303009765845706	0.7077939348625916	0.6429618822152702	0.2906842753536713	0.1800782507902859	0.11131284246857824
23.694779116465863	0.051115746984717166	0.16291281537274352	0.4754622414220477	0.05123493478673763	0.42303009765769967	0.7077939348619969	0.642961882213266	0.29068427535377317	0.18007825079227177	0.11131284246891554
23.895582329317268	0.051115746993742356	0.16291281537298247	0.4754622414221579	0.0512349347861672	0.4230300976571647	0.7077939348615738	0.642961882211842	0.2906842753538455	0.18007825079368325	0.11131284246915439
24.096385542168676	0.051115746994128755	0.16291281537298877	0.47546224142216287	0.05123493478614142	0.42303009765715593	0.7077939348615558	0.642961882211791	0.290684275353848	0.18007825079373582	0.11131284246916034
24.29718875502008	0.05111574699451515	0.1629128153729951	0.47546224142216775	0.05123493478611565	0.42303009765714716	0.707793934861538	0.6429618822117399	0.29068427535385055	0.1800782507937884	0.1113128424691663
24.497991967871485	0.05111574699490155	0.1629128153730014	0.4754622414221727	0.05123493478608988	0.42303009765713845	0.7077939348615201	0.6429618822116888	0.29068427535385305	0.18007825079384096	0.11131284246917225
24.698795180722893	0.05111574699528794	0.1629128153730077	0.47546224142217763	0.051234934786064106	0.4230300976571297	0.7077939348615022	0.6429618822116376	0.2906842753538556	0.18007825079389353	0.1113128424691782
24.899598393574298	0.05111574699567433	0.16291281537301402	0.4754622414221825	0.05123493478603833	0.4230300976571209	0.7077939348614843	0.6429618822115866	0.29068427535385816	0.1800782507939461	0.11131284246918417
25.100401606425702	0.05111574699606073	0.16291281537302033	0.47546224142218746	0.051234934786012556	0.42303009765711214	0.7077939348614665	0.6429618822115355	0.29068427535386065	0.18007825079399867	0.11131284246919013
25.301204819277107	0.05111574699644712	0.16291281537302663	0.4754622414221924	0.051234934785986785	0.42303009765710337	0.7077939348614485	0.6429618822114844	0.2906842753538632	0.18007825079405124	0.11131284246919608
25.502008032128515	0.05111574699683352	0.16291281537303295	0.4754622414221973	0.051234934785961014	0.4230300976570946	0.7077939348614306	0.6429618822114334	0.2906842753538657	0.1800782507941038	0.11131284246920203
25.70281124497992	0.051115746997219914	0.16291281537303925	0.4754622414222022	0.051234934785935236	0.4230300976570858	0.7077939348614127	0.6429618822113823	0.29068427535386826	0.18007825079415637	0.11131284246920799
25.903614457831324	0.051115746997606314	0.16291281537304556	0.47546224142220717	0.051234934785909465	0.42303009765707705	0.7077939348613949	0.6429618822113312	0.29068427535387076	0.18007825079420894	0.11131284246921394
26.104417670682732	0.051115746997992706	0.16291281537305188	0.47546224142221205	0.051234934785883694	0.4230300976570683	0.707793934861377	0.6429618822112801	0.2906842753538733	0.1800782507942615	0.1113128424692199
26.305220883534137	0.0511157469983791	0.16291281537305818	0.475462241422217	0.05123493478585792	0.4230300976570595	0.7077939348613591	0.642961882211229	0.2906842753538758	0.18007825079431408	0.11131284246922585
26.50602409638554	0.0511157469987655	0.16291281537306448	0.47546224142222193	0.051234934785832145	0.42303009765705074	0.7077939348613411	0.6429618822111779	0.29068427535387836	0.18007825079436665	0.1113128424692318
26.706827309236946	0.05111574699915189	0.1629128153730708	0.4754622414222268	0.051234934785806374	0.423030097657042	0.7077939348613232	0.6429618822111268	0.29068427535388086	0.18007825079441922	0.11131284246923775
26.907630522088354	0.05111574699953829	0.1629128153730771	0.47546224142223176	0.0512349347857806	0.42303009765703325	0.7077939348613054	0.6429618822110758	0.2906842753538834	0.1800782507944718	0.11131284246924371
27.10843373493976	0.05111574699992468	0.1629128153730834	0.4754622414222367	0.05123493478575483	0.4230300976570245	0.7077939348612875	0.6429618822110247	0.2906842753538859	0.18007825079452436	0.11131284246924966
27.309236947791163	0.051115747000311074	0.16291281537308974	0.4754622414222416	0.051234934785729054	0.4230300976570157	0.7077939348612696	0.6429618822109736	0.29068427535388847	0.18007825079457693	0.11131284246925562
27.51004016064257	0.05111574700069747	0.16291281537309604	0.4754622414222465	0.05123493478570328	0.42303009765700694	0.7077939348612518	0.6429618822109225	0.290684275353891	0.1800782507946295	0.11131284246926157
27.710843373493976	0.051115747001083865	0.16291281537310234	0.47546224142225146	0.05123493478567751	0.42303009765699817	0.7077939348612339	0.6429618822108715	0.2906842753538935	0.18007825079468207	0.11131284246926752
27.91164658634538	0.051115747001470264	0.16291281537310867	0.47546224142225635	0.05123493478565174	0.4230300976569894	0.7077939348612159	0.6429618822108204	0.29068427535389607	0.18007825079473463	0.11131284246927348
28.11244979919679	0.05111574700185666	0.16291281537311497	0.4754622414222613	0.05123493478562596	0.42303009765698063	0.707793934861198	0.6429618822107692	0.29068427535389857	0.1800782507947872	0.11131284246927944
28.313253012048193	0.05111574700224305	0.16291281537312127	0.47546224142226623	0.05123493478560019	0.42303009765697186	0.7077939348611801	0.6429618822107181	0.2906842753539011	0.18007825079483977	0.1113128424692854
28.514056224899598	0.05111574700262945	0.1629128153731276	0.4754622414222711	0.05123493478557442	0.4230300976569631	0.7077939348611623	0.6429618822106671	0.2906842753539036	0.18007825079489234	0.11131284246929135
28.714859437751002	0.05111574700301584	0.1629128153731339	0.47546224142227606	0.05123493478554865	0.4230300976569544	0.7077939348611444	0.642961882210616	0.2906842753539062	0.1800782507949449	0.1113128424692973
28.91566265060241	0.05111574700340224	0.1629128153731402	0.47546224142228094	0.05123493478552287	0.4230300976569456	0.7077939348611265	0.6429618822105649	0.29068427535390867	0.18007825079499748	0.11131284246930326
29.116465863453815	0.05111574700378863	0.16291281537314653	0.4754622414222859	0.0512349347854971	0.42303009765693683	0.7077939348611085	0.6429618822105139	0.2906842753539112	0.18007825079505005	0.11131284246930921
29.31726907630522	0.051115747004175024	0.16291281537315283	0.4754622414222908	0.05123493478547133	0.42303009765692806	0.7077939348610907	0.6429618822104628	0.2906842753539137	0.18007825079510262	0.11131284246931517
29.518072289156628	0.051115747004561424	0.16291281537315913	0.4754622414222957	0.05123493478544556	0.4230300976569193	0.7077939348610728	0.6429618822104117	0.2906842753539163	0.18007825079515521	0.11131284246932112
29.718875502008032	0.051115747004947816	0.16291281537316546	0.47546224142230065	0.05123493478541978	0.4230300976569105	0.7077939348610549	0.6429618822103605	0.2906842753539188	0.18007825079520778	0.11131284246932707
29.919678714859437	0.051115747005334215	0.16291281537317176	0.4754622414223056	0.05123493478539401	0.42303009765690175	0.707793934861037	0.6429618822103095	0.29068427535392133	0.18007825079526035	0.11131284246933303
30.120481927710845	0.05111574700572061	0.16291281537317806	0.47546224142231047	0.05123493478536824	0.423030097656893	0.7077939348610192	0.6429618822102584	0.2906842753539238	0.18007825079531292	0.11131284246933898
30.32128514056225	0.051115747006107	0.1629128153731844	0.4754622414223154	0.05123493478534247	0.4230300976568842	0.7077939348610012	0.6429618822102073	0.2906842753539264	0.1800782507953655	0.11131284246934493
30.522088353413654	0.0511157470064934	0.1629128153731907	0.47546224142232035	0.05123493478531669	0.42303009765687544	0.7077939348609833	0.6429618822101563	0.29068427535392893	0.18007825079541806	0.11131284246935089
30.72289156626506	0.05111574700687979	0.162912815373197	0.47546224142232524	0.05123493478529092	0.42303009765686667	0.7077939348609654	0.6429618822101052	0.29068427535393143	0.18007825079547063	0.11131284246935684
30.923694779116467	0.05111574700726619	0.16291281537320332	0.4754622414223302	0.05123493478526515	0.42303009765685795	0.7077939348609475	0.6429618822100541	0.290684275353934	0.1800782507955232	0.1113128424693628
31.12449799196787	0.05111574700765258	0.16291281537320962	0.4754622414223351	0.051234934785239376	0.4230300976568492	0.7077939348609297	0.642961882210003	0.2906842753539365	0.18007825079557577	0.11131284246936876
31.325301204819276	0.05111574700803898	0.16291281537321592	0.47546224142234	0.0512349347852136	0.4230300976568404	0.7077939348609118	0.642961882209952	0.29068427535393904	0.18007825079562834	0.11131284246937471
31.526104417670684	0.051115747008425375	0.16291281537322225	0.47546224142234494	0.05123493478518783	0.42303009765683164	0.7077939348608938	0.6429618822099008	0.29068427535394153	0.1800782507956809	0.11131284246938067
31.72690763052209	0.05111574700881177	0.16291281537322855	0.4754622414223499	0.051234934785162056	0.42303009765682287	0.7077939348608759	0.6429618822098497	0.2906842753539441	0.18007825079573347	0.11131284246938662
31.927710843373493	0.051115747009198166	0.16291281537323485	0.47546224142235477	0.051234934785136285	0.4230300976568141	0.7077939348608581	0.6429618822097987	0.2906842753539466	0.18007825079578604	0.11131284246939258
32.1285140562249	0.05111574700958456	0.16291281537324118	0.4754622414223597	0.05123493478511051	0.4230300976568053	0.7077939348608402	0.6429618822097476	0.29068427535394914	0.1800782507958386	0.11131284246939853
32.329317269076306	0.05111574700997096	0.16291281537324748	0.47546224142236465	0.051234934785084736	0.42303009765679656	0.7077939348608223	0.6429618822096965	0.29068427535395164	0.18007825079589118	0.11131284246940448
32.53012048192771	0.05111574701035735	0.16291281537325378	0.47546224142236954	0.051234934785058965	0.4230300976567878	0.7077939348608044	0.6429618822096455	0.2906842753539542	0.18007825079594375	0.11131284246941044
32.730923694779115	0.05111574701074374	0.1629128153732601	0.4754622414223745	0.051234934785033194	0.423030097656779	0.7077939348607865	0.6429618822095944	0.2906842753539567	0.18007825079599632	0.11131284246941639
32.93172690763052	0.05111574701113014	0.1629128153732664	0.4754622414223794	0.051234934785007416	0.42303009765677024	0.7077939348607686	0.6429618822095433	0.29068427535395924	0.1800782507960489	0.11131284246942234
33.132530120481924	0.051115747011516534	0.1629128153732727	0.4754622414223843	0.051234934784981645	0.42303009765676153	0.7077939348607507	0.6429618822094921	0.29068427535396174	0.18007825079610146	0.1113128424694283
33.333333333333336	0.05111574701190293	0.16291281537327904	0.47546224142238924	0.051234934784955874	0.42303009765675276	0.7077939348607328	0.6429618822094411	0.2906842753539643	0.18007825079615403	0.11131284246943425
33.53413654618474	0.051115747012289325	0.16291281537328534	0.4754622414223942	0.0512349347849301	0.423030097656744	0.707793934860715	0.64296188220939	0.29068427535396685	0.1800782507962066	0.1113128424694402
33.734939759036145	0.05111574701267572	0.16291281537329164	0.47546224142239907	0.051234934784904325	0.4230300976567352	0.7077939348606971	0.6429618822093389	0.29068427535396935	0.18007825079625916	0.11131284246944616
33.93574297188755	0.05111574701306212	0.16291281537329796	0.475462241422404	0.051234934784878554	0.42303009765672644	0.7077939348606792	0.6429618822092878	0.2906842753539719	0.18007825079631173	0.11131284246945211
34.136546184738954	0.05111574701344851	0.16291281537330426	0.47546224142240895	0.05123493478485278	0.4230300976567177	0.7077939348606612	0.6429618822092368	0.2906842753539744	0.1800782507963643	0.11131284246945806
34.33734939759036	0.05111574701383491	0.16291281537331057	0.47546224142241383	0.05123493478482701	0.4230300976567089	0.7077939348606433	0.6429618822091857	0.29068427535397695	0.18007825079641687	0.11131284246946403
34.53815261044177	0.0511157470142213	0.1629128153733169	0.4754622414224188	0.051234934784801234	0.42303009765670013	0.7077939348606255	0.6429618822091346	0.29068427535397945	0.18007825079646944	0.11131284246946999
34.738955823293175	0.05111574701460769	0.1629128153733232	0.4754622414224237	0.05123493478477546	0.42303009765669136	0.7077939348606076	0.6429618822090836	0.290684275353982	0.180078250796522	0.11131284246947594
34.93975903614458	0.05111574701499409	0.1629128153733295	0.4754622414224286	0.05123493478474969	0.4230300976566826	0.7077939348605897	0.6429618822090324	0.2906842753539845	0.18007825079657458	0.11131284246948189
35.140562248995984	0.051115747015380485	0.16291281537333582	0.47546224142243354	0.05123493478472392	0.4230300976566739	0.7077939348605718	0.6429618822089813	0.29068427535398705	0.18007825079662715	0.11131284246948785
35.34136546184739	0.051115747015766884	0.16291281537334212	0.4754622414224385	0.05123493478469814	0.4230300976566651	0.7077939348605539	0.6429618822089302	0.29068427535398955	0.18007825079667975	0.1113128424694938
35.54216867469879	0.051115747016153276	0.16291281537334842	0.47546224142244337	0.05123493478467237	0.42303009765665633	0.707793934860536	0.6429618822088792	0.2906842753539921	0.18007825079673231	0.11131284246949975
35.7429718875502	0.05111574701653967	0.16291281537335475	0.4754622414224483	0.0512349347846466	0.42303009765664756	0.7077939348605181	0.6429618822088281	0.2906842753539946	0.18007825079678488	0.11131284246950571
35.94377510040161	0.05111574701692607	0.16291281537336105	0.47546224142245325	0.05123493478462083	0.4230300976566388	0.7077939348605002	0.642961882208777	0.29068427535399716	0.18007825079683745	0.11131284246951166
36.144578313253014	0.05111574701731246	0.16291281537336735	0.47546224142245813	0.05123493478459505	0.42303009765663	0.7077939348604824	0.642961882208726	0.29068427535399965	0.18007825079689002	0.11131284246951761
36.34538152610442	0.05111574701769886	0.16291281537337368	0.47546224142246307	0.05123493478456928	0.42303009765662125	0.7077939348604645	0.6429618822086749	0.2906842753540022	0.1800782507969426	0.11131284246952357
36.54618473895582	0.05111574701808525	0.16291281537337998	0.475462241422468	0.05123493478454351	0.4230300976566125	0.7077939348604465	0.6429618822086237	0.29068427535400476	0.18007825079699516	0.11131284246952952
36.74698795180723	0.05111574701847165	0.16291281537338628	0.4754622414224729	0.05123493478451774	0.4230300976566037	0.7077939348604286	0.6429618822085726	0.29068427535400726	0.18007825079704773	0.11131284246953548
36.94779116465863	0.05111574701885804	0.1629128153733926	0.47546224142247784	0.05123493478449196	0.42303009765659494	0.7077939348604108	0.6429618822085216	0.2906842753540098	0.1800782507971003	0.11131284246954143
37.14859437751004	0.051115747019244435	0.1629128153733989	0.4754622414224828	0.05123493478446619	0.42303009765658617	0.7077939348603929	0.6429618822084705	0.2906842753540123	0.18007825079715287	0.11131284246954738
37.34939759036145	0.051115747019630835	0.1629128153734052	0.47546224142248766	0.05123493478444042	0.42303009765657745	0.707793934860375	0.6429618822084194	0.29068427535401486	0.18007825079720544	0.11131284246955335
37.55020080321285	0.05111574702001723	0.16291281537341154	0.4754622414224926	0.05123493478441465	0.4230300976565687	0.7077939348603571	0.6429618822083684	0.29068427535401736	0.180078250797258	0.1113128424695593
37.75100401606426	0.051115747020403626	0.16291281537341784	0.47546224142249754	0.05123493478438887	0.4230300976565599	0.7077939348603391	0.6429618822083173	0.2906842753540199	0.18007825079731057	0.11131284246956526
37.95180722891566	0.05111574702079002	0.16291281537342414	0.47546224142250243	0.0512349347843631	0.42303009765655114	0.7077939348603213	0.6429618822082662	0.2906842753540224	0.18007825079736314	0.11131284246957121
38.15261044176707	0.05111574702117641	0.16291281537343047	0.47546224142250737	0.05123493478433733	0.42303009765654237	0.7077939348603034	0.6429618822082152	0.29068427535402497	0.1800782507974157	0.11131284246957716
38.35341365461847	0.05111574702156281	0.16291281537343677	0.4754622414225123	0.051234934784311556	0.4230300976565336	0.7077939348602855	0.642961882208164	0.29068427535402747	0.18007825079746828	0.11131284246958312
38.554216867469876	0.0511157470219492	0.16291281537344307	0.4754622414225172	0.05123493478428578	0.42303009765652483	0.7077939348602676	0.6429618822081129	0.29068427535403	0.18007825079752085	0.11131284246958907
38.75502008032129	0.0511157470223356	0.1629128153734494	0.47546224142252214	0.05123493478426001	0.42303009765651606	0.7077939348602498	0.6429618822080618	0.2906842753540325	0.18007825079757342	0.11131284246959502
38.95582329317269	0.051115747022721994	0.1629128153734557	0.4754622414225271	0.051234934784234236	0.4230300976565073	0.7077939348602319	0.6429618822080108	0.29068427535403507	0.180078250797626	0.11131284246960098
39.1566265060241	0.051115747023108386	0.162912815373462	0.47546224142253196	0.051234934784208465	0.4230300976564985	0.7077939348602139	0.6429618822079597	0.29068427535403757	0.18007825079767856	0.11131284246960693
39.3574297188755	0.051115747023494786	0.16291281537346833	0.4754622414225369	0.05123493478418269	0.42303009765648975	0.707793934860196	0.6429618822079086	0.2906842753540401	0.18007825079773113	0.11131284246961289
39.558232931726906	0.05111574702388118	0.16291281537347463	0.47546224142254184	0.051234934784156916	0.42303009765648103	0.7077939348601782	0.6429618822078575	0.2906842753540427	0.1800782507977837	0.11131284246961884
39.75903614457831	0.05111574702426758	0.16291281537348093	0.4754622414225467	0.051234934784131145	0.42303009765647226	0.7077939348601603	0.6429618822078065	0.2906842753540452	0.18007825079783626	0.11131284246962479
39.95983935742972	0.05111574702465397	0.16291281537348726	0.47546224142255167	0.051234934784105374	0.4230300976564635	0.7077939348601424	0.6429618822077553	0.2906842753540477	0.18007825079788883	0.11131284246963075
40.16064257028113	0.05111574702504036	0.16291281537349356	0.4754622414225566	0.051234934784079596	0.4230300976564547	0.7077939348601245	0.6429618822077042	0.2906842753540502	0.1800782507979414	0.1113128424696367
40.36144578313253	0.05111574702542676	0.16291281537349986	0.4754622414225615	0.051234934784053825	0.42303009765644595	0.7077939348601066	0.6429618822076532	0.2906842753540528	0.18007825079799397	0.11131284246964265
40.562248995983936	0.05111574702581315	0.1629128153735062	0.47546224142256643	0.051234934784028054	0.4230300976564372	0.7077939348600887	0.6429618822076021	0.2906842753540553	0.18007825079804654	0.11131284246964862
40.76305220883534	0.05111574702619955	0.1629128153735125	0.4754622414225714	0.05123493478400228	0.4230300976564284	0.7077939348600708	0.642961882207551	0.29068427535405783	0.1800782507980991	0.11131284246965457
40.963855421686745	0.051115747026585945	0.1629128153735188	0.47546224142257626	0.051234934783976505	0.42303009765641963	0.7077939348600529	0.6429618822075	0.29068427535406033	0.18007825079815168	0.11131284246966053
41.16465863453815	0.05111574702697234	0.16291281537352512	0.4754622414225812	0.051234934783950734	0.42303009765641086	0.7077939348600351	0.6429618822074489	0.2906842753540629	0.18007825079820428	0.11131284246966648
41.36546184738956	0.051115747027358736	0.16291281537353142	0.47546224142258614	0.05123493478392496	0.4230300976564021	0.7077939348600172	0.6429618822073978	0.2906842753540654	0.18007825079825684	0.11131284246967244
41.566265060240966	0.05111574702774513	0.16291281537353772	0.475462241422591	0.05123493478389919	0.4230300976563934	0.7077939348599992	0.6429618822073467	0.29068427535406793	0.1800782507983094	0.11131284246967839
41.76706827309237	0.05111574702813153	0.16291281537354405	0.47546224142259597	0.05123493478387341	0.4230300976563846	0.7077939348599813	0.6429618822072956	0.29068427535407043	0.18007825079836198	0.11131284246968434
41.967871485943775	0.05111574702851792	0.16291281537355035	0.4754622414226009	0.05123493478384764	0.42303009765637584	0.7077939348599634	0.6429618822072445	0.290684275354073	0.18007825079841455	0.1113128424696903
42.16867469879518	0.05111574702890432	0.16291281537355665	0.4754622414226058	0.05123493478382187	0.42303009765636707	0.7077939348599456	0.6429618822071934	0.29068427535407554	0.18007825079846712	0.11131284246969625
42.369477911646584	0.05111574702929071	0.16291281537356297	0.47546224142261073	0.0512349347837961	0.4230300976563583	0.7077939348599277	0.6429618822071423	0.29068427535407804	0.1800782507985197	0.1113128424697022
42.57028112449799	0.051115747029677104	0.16291281537356928	0.4754622414226157	0.05123493478377032	0.4230300976563495	0.7077939348599098	0.6429618822070913	0.2906842753540806	0.18007825079857226	0.11131284246970816
42.7710843373494	0.0511157470300635	0.16291281537357558	0.47546224142262056	0.05123493478374455	0.42303009765634075	0.7077939348598918	0.6429618822070402	0.2906842753540831	0.18007825079862483	0.11131284246971411
42.971887550200805	0.051115747030449896	0.1629128153735819	0.4754622414226255	0.05123493478371878	0.423030097656332	0.707793934859874	0.6429618822069891	0.29068427535408564	0.1800782507986774	0.11131284246972006
43.17269076305221	0.051115747030836295	0.1629128153735882	0.47546224142263044	0.05123493478369301	0.4230300976563232	0.7077939348598561	0.6429618822069381	0.29068427535408814	0.18007825079872997	0.11131284246972602
43.373493975903614	0.05111574703122269	0.1629128153735945	0.4754622414226353	0.05123493478366723	0.42303009765631444	0.7077939348598382	0.6429618822068869	0.2906842753540907	0.18007825079878254	0.11131284246973197
43.57429718875502	0.05111574703160908	0.16291281537360083	0.47546224142264026	0.05123493478364146	0.42303009765630567	0.7077939348598203	0.6429618822068358	0.2906842753540932	0.1800782507988351	0.11131284246973792
43.77510040160642	0.05111574703199548	0.16291281537360713	0.4754622414226452	0.05123493478361569	0.42303009765629696	0.7077939348598025	0.6429618822067847	0.29068427535409574	0.18007825079888767	0.11131284246974389
43.975903614457835	0.05111574703238187	0.16291281537361343	0.4754622414226501	0.05123493478358992	0.4230300976562882	0.7077939348597845	0.6429618822067337	0.29068427535409824	0.18007825079894024	0.11131284246974985
44.17670682730924	0.05111574703276827	0.16291281537361976	0.47546224142265503	0.05123493478356414	0.4230300976562794	0.7077939348597666	0.6429618822066826	0.2906842753541008	0.1800782507989928	0.1113128424697558
44.377510040160644	0.05111574703315466	0.16291281537362606	0.47546224142265997	0.05123493478353837	0.42303009765627064	0.7077939348597487	0.6429618822066315	0.2906842753541033	0.18007825079904538	0.11131284246976175
44.57831325301205	0.051115747033541055	0.16291281537363236	0.47546224142266486	0.0512349347835126	0.42303009765626187	0.7077939348597309	0.6429618822065805	0.29068427535410585	0.18007825079909795	0.1113128424697677
44.77911646586345	0.051115747033927454	0.1629128153736387	0.4754622414226698	0.05123493478348683	0.4230300976562531	0.707793934859713	0.6429618822065294	0.29068427535410835	0.18007825079915052	0.11131284246977366
44.97991967871486	0.051115747034313846	0.162912815373645	0.47546224142267474	0.05123493478346105	0.42303009765624433	0.7077939348596951	0.6429618822064782	0.2906842753541109	0.1800782507992031	0.11131284246977961
45.18072289156626	0.051115747034700246	0.1629128153736513	0.4754622414226796	0.05123493478343528	0.42303009765623556	0.7077939348596772	0.6429618822064271	0.29068427535411345	0.18007825079925566	0.11131284246978557
45.381526104417674	0.05111574703508664	0.16291281537365762	0.47546224142268456	0.05123493478340951	0.4230300976562268	0.7077939348596592	0.6429618822063761	0.29068427535411595	0.18007825079930823	0.11131284246979152
45.58232931726908	0.05111574703547303	0.16291281537366392	0.4754622414226895	0.051234934783383736	0.423030097656218	0.7077939348596414	0.642961882206325	0.2906842753541185	0.1800782507993608	0.11131284246979747
45.78313253012048	0.05111574703585943	0.16291281537367022	0.4754622414226944	0.05123493478335796	0.4230300976562093	0.7077939348596235	0.6429618822062739	0.290684275354121	0.18007825079941336	0.11131284246980343
45.98393574297189	0.05111574703624582	0.16291281537367655	0.4754622414226993	0.05123493478333219	0.42303009765620053	0.7077939348596056	0.6429618822062229	0.29068427535412356	0.18007825079946593	0.11131284246980938
46.18473895582329	0.05111574703663222	0.16291281537368285	0.47546224142270427	0.051234934783306416	0.42303009765619176	0.7077939348595877	0.6429618822061718	0.29068427535412605	0.1800782507995185	0.11131284246981533
46.3855421686747	0.05111574703701861	0.16291281537368915	0.47546224142270915	0.051234934783280645	0.423030097656183	0.7077939348595699	0.6429618822061207	0.2906842753541286	0.18007825079957107	0.11131284246982129
46.5863453815261	0.051115747037405006	0.16291281537369548	0.4754622414227141	0.05123493478325487	0.4230300976561742	0.7077939348595519	0.6429618822060696	0.2906842753541311	0.18007825079962364	0.11131284246982724
46.78714859437751	0.051115747037791405	0.16291281537370178	0.47546224142271903	0.051234934783229096	0.42303009765616545	0.707793934859534	0.6429618822060185	0.29068427535413366	0.18007825079967624	0.11131284246983321
46.98795180722892	0.0511157470381778	0.16291281537370808	0.4754622414227239	0.051234934783203324	0.4230300976561567	0.7077939348595161	0.6429618822059674	0.29068427535413616	0.1800782507997288	0.11131284246983916
47.18875502008032	0.0511157470385642	0.1629128153737144	0.47546224142272886	0.05123493478317755	0.4230300976561479	0.7077939348594983	0.6429618822059163	0.2906842753541387	0.18007825079978138	0.11131284246984512
47.389558232931726	0.05111574703895059	0.1629128153737207	0.4754622414227338	0.051234934783151775	0.42303009765613914	0.7077939348594804	0.6429618822058653	0.2906842753541412	0.18007825079983394	0.11131284246985107
47.59036144578313	0.05111574703933699	0.162912815373727	0.4754622414227387	0.051234934783126004	0.42303009765613037	0.7077939348594625	0.6429618822058142	0.29068427535414376	0.1800782507998865	0.11131284246985702
47.791164658634536	0.05111574703972338	0.16291281537373334	0.4754622414227436	0.05123493478310023	0.4230300976561216	0.7077939348594445	0.6429618822057631	0.29068427535414626	0.18007825079993908	0.11131284246986298
47.99196787148594	0.05111574704010977	0.16291281537373964	0.4754622414227485	0.05123493478307446	0.4230300976561129	0.7077939348594267	0.642961882205712	0.2906842753541488	0.18007825079999165	0.11131284246986893
48.19277108433735	0.05111574704049617	0.16291281537374594	0.47546224142275345	0.051234934783048684	0.4230300976561041	0.7077939348594088	0.642961882205661	0.29068427535415137	0.18007825080004422	0.11131284246987488
48.393574297188756	0.051115747040882564	0.16291281537375227	0.4754622414227584	0.05123493478302291	0.42303009765609534	0.7077939348593909	0.6429618822056098	0.29068427535415386	0.1800782508000968	0.11131284246988084
48.59437751004016	0.051115747041268964	0.16291281537375857	0.4754622414227633	0.05123493478299714	0.42303009765608657	0.707793934859373	0.6429618822055587	0.2906842753541564	0.18007825080014936	0.11131284246988679
48.795180722891565	0.051115747041655356	0.16291281537376487	0.4754622414227682	0.05123493478297137	0.4230300976560778	0.7077939348593552	0.6429618822055077	0.2906842753541589	0.18007825080020193	0.11131284246989274
48.99598393574297	0.05111574704204175	0.1629128153737712	0.47546224142277316	0.05123493478294559	0.423030097656069	0.7077939348593372	0.6429618822054566	0.29068427535416147	0.1800782508002545	0.1113128424698987
49.196787148594375	0.05111574704242815	0.1629128153737775	0.47546224142277804	0.05123493478291982	0.42303009765606026	0.7077939348593193	0.6429618822054055	0.29068427535416397	0.18007825080030707	0.11131284246990465
49.397590361445786	0.05111574704281454	0.1629128153737838	0.475462241422783	0.05123493478289405	0.4230300976560515	0.7077939348593014	0.6429618822053544	0.2906842753541665	0.18007825080035963	0.1113128424699106
49.59839357429719	0.05111574704320094	0.16291281537379013	0.4754622414227879	0.05123493478286828	0.4230300976560427	0.7077939348592835	0.6429618822053034	0.290684275354169	0.1800782508004122	0.11131284246991656
49.799196787148595	0.051115747043407926	0.16291281537379348	0.47546224142279053	0.051234934782854465	0.42303009765603816	0.707793934859274	0.6429618822052761	0.2906842753541704	0.18007825080044026	0.11131284246991972
50.0	0.0511157470434197	0.16291281537379365	0.4754622414227907	0.05123493478285365	0.42303009765603805	0.7077939348592734	0.6429618822052747	0.29068427535417046	0.18007825080044165	0.11131284246991985
