NON $ % + - . 0 1 2 3 4 5 6 7 8 9 : ; < > ? @ A B C D E F G H I J K L M N O P Q R S T U V W X Y Z _
#NON	4EBP1_pS65	4EBP1_pT37_pT46	ACC_pS79	AKT_pS473	AKT_pT308	AMPK_pT172	BAD_pS112	c-JUN_pS73	c-Met_pY1235	c-Raf_pS338	CHK1_pS345	CHK2_pT68	EGFR_pY1068	EGFR_pY1173	EGFR_pY992	ER-alpha_pS118	FOXO3a_pS318_S321	GSK3-alpha-beta_pS21_S9	GSK3-alpha-beta_pS9	HER2_pY1248	HER3_pY1298	JNK_pT183_pT185	MAPK_pT202_Y204	MEK1_pS217_S221	mTOR_pS2448	NDRG1_pT346	NF-kB-p65_pS536	p27_pT157	p27_pT198	p38_pT180_Y182	p70S6K_pT389	p90RSK_pT359_S363	PDK1_pS241	PEA15_pS116	PKC-alpha_pS657	PKC-delta	PKC-pan-betaII_pS660	PRAS40_pT246	Rb_pS807_S811	Rictor_pT1135	S6_pS235_S236	S6_pS240_S244	Src_pY416	Src_pY527	STAT3_pY705	TAZ_pS89	YAP_pS127	YB-1_PS102
0	2.3177896762	3.0724988347	0.4656099177	4.9703229921	3.6089294249	1.98094117	0.9895921103	0.2305262921	0.7162689916	1.0048912609	1.1155420963	1.0431696941	0.4746322155	1.4791549561	0.220994589	1.0254828359	1.1166246128	2.035830949	1.6938370441	0.9608185656	0.4616962334	0.3789732694	0.3754983023	0.7659128561	1.0936971339	0.238843606	1.2561986405	0.5858783889	0.9251750996	0.8266239788	0.4392371979	0.3548770702	2.2385935374	3.1075244427	0.3418484846	0.8931507061	2.3902494499	6.6886231322	2.7869480537	1.4143032927	0.4819402558	0.4775663131	1.0783284825	2.3275481476	0.5128949745	1.2893344185	3.46789235	0.6969394911
0	2.1179673112	3.168004721	0.4849339047	4.5031091566	3.3263255324	2.107114101	0.9721349079	0.2285570408	0.7448024801	0.9716930051	1.0833880134	1.0798340289	0.4969454916	1.4635797384	0.219176669	1.0484808879	1.0511209197	2.0193546881	1.6829540666	0.9896231755	0.4745298305	0.3880774128	0.3582873297	0.6415806371	1.0465222963	0.2793113449	1.1629622883	0.5995280503	0.8992435256	0.8410278392	0.4122867757	0.3740867216	2.2620531124	2.8427116036	0.3663269586	0.9921429418	2.2304303129	6.2006562455	2.6095605032	1.3461600038	0.3727960603	0.3638450246	1.1592453072	2.2197087674	0.5544108778	1.397733927	3.6459637991	0.7840241348
0	2.117817621	3.0629789682	0.5008100621	5.1691708045	3.4212001738	1.8751443408	0.9543411668	0.2300553678	0.7468230121	1.0249972662	1.140912512	1.0550785979	0.5215175869	1.481886899	0.2291907498	1.0081613175	1.0616651282	1.9275282969	1.6036999104	0.979122837	0.4543375577	0.3804426918	0.1089423676	0.5838542785	1.0175281471	0.2713235647	1.1459131673	0.6189011451	0.9582297536	0.8824317088	0.393543256	0.333920145	2.296958994	2.8580127922	0.3751632842	1.0019568992	2.2721591001	6.5937522195	2.5392466411	1.3857075341	0.3333439312	0.329472462	1.1458398306	2.1840545245	0.5006923497	1.4429882319	3.2349516437	0.7132529078
0	2.2698726217	3.026547591	0.4147539041	4.8204189053	3.4646434631	1.7624356234	0.8690103005	0.2204863282	0.7348291246	0.8671768325	1.1037761667	0.9842304309	0.5342548192	1.4629572645	0.2378192198	1.0016613239	1.0501772584	1.7805572278	1.5567881925	0.9419303675	0.425205633	0.3935261786	0.0963555552	0.5588893894	0.8109446681	0.263469891	1.062786365	0.6310610244	0.9142115931	0.8305008944	0.3365401612	0.3382684921	2.2659974509	4.4686233601	0.3382871896	0.9463415503	2.1402107213	7.104142921	2.3637362272	1.1614447121	0.2178509796	0.2178794379	1.0431614325	1.9512257776	0.4713685794	1.6169091298	4.2620577015	0.7893917142
0	2.2603322194	2.8049307786	0.4346864561	2.0529908181	1.4683424807	2.0209859927	0.914629166	0.2271206602	0.7142083482	1.0733244405	1.0814603725	1.0036336077	0.5000282936	1.4374021245	0.2322037557	0.9671057333	1.1063674281	2.5773587324	2.2407569023	0.8670713468	0.4671028044	0.3641360643	0.3631076926	0.7089549473	1.3592325188	0.3090760914	1.2043974517	0.6201345527	0.87860632	0.8645176182	0.6705709556	0.3872310496	2.2682926206	3.9175936526	0.3953087033	1.0060241824	2.3370648364	8.1851661705	2.6545029318	1.9168703969	1.1010153694	1.3100601913	1.2017500234	2.2419102712	0.5052533771	1.5673592608	3.1501529882	0.7018629509
0	2.2614571772	3.1727482174	0.4380561317	2.078969365	1.5766122016	2.1363968656	0.9085862485	0.2197991328	0.7553165539	1.0515758834	1.1280244488	0.9833314622	0.5292381493	1.4492887488	0.2220932847	0.9294327747	1.1120201265	2.6123735375	2.410526941	0.895235428	0.4595957226	0.3385549988	0.3527570515	0.7788551488	1.3948283841	0.3107548344	1.1714120644	0.6253160235	0.8209384675	0.9248836704	0.6653384977	0.3817608879	2.3744504775	6.3274410235	0.3868948711	1.0029290255	2.4806028078	7.5817208185	2.898213627	1.9795472805	1.0463753925	1.3396182686	1.2267135344	2.3253178039	0.4646033887	1.8336233943	2.8029617483	0.7590631545
0	2.1776271819	2.9678362984	0.4812214436	2.2606090641	1.7218280078	1.9031260704	0.9599292987	0.2299996281	0.7213028895	1.1088115475	1.0920156958	1.0794392175	0.4740543271	1.4073075493	0.2191432584	1.0381899736	1.1356894297	2.6358927586	2.3552856769	0.9217625765	0.4668197741	0.3763873806	0.3763745727	0.7555852519	1.3869147342	0.3164101296	1.1869351557	0.6560794384	0.8417761865	0.8610402126	0.6967591286	0.3822866927	2.1874740608	2.2387534599	0.3960676955	1.1274768517	2.3467331714	6.5970797004	2.8927418055	2.1363179763	1.0091547647	1.0309576711	1.143692716	2.3711964873	0.5081553914	1.4690377094	2.301084165	0.7971439571
0	2.2204000809	3.1360289622	0.4407432743	2.4822217842	1.7157198162	1.9903453706	0.9596493441	0.2329114486	0.7711843289	1.1180734466	1.1066302096	1.0651849383	0.4537156021	1.3576378436	0.216223403	0.9173526539	1.0682855097	2.7931001227	2.467254184	0.980805686	0.4704567493	0.3717656874	0.414802785	0.7262220578	1.4878397523	0.3107971359	1.1980465341	0.5930077692	0.9019847237	0.9113217616	0.7177195674	0.400479246	2.3529493551	2.3673051383	0.4116505602	1.1391431475	2.5129923983	6.5380101668	3.2086200268	2.272034675	1.142462166	1.0169303216	1.2835900304	2.341925473	0.4781371784	1.4337973215	2.5841828306	0.823430245
0	2.2930541072	3.0811152408	0.383895592	4.9736298344	3.7243793878	1.862830394	0.9423930595	0.2559239326	0.6995385173	1.0188521724	1.1686755609	1.0869681006	0.5056098128	1.5536785242	0.2276671083	0.9294429753	1.0710596321	1.9969456291	1.751724734	1.0424271602	0.4358438993	0.3759716761	0.4480023149	0.7811260701	1.197679356	0.3000621358	1.1258118122	0.5896922426	0.8212240871	0.8023739816	0.4729173404	0.3473193107	2.2525555669	3.442377332	0.3690293175	0.9685989134	2.4316321599	6.4769085803	2.9920890037	1.474626276	0.4277330076	0.4630646478	1.0769280243	2.3516694478	0.5307091204	1.4463248106	3.4674519943	0.8415825515
0	2.2068084541	3.0669834133	0.4195204674	5.0334737656	3.6204121533	1.7450343414	0.904069642	0.2504013536	0.71619465	1.0035640115	1.0945793304	1.1199449473	0.4906363476	1.4099601952	0.2226991093	1.0530722977	1.0294436807	2.1755197066	1.7430179584	1.021104189	0.4459980185	0.3856628443	0.382860102	0.7162955504	1.191142321	0.3208134501	1.0334308408	0.5916196153	0.8438829216	0.8122095427	0.43653099	0.3778740098	2.17925407	2.9353115655	0.3756240616	1.0822762196	2.3245806089	6.1035273524	3.0281114345	1.408912607	0.3932106564	0.394610726	1.1346391026	2.5625590709	0.5587040232	1.5503512706	3.6634815134	0.8413764785
0	2.1781448822	3.2260996494	0.414618229	5.5365539746	3.748059092	1.791615559	0.8602158574	0.2374104261	0.7065165553	0.9971676974	1.1603990278	1.0284910733	0.560751023	1.3913579519	0.2205852794	1.0347120515	1.007324129	1.8492766996	1.6424000358	1.0045051664	0.4501894277	0.4067151877	0.0946127627	0.5893262049	1.0567337561	0.3295925478	1.0072005263	0.6366668361	0.9065050668	0.8505008916	0.3592958898	0.341219358	2.2156076423	4.934741465	0.3522328473	1.0582736947	2.3064860777	6.0917028365	2.8524900956	1.3430054517	0.2353600227	0.2518000509	1.0654748428	2.4326567003	0.4948101419	1.6296535932	3.7653219239	0.8868470984
0	3.2755831747	4.4594355339	0.4297156689	8.579359554	5.7205719186	2.6080775816	0.7849164265	0.2029520383	0.6502181968	0.8217304965	0.959598576	1.0024261783	0.6799644931	1.3757958334	0.2170539963	1.0189819086	0.9237380564	2.4712916161	1.8793737818	1.3414096021	0.4117828071	0.333764541	0.0953412413	0.5844422137	1.0840511095	0.2823843183	1.0555438217	0.5780031261	0.7720056313	0.7777517977	0.3246400894	0.3069469693	2.991563653	3.9106345819	0.3360879459	0.8628045374	3.2613289306	9.4668053706	4.1267591079	1.5424541233	0.2059595657	0.1908865587	1.1179271026	3.4975455981	0.4188639001	1.3514034871	5.5631110839	0.7444384198
0	2.718282058	3.2687796999	0.4208382232	2.0903474774	1.4715922183	2.2002423513	0.9450860456	0.2119779213	0.6583013101	1.070511885	1.1384176823	1.0374832924	0.5118494117	1.45271897	0.2173919321	0.9738985391	1.1610363451	2.8435153475	2.2283767833	0.9631299643	0.438950107	0.344005426	0.3873424191	0.7876533991	1.3948003641	0.2707284722	1.1534617901	0.5900031842	0.8436718916	0.8211784301	0.6645154448	0.3555576332	2.2980748175	4.0196193811	0.3820288484	0.966492202	2.4511856366	7.2910137738	2.9217407543	2.175715296	0.8308979736	0.9065674184	0.9878723131	2.4772190034	0.4942111164	1.6557573885	3.19226748	0.6950902094
0	2.6120572088	3.331892986	0.3858727464	1.8330300286	1.4184416439	1.9764326211	0.9573805054	0.2430525868	0.7005582663	1.0100968501	1.1653692159	0.9450316863	0.5347213626	1.4590561941	0.2229443903	0.9117529101	1.1347421017	2.6551846397	2.1306618881	0.9738357321	0.4667938919	0.3755819005	0.3743947319	0.8058797346	1.2512882128	0.2872030316	1.0669125055	0.6011631236	0.8549219835	0.8605294692	0.700835427	0.3666792473	2.2812214693	5.3240376937	0.3582123126	0.9561082567	2.267619429	7.5105807744	2.685068627	1.9513139778	0.7376825843	0.7666993995	0.9880112347	2.1591967758	0.4727674455	1.6989109642	3.2519149783	0.8338648037
0	2.4090070375	3.2721928785	0.4196810394	2.0262211044	1.5476910541	1.9505124242	0.9721773961	0.2308695882	0.7276409943	1.0078249781	1.1602655208	0.9922788958	0.4796100301	1.3866706539	0.2143463073	0.9709448455	1.1758906999	2.5575502038	2.3138242426	0.9661070043	0.4347394589	0.3821229428	0.4005189585	0.850445286	1.332537847	0.2923221449	1.0730709103	0.644100815	0.9047289082	0.8620732189	0.6728325094	0.3835421559	2.2167500244	5.5105611539	0.3887310466	1.1194882667	2.1936936649	6.436944289	2.9175923234	1.9132740453	0.7315392432	0.8163322302	1.0496039304	2.225582748	0.5027009308	1.639634677	2.8744119054	0.7691338472
0	2.3296187682	3.3511127963	0.4079058709	2.0511560381	1.5817102157	1.8665484801	0.9428115647	0.2343581991	0.7211309516	1.099049791	1.1579795596	1.0130521195	0.4398117153	1.369908582	0.2120569249	0.9350830815	1.0994099322	2.7716180313	2.3561714123	1.0840841989	0.4471729685	0.3923420127	0.4026456262	0.8168158769	1.4958982551	0.3000969377	1.1165567884	0.6427505811	0.8761731373	0.8910763058	0.694706109	0.3906932618	2.2990959805	4.5190134063	0.3796122448	1.1033005002	2.432231227	6.5548652177	3.1999598131	2.1911102354	0.7295502754	0.7723756549	1.0181227937	2.4798864056	0.4953819737	1.6334961546	2.8988843691	0.8205312916
5	2.284633217	3.3041031492	0.4585107591	5.916588209	4.0472134626	1.7838189971	0.9590740757	0.2635691534	0.706151976	1.1346449156	1.2071088202	1.0741678344	0.4506153539	1.3881869301	0.220361317	0.9230779519	1.0955738004	2.0621878553	1.7690333172	0.9709581665	0.4363265734	0.4135895646	0.5385158406	0.9718956281	1.273120608	0.2969591567	0.8679859766	0.6269487108	0.85085862	0.8237474149	0.5590258331	0.3889664863	2.1512813168	4.7173764627	0.3753223818	1.1394014064	2.4701522694	6.3319336187	2.6325825207	1.5750356829	0.5034393445	0.4984463465	1.1937680229	2.3765812455	0.5570815599	1.7069330367	3.4182485118	0.8270903166
5	2.3409253757	3.0708489197	0.4335615394	5.8060543665	4.0492603749	1.8754440702	0.8488493826	0.2586387035	0.7254321264	1.0624264931	1.1250468786	1.0641121746	0.5027977152	1.3820286387	0.2331221258	0.9133389775	1.0253676508	1.8810895046	1.6066243581	0.9901873739	0.4364261017	0.3948072025	0.1089899115	0.7238562192	1.0477628159	0.3051906822	0.8314635448	0.6154613835	0.9408617141	0.8566852091	0.4436121332	0.3323065141	2.362635761	3.4494976542	0.355772956	1.0017033418	2.2488394728	6.3733527993	2.4551113283	1.4211678712	0.2290539879	0.2168872837	1.0859591149	2.1966375168	0.494910376	1.462580414	3.7077888983	0.8472507206
5	3.9587629472	4.5913216728	0.340995179	3.6700480068	2.6143970785	2.4636489962	0.9265667928	0.2350985959	0.654457913	0.9853041633	1.0533898796	0.9643164609	0.4870509058	1.370465999	0.2134642946	0.8402869243	1.1404913643	3.6974053623	2.8848486968	1.3161929092	0.4159217268	0.3251488969	0.4563312589	1.0006445885	1.2599856533	0.2795904788	1.0005719959	0.5534094072	0.7517879171	0.8469392425	0.6863612587	0.3287147937	2.699188101	8.3350322518	0.3295744226	0.882864027	2.8691633294	9.1677986895	3.4672035215	2.2307621179	0.6965676626	0.758953785	1.1117378978	2.5792950629	0.438969828	1.9593495833	4.8204255919	0.8110944882
5	3.0528110888	4.4697746284	0.3491023357	2.5954046759	1.9293120943	1.6950239055	1.0239367938	0.2711753341	0.6687405688	1.0178129415	1.0954793169	1.0026648618	0.4945527026	1.3915129893	0.2115462289	0.8784295255	1.1246269161	2.6835071752	2.2642807232	0.98005554	0.4280878379	0.3861224711	0.4792762492	0.9965717683	1.0571405616	0.3632918275	0.8829642619	0.6172619557	0.97526215	0.8917413056	0.7543493533	0.381873034	2.2895466549	4.0030266245	0.3284139452	0.9062814346	2.2419370425	7.696588855	2.3586689546	1.8057817212	0.6696237567	0.6304310457	1.0498330858	1.8723975686	0.4988224133	1.5074991351	4.190690053	0.9075978518
15	2.0910353525	3.1591117354	0.4858582393	6.0254440955	4.1552937113	1.9383671344	0.9046268844	0.2508526918	0.7098239792	1.1650806317	1.2312837201	1.0735680525	0.4517608081	1.3312831228	0.2170917203	1.0252943491	1.0969103145	2.2439321704	1.8991462846	1.0114067815	0.4754879521	0.3846322002	0.5697439043	1.0926695967	1.2735828598	0.3155680417	0.8523879979	0.6551341821	0.8419485529	0.8004170145	0.4266227355	0.3641562375	2.1651563838	2.7025899294	0.3948436037	1.1267025817	2.4544173868	5.7879007945	2.8908838197	1.5479163635	0.3901575711	0.3782921579	1.2966957031	2.5569989403	0.537824616	1.6385996259	3.5424991499	0.8878739772
15	2.3015804279	2.918685437	0.476845596	6.234212301	4.308395381	1.8930261265	0.8618262414	0.2400099519	0.7166439698	1.1374897362	1.2295689758	0.9462277475	0.4989191712	1.4118385206	0.2369754678	0.9006016623	1.0985449283	2.060666679	1.7574620847	0.9946763201	0.4523551197	0.4072019749	0.1052557258	0.8112700907	1.1882711903	0.2974111965	0.8157710061	0.6201517676	0.8576923258	0.8577052644	0.3568854919	0.3224393688	2.2397654433	4.9886086859	0.3774416468	1.1830741919	2.3125011653	6.1849750815	2.7183453854	1.4572929264	0.2520498067	0.2692547122	1.2441645455	2.3321661141	0.46164517	1.7685034656	3.5314105093	0.7928449204
15	2.7552733241	3.38468834	0.4006676036	2.7251311173	2.0021090471	1.7336436524	0.9951753352	0.2832205155	0.7026736867	1.1579108904	1.1393755924	1.0078615529	0.4742750637	1.3694301947	0.2200764986	0.9004461843	1.1740234859	2.682343362	2.3524780759	1.0156072368	0.4745713013	0.3538110121	0.6196811174	1.2438618131	1.265405631	0.3680491716	0.8829809726	0.6413759673	0.8929461195	0.8600971381	0.7368896837	0.4121096989	2.3133819133	3.0595538267	0.3716171711	0.9492194079	2.4432257823	6.2916471737	2.6236753743	2.060047229	0.7804168009	0.713643194	1.0497108142	2.1419145391	0.5042624265	1.5020286715	3.7463111586	1.0035636481
15	2.5984180583	3.841040401	0.4501869512	3.0495932917	2.0408754524	1.99521329	0.9855722969	0.2597513929	0.6686816833	1.2145974618	1.1709988973	1.007278845	0.4457409737	1.3566674287	0.211786277	0.9165002678	1.1063123368	2.7816867654	2.5856675162	1.0017591951	0.4407355991	0.3636773168	0.5940126287	1.2917904347	1.3037282618	0.352265113	0.8282072414	0.6204758983	0.8383663125	0.7926345186	0.66768988	0.3629527767	2.307150599	2.9981382801	0.3951453612	0.96002308	2.5832905058	6.2232231571	3.0184479436	2.2190991878	0.7472114816	0.735413817	1.1721369837	2.3427166235	0.4653229211	1.4880440602	3.483283624	0.8529550392
30	2.0961285154	2.9354154639	0.5895665804	6.6490196872	4.3476836345	1.7485286963	0.9353673827	0.2469447462	0.7021814913	1.3198184295	1.193807263	0.9928203619	0.4404982773	1.3521891893	0.2118159435	0.9395158103	1.0901030011	2.2345137369	1.9754402777	0.9847448944	0.4540803299	0.3656401581	0.697437448	1.5216086074	1.1549425787	0.2930212024	0.8515712667	0.6506195893	0.8561272199	0.8402497025	0.4243720585	0.3630426188	2.1355017365	3.6922904184	0.3917162866	1.02910622	2.3952939405	5.5301837024	2.7473533023	1.5188394032	0.4353512276	0.4138689978	1.3841102741	2.3820939592	0.5031332757	1.6782516992	3.4897909987	0.8601818085
30	2.0890585921	2.9044726844	0.6381542032	6.9355243798	4.7861602149	1.970537563	0.8657688974	0.2179104893	0.7388174131	1.3262013572	1.1767037859	1.0129733133	0.5039128919	1.3591523475	0.2438205396	0.8530903403	1.0707546148	2.0704413648	1.8390068089	0.9744044555	0.4934378233	0.3792979608	0.1172838495	0.8438329601	1.1263923388	0.2858330119	0.8638496782	0.6126580355	0.9258406815	0.8692998585	0.3410394111	0.3259671117	2.2031930845	2.6345979537	0.4123401317	1.1259730409	2.3941693434	5.6477014849	2.7797754609	1.3497983316	0.2620163209	0.2533292895	1.5854653036	2.4890393868	0.4896987686	1.4779570146	3.6559165128	0.7773687577
30	2.6195467731	3.256566505	0.5313114756	3.3284908375	2.6844841565	1.8365723876	1.0132358043	0.2543666237	0.7205203082	1.2714657979	1.1002578803	1.0374760853	0.4939616695	1.4371942834	0.2188195281	0.8404542544	1.1060574405	2.6919685261	2.4793522545	0.98199516	0.4478593282	0.3773727384	0.6945544978	1.5282879485	1.1715740574	0.3528362013	1.0447477591	0.572845165	0.8883741953	0.8882810735	0.7228211705	0.4015710022	2.1974283576	3.012159224	0.3546878867	0.9762929931	2.2431473471	6.6427951583	2.5439161721	1.7900916619	0.9077729858	0.8556498994	1.1846099738	2.0693404949	0.4815871457	1.4596728336	3.6621645402	0.9047333122
30	2.4181814203	3.5982971085	0.50976078	3.3930534039	2.7354508258	1.6103988287	0.9981073144	0.262744708	0.6786749038	1.3554512287	1.1226406597	1.0215400763	0.4552787814	1.3470616545	0.2154562458	0.852654126	1.1552049643	2.9125727957	2.7894886777	1.0937971076	0.4458277922	0.3630770605	0.7175140213	1.6801347066	1.2297409818	0.3445377014	1.0874575875	0.6565898719	0.878374986	0.8696031722	0.7324378641	0.4059571891	2.2248969571	2.6513855127	0.3652649167	0.9116904856	2.3521649419	6.2929843382	2.6216105878	2.0664592389	0.978085288	0.9216050155	1.2098818928	2.1770057787	0.4969155909	1.3635697605	3.6042976118	0.8887565792
60	2.082747718	2.8329188354	0.6490400618	7.3660978635	4.7969347621	1.8850960599	0.9383740933	0.2315581585	0.6917806811	1.3526902386	1.2087337245	0.9495021516	0.4425373741	1.3282741699	0.2137624202	0.8846757099	1.0992637638	2.326133777	2.0905745925	1.0676558583	0.4560345431	0.3544550486	0.8324718323	1.8155364372	1.2757084684	0.2656083865	0.9785425441	0.6551842962	0.8222262037	0.9083657363	0.4578188295	0.3896304869	2.1909654935	3.7374937356	0.3777611286	0.9687217473	2.5143636757	5.8771287404	2.88979585	1.6744202133	0.4866864436	0.4978582023	1.5136841436	2.3481478979	0.5102658202	1.6108644622	3.6192259585	0.7553647276
60	2.8519214701	3.7938148664	0.672978823	11.2423134337	8.4785497344	2.6145034784	0.7943057203	0.2282904639	0.6930190871	1.6713363455	0.9216866653	1.0821256236	0.5215378801	1.3073070054	0.2367112393	0.8852124066	1.036763433	2.5825212309	2.016361228	1.1590337971	0.4710406993	0.3378286234	0.1063984296	1.1091890139	0.9231343479	0.2281519686	1.0438208731	0.6700745802	0.8611385951	0.8286703043	0.2833491277	0.2848046549	2.5658027961	0.7534069917	0.4151975035	0.9671162704	2.8171914145	9.2744621933	3.955537451	1.554175963	0.2362262008	0.2059864082	1.8030135654	3.2111113065	0.4497772903	0.8494246468	5.8027280345	0.6007526148
120	2.1570666223	2.9898001169	0.5706665385	7.4791639311	4.6915314326	2.1498761705	1.0556393485	0.2864979812	0.7758003169	1.4034509681	1.0719511844	1.0731765355	0.5818150979	1.4387772803	0.255768715	0.9251185957	1.0644170258	2.2123039717	1.9198830307	0.9939201364	0.4842628009	0.4200270374	0.510064166	1.0257955255	1.1812586673	0.2983141597	0.9225389818	0.764809904	0.903156345	0.8771043992	0.5069266582	0.4344484753	2.2895129154	0.6131383373	0.4453659286	1.029449886	2.5194006931	5.6025272383	2.8997676733	1.7462528431	0.4204301361	0.3183727802	1.2746990717	2.5195786712	0.4801837063	0.9520442538	3.6608229857	0.8340026881
120	2.163146531	3.3494684532	0.4834580323	7.5090521835	5.919175051	2.1179318721	0.8380430863	0.2699325838	0.7097049308	1.6193954924	0.9483618358	1.0331313582	0.5491794745	1.4264244723	0.2479592192	0.9387278979	1.0607384145	2.3790203488	1.8464817524	1.1284825058	0.4940996373	0.3978216165	0.1219248999	1.2278178998	0.9911557092	0.2444529653	0.9287643833	0.5801769277	0.8721298366	0.8321125778	0.3448508777	0.3318768537	2.6161220298	0.7066281051	0.4434083541	0.9474399627	2.5425412665	7.64251304	2.4501083938	1.3905231032	0.2043324893	0.171591756	1.4212744454	2.4702799498	0.461948087	0.6782984485	5.3302825509	0.7141460815
120	2.5378682168	3.530427561	0.4042042629	3.6413286542	2.4215099234	2.466217063	0.9666807942	0.2587904992	0.7228232008	1.3253670928	0.9942409215	0.9589921035	0.5344470116	1.3058258344	0.2461199038	0.9101495386	0.9921439583	3.2235548271	2.4852157255	1.162246832	0.4377040011	0.3562559049	0.4674632467	1.0753739189	1.3120545407	0.2846836934	1.0588684407	0.7243880725	0.8854414631	0.918068563	0.615412315	0.3808471004	2.4512904757	0.7188001715	0.4160019327	0.9689939732	2.9317758109	8.3223245423	3.2236084118	2.2731870029	0.7003052749	0.6072081233	1.5518230203	2.7916769855	0.4572466084	0.7686415768	4.6817523819	0.8519834018
120	2.4343169627	3.3670657103	0.4996782103	3.5951108589	2.6337349998	2.3608551243	0.9846071002	0.2361791831	0.6599594923	1.3341674656	0.9901991694	1.0199840594	0.4972434509	1.3425672919	0.2627984632	0.8608407943	1.0684090897	3.1902625483	2.7244490234	1.0278003425	0.4606982497	0.3508307532	0.4621673727	1.0313030108	1.3314942107	0.2849177544	1.1081466997	0.6286590439	0.8557701452	0.8510593932	0.5995565547	0.3841632967	2.4344398886	0.5998269528	0.4271273989	0.9351039885	2.7527563242	7.3479048844	3.2162727449	2.1466527088	0.7734608754	0.6216606154	1.4132381498	2.5901029812	0.4640159266	0.9271960892	4.532743766	0.7780303727
240	2.7088350603	3.9732251389	0.4240481504	13.9942723233	8.0412275626	3.0020806083	0.8536724241	0.247550325	0.753522786	1.1616632252	0.9286816263	1.0815217974	0.5097746897	1.413292521	0.2370572529	0.9015410757	1.06172978	2.9232776109	2.3071365327	1.2108845505	0.410583856	0.344240325	0.459515925	1.0090163351	1.0311597036	0.2217631942	0.973264698	0.6495905727	0.8623871453	0.7510753752	0.404163038	0.3733378516	2.7820189301	0.7024743888	0.3896349136	0.9771246076	3.2415189127	8.2955074953	4.0742504127	2.1924253103	0.4104321305	0.3191036269	1.2718109335	3.2128556443	0.4379527123	0.8074269888	5.0420713026	0.6104665943
240	2.1085812288	3.0493155396	0.4814938305	7.7877335925	5.9684775935	2.0034179339	0.8684263596	0.2648284357	0.7635303939	1.5290612744	0.9998268956	1.1008003087	0.6401448122	1.4284862093	0.2645454758	0.924168896	1.0168519595	2.3197506017	1.9264081831	1.0652461235	0.4884252961	0.375006918	0.1392480102	1.3381237458	1.0175391887	0.2567824155	0.9173005162	0.6883531603	0.8274217012	0.8045051032	0.3818417085	0.3295241609	2.4679041755	0.7517003344	0.4489980003	1.0213651608	2.4770285769	7.4001109039	2.3048974099	1.5524015682	0.2396760882	0.2203701775	1.4087882245	2.4134453716	0.4747093129	0.876866242	4.3738305674	0.6544262139
240	2.263316427	2.8259098036	0.4536133685	3.8007013392	2.6775790465	1.968489878	1.026790765	0.2566072631	0.723451162	1.1160467655	1.1213010062	1.1381705988	0.510860243	1.365780341	0.2349623923	0.9350206292	1.0731643982	3.2585670208	2.6770035657	1.0304057467	0.4488963217	0.3777729089	0.5682355687	1.190935391	1.40099125	0.2739645388	1.196149342	0.5423680217	0.8103823552	0.8918866256	0.6718176771	0.427139357	2.2291089065	1.1618201797	0.4251962188	1.1229803398	2.4181322961	6.8983225802	2.8103675487	2.1606684968	0.9076987249	0.83521267	1.3843456322	2.5253443464	0.5340318824	1.526481984	3.6913476528	0.7653677214
240	2.5801300403	3.3497677233	0.4335491997	4.1063126246	2.9139443391	2.2044567049	0.9894761785	0.2230187856	0.7052939124	1.1978214491	0.9860565328	0.9788102218	0.492032737	1.2920824006	0.2337634576	0.8475047089	1.0447011975	3.4537270616	2.789889607	1.1654317117	0.4422449641	0.3928606479	0.5185696995	1.0975048521	1.3470936247	0.2631973935	1.1153478711	0.6548402591	0.8476970377	0.8613735093	0.6759070552	0.4008126967	2.4800885742	0.6325791257	0.4375803228	0.9791960065	3.0362199858	8.4118543318	3.1101936729	2.8253872352	0.8726138882	0.7129366365	1.3159722705	2.7241830743	0.4778204951	0.9029907688	3.9836522654	0.7360453299
0	2.2914780306	3.8134012628	0.4490539664	4.0358762081	3.1909913778	1.8526521808	0.9331920993	0.2457860455	0.7545493255	1.0297971494	1.0870803913	1.0120282396	0.4636909766	1.3878367111	0.223874644	0.9090716527	1.0861257041	1.8797032703	1.6074347833	0.8846184858	0.4852145593	0.3523700074	0.4026847133	1.2392915121	0.7942486961	0.3587298738	0.8542278373	0.7246412112	0.9222254027	0.8802070768	0.3393278024	0.377714646	2.2210872066	4.5663880554	0.3437047004	0.899684213	1.8986753621	5.7656065837	2.3825474517	1.0135942712	0.2436758287	0.2166059106	1.2518576453	1.711141567	0.5053216234	1.4711861141	4.2625907634	0.9407390804
0	2.3857389222	3.8134012628	0.465129038	4.6206323443	3.5818216694	1.8310909335	0.9041505404	0.2440308472	0.7638683134	1.0578524821	1.144793933	0.8729029384	0.4699504247	1.3411655893	0.2386335723	0.8879563782	1.1805295534	1.9042838928	1.6698904625	0.8588759827	0.435173041	0.3422396533	0.4542921094	1.2351097464	0.7576767285	0.3806563093	0.8060837711	0.6499941509	0.9168702933	0.8760323942	0.2874116411	0.3669773191	2.2602534586	5.7814094712	0.3533708374	0.9395427963	1.8689979154	6.0265307897	2.493239172	0.966294066	0.2029025056	0.1751660652	1.3268990912	1.7101577959	0.497184368	1.7083078478	4.879396916	1.0088750514
0	2.4544638829	3.7668619359	0.5112944034	4.7227310813	3.811611849	1.8077906541	0.9084814624	0.2286039223	0.7604526215	1.0551397234	1.1588324158	0.8835763452	0.4816316923	1.3799604005	0.2227983067	0.894417059	1.1371681258	1.918270398	1.6325759608	0.9195392302	0.4523195284	0.36849507	0.0972275526	0.7699319916	0.7634854867	0.3728984869	0.8321973303	0.6148776486	0.9505058434	0.9612418856	0.2975455155	0.3379714149	2.2726766245	5.3988042991	0.345150737	0.9620164038	1.7879039266	5.7417214962	2.5388343032	1.0589930912	0.1500372828	0.1441082897	1.1540670628	1.7014504534	0.5130081056	1.6133915508	4.474028228	0.9491155774
0	2.1191121297	3.3644561294	0.5362526341	4.5636116322	3.6993901189	1.6957747653	0.9023184942	0.2329164115	0.7598303945	1.1938138054	1.1286074088	0.9649016228	0.4578066301	1.3862013743	0.2457323259	0.8854667309	1.1243708915	2.0704873768	1.7751796272	0.9531092019	0.4601127736	0.3604547257	0.0931939235	0.7943654794	0.7966084474	0.3370444204	0.7812100715	0.6894464017	0.8983052113	0.9261357454	0.2970302511	0.3239147662	2.2896526063	4.0887928896	0.3535531261	0.9881206643	1.8808565699	5.6292494945	2.5203103429	0.9737604319	0.1534310393	0.1384120766	1.2838923982	1.7361942334	0.5064890952	1.66911547	4.3432912025	0.9189388547
0	2.4864085561	3.6434472649	0.5057194535	1.7367658898	1.8338544433	1.5629991167	0.956740024	0.2166517482	0.7434003578	1.0874181746	1.1567145588	0.9657147575	0.4189719039	1.3511542874	0.2126004473	0.8243536549	1.1710457278	2.7826512434	2.4890246901	0.8508280205	0.5011743421	0.3487398341	0.3702261501	1.1055277099	1.1952498978	0.3230271814	1.1161013897	0.6148469849	0.8653468388	0.8950559105	0.5617466705	0.362510528	2.2390485125	5.5986912366	0.3531293289	0.9761707347	2.2812461584	6.7116497729	3.0511831956	1.6185239028	0.5200990334	0.5260118389	1.0617385917	1.9844691447	0.4931121796	1.9170931098	3.7553091815	0.8238285815
0	3.1732175978	4.5772528802	0.5013106695	2.6943365627	2.4595657642	1.9389374117	0.9287265653	0.2134367511	0.6950754767	1.0779260821	0.9928787725	1.0088980097	0.3958040024	1.3222368255	0.2030466577	0.7938805915	1.0833668237	3.1393730507	2.7882176772	0.8875061061	0.4450840597	0.3278207587	0.4144467042	1.2593486437	1.1659479658	0.2770587552	0.7732472673	0.6342758353	0.8035860513	0.883526824	0.5406909343	0.3437002074	2.5675815333	3.9288759566	0.342967632	0.893382123	2.4070040178	8.9326352014	3.773283756	1.7137684821	0.4812517569	0.4955308241	1.1877073448	2.2260088073	0.4688580311	1.4890758428	4.9375758757	0.7836791563
0	2.3835689725	3.5608083981	0.5472620288	2.2176906639	2.1815126101	1.3976792621	0.9770437442	0.2349143698	0.777568421	1.1357202867	1.0876390547	1.0774486068	0.4422934347	1.3343276282	0.207783934	0.8538842313	1.1256803066	2.7858128333	2.4006399199	0.8858544971	0.446989223	0.3572235945	0.5387649314	1.4030896734	1.1838919524	0.3445085036	1.0811265642	0.6779860316	0.8756015179	0.8973796097	0.5950152044	0.3699365224	2.2763761983	3.890050957	0.3753903975	1.0345469607	2.1833053982	6.2141878966	2.8761145239	1.7564266886	0.4762724312	0.4811064229	1.1241094458	1.9693042649	0.5243016866	1.7844752641	3.366310978	0.825156708
0	2.7061011596	4.118461944	0.46044605	2.1582900818	2.0234206927	1.3573649943	0.9935818929	0.2405811208	0.7584195061	1.0982750146	1.0556405306	1.0337186793	0.4184500619	1.3538445882	0.2198169455	0.8309334606	1.1138476459	2.62363961	2.2389313855	0.9517830409	0.4246563902	0.3735293754	0.5711928854	1.3484692669	1.0278482091	0.3421652944	1.0065801655	0.6623863514	0.8917663465	0.8900245762	0.633928887	0.3958161037	2.1873261098	3.8413164652	0.3303075588	0.9991795549	2.0725164461	6.8118244147	2.5342320505	1.6745288191	0.5427486917	0.4940358417	1.0190220551	1.7446928599	0.504906184	1.5597957179	3.8454711429	0.8746740492
0	2.22961999	3.7903812781	0.6352975234	4.7070079709	3.6984082479	2.0365572043	0.9809686574	0.2164740107	0.7325261838	1.1915797351	1.1516442468	1.0353706239	0.3956212079	1.3243032011	0.2090125536	0.8633127701	1.1205448035	2.3615848846	1.95817547	0.8748239016	0.4598763255	0.3578091873	0.5061632213	1.1941063617	1.1071334427	0.2305216274	0.9151131513	0.6201475762	0.8202463702	0.8204230653	0.3976468657	0.3589049719	2.309591077	4.8886530019	0.384371503	0.9184146051	2.2398607269	6.3819490324	2.7507460605	1.3619568233	0.3594856734	0.3870401746	1.4761728634	2.0967347573	0.5374982038	1.7097757738	3.8497815428	0.7028581976
0	2.4012210207	3.5115936512	0.6311439113	5.5914159161	4.1582125705	2.1667188777	0.8410445627	0.1814629921	0.6505443101	1.2038130728	1.1148263151	0.9120870879	0.3745448201	1.2781037301	0.1987661388	0.852281144	1.0616761816	2.6488539443	2.2025618632	1.0192958462	0.3802544478	0.3160821032	0.5008459869	1.4668774702	1.053429191	0.2682880192	0.860122867	0.6109851534	0.756813327	0.8038338133	0.3156507202	0.3102958492	2.5489935689	6.8623063562	0.3467686657	0.9402693959	2.6918038463	6.21955847	3.3371830564	1.25915792	0.2251620437	0.220323287	1.4512039536	2.2982801708	0.4532743436	1.7583240174	4.2843200644	0.7046659258
0	2.1929828328	2.5733200902	0.5552441472	4.9174427461	3.4953037149	1.9414523935	0.8815303746	0.2132799835	0.7206404508	1.1401255752	1.1828399007	0.959711251	0.4442518968	1.3984899761	0.2236397155	0.8658945961	1.1552207214	2.0849082425	1.8164937587	0.9407901557	0.434342036	0.3522355819	0.0999595341	0.8470756405	0.927116852	0.2758032981	0.8079160229	0.6429509539	0.8430524158	0.8461936639	0.2921930245	0.3214973456	2.333744281	5.5919816519	0.3752466809	0.9618461429	2.1768040518	5.7001609299	2.7060065024	1.1162644334	0.1892382369	0.1991086664	1.4215149445	1.9662027472	0.4984656088	1.734359573	3.9489322504	0.7707527046
0	2.3974793606	3.6535648657	0.741661306	6.0295956059	4.5046447443	2.2184386129	0.8876219713	0.2014003536	0.7303839688	1.1971049596	1.0638733429	1.0328221637	0.4020273813	1.3320349255	0.226992476	0.9689421995	1.0827900525	2.3383331626	1.8884442155	0.9412275353	0.4311751016	0.356323307	0.1065367066	0.8494896297	1.0944369003	0.2860018977	0.8902639569	0.6629802092	0.8973305484	0.8731547954	0.3394119682	0.3211963469	2.3373010162	1.5105657262	0.4222350194	1.069512933	2.2671964559	5.8197832109	3.2688556397	1.4038182563	0.2152928084	0.2057450671	1.5780161466	2.251893141	0.5083062278	1.4019260947	3.7754290867	0.6928185015
0	2.8857012273	3.9608233808	0.4295624417	2.0462312757	2.0858383044	1.7130337357	1.0402686638	0.2285038947	0.6846776381	1.1540877207	1.0344042003	0.9820990569	0.4407535529	1.4101078231	0.2249365799	0.8406787177	1.122674555	2.9278992574	2.5457608801	0.9670399759	0.4309968851	0.3524821075	0.5016781915	1.4995421825	1.005223455	0.3285303407	1.0300172893	0.6396436906	0.8672265514	0.9290483207	0.6161021282	0.3616745325	2.3860747856	5.0207671729	0.3275619028	0.8908038993	2.1179024478	7.666992634	2.6314109201	1.5836605712	0.4723530375	0.4538718085	1.1544462544	1.8740866124	0.5127790281	1.5906256557	4.2337407667	0.9146906175
0	2.8001920367	4.2281174192	0.5465297068	2.1831818217	2.3547379006	1.8301109429	0.9848211424	0.2193967799	0.7082783889	1.1826111873	1.0995218379	0.9521981026	0.411975994	1.3575306623	0.2239824888	0.8314082551	1.168818403	3.0790600425	2.5339647585	0.8609424629	0.4200375833	0.3558322652	0.4652307146	1.2961419661	1.1245025621	0.3775433095	0.9966005999	0.5801309273	0.826115922	0.9533283696	0.5857700603	0.3567488501	2.3551894288	6.4054114014	0.3502935145	0.9122402626	2.1656507529	6.8143818531	3.0292966505	1.6745059414	0.4523233739	0.4602207619	1.2102841933	2.0358736353	0.5004236166	1.760872282	3.7535354837	0.9646554285
0	2.8546995593	4.0719560118	0.4995617792	2.342495703	2.2325343668	1.6430674812	1.0361126979	0.2230527364	0.6920712127	1.2353571195	1.1118787141	0.8991786367	0.495967647	1.4558900265	0.230062735	0.825114908	1.1967756467	2.7642669494	2.4003791913	0.9645815496	0.4365470261	0.3596563239	0.5898716241	1.7251659271	0.9688782159	0.3240903347	0.9112539956	0.7282928582	0.8593829948	0.9250649143	0.5783074384	0.3615925979	2.3036364096	5.8942155558	0.3246702819	0.9182941058	2.0224067474	7.9410749487	2.642310785	1.4123110014	0.4101564264	0.4207605915	1.3009909971	1.7773062438	0.4831027276	1.863438157	4.3826233009	0.8562074855
0	2.6334404352	3.9792005588	0.5479154229	2.3441895054	2.3021971827	1.811723544	0.9564598273	0.2154071925	0.7212196932	1.2596637289	1.0028739236	0.9202359808	0.4217401514	1.4062231915	0.1989920864	0.8038533989	1.0896824629	2.8979537645	2.6300061355	0.8783664612	0.4146671945	0.3413947516	0.5416627484	1.3792163764	1.0985150156	0.3588405558	0.9464595739	0.584896621	0.7804707149	0.893664489	0.5545974175	0.3409394032	2.4336918703	4.4428871457	0.356356005	0.992572471	2.2431120888	6.3801921085	2.9520042659	1.6066913883	0.4169135595	0.429830361	1.3681822921	1.950927731	0.4559701576	1.7011441262	3.6792885829	0.8535946433
0	2.4398581083	3.5829790353	0.552868033	5.331323942	4.1630625508	2.0960598635	0.9432753531	0.206746186	0.7550912668	1.1429698028	0.9990414511	0.9152826234	0.4523737414	1.3927351501	0.2201094024	0.8948758497	1.1193336982	2.2375328357	2.0114384754	0.7995199334	0.4437841817	0.3278504477	0.4963799671	1.4220227798	0.8902569217	0.241260848	0.8510787609	0.58343853	0.8777028761	0.8274585089	0.3542319802	0.3240091226	2.4819915301	4.1898177945	0.3543152568	0.9098274807	2.2441833511	6.1970406855	2.9524925865	1.3312027569	0.2582382028	0.2667334933	1.2975469851	1.9001534715	0.4842522816	1.6245927611	3.5465637187	0.6926805738
0	2.4479755104	3.5253861937	0.508901222	5.7000828891	3.8083051805	1.7263854771	0.9334102981	0.1956923236	0.6900856579	1.1330455937	1.029367467	0.9168954432	0.4853865008	1.4174325342	0.2138960962	0.8289321282	1.1078989756	2.4809499636	2.0654094523	0.9361339083	0.4030687948	0.3178560895	0.5423736621	1.6851764212	0.8312449105	0.2504092566	0.7803391632	0.5861443609	0.8148522815	0.860249285	0.3282624886	0.3307456467	2.4089501591	7.2044376733	0.30513313	0.8462950149	2.2615441277	6.5471706519	2.9239090474	1.1884653205	0.2095832051	0.2207050886	1.2086644319	1.8716165926	0.4487950636	1.7893721602	4.1089014244	0.7089637831
0	2.1289410018	3.1701206846	0.6219561864	5.7652623175	4.529648432	1.9469773436	0.8277222171	0.1992120549	0.7205559874	1.096385511	1.0711095023	0.9379963647	0.4924095727	1.4124217136	0.2250889276	0.870108848	1.0136047391	2.4253159113	2.0521387565	0.8626129132	0.4492916755	0.3191960473	0.1115163905	0.7902317804	0.9489878237	0.2957453379	0.8154875732	0.6277795737	0.8128348915	0.8018927093	0.2807868531	0.3068967429	2.369585164	3.685651683	0.4063964261	0.895601041	2.2381384689	5.7916624134	3.1420636397	1.2148818815	0.1816081299	0.174674872	1.3339585998	2.1005164599	0.5030086663	1.5415400036	3.2563791734	0.7411585029
0	2.4301037322	4.0523222124	0.5757317638	5.0420225818	3.9365441433	1.7595759253	0.8564976649	0.1998093238	0.7066797645	1.2456496762	1.0754295895	0.8691382505	0.4989129736	1.4075987982	0.2178328532	0.8484429527	1.467789071	2.5377312233	2.1811517793	0.8712358876	0.4276237974	0.3116304791	0.1085050991	0.90926093	0.8490006535	0.2828931984	0.7594565651	0.6500688954	0.8577805947	0.882654583	0.2766264667	0.3227642365	2.2723804399	8.9187540116	0.3281811059	1.0325541614	2.0331917272	6.7343525847	3.6926802753	1.0971716701	0.1546542021	0.1628656165	1.2029226455	1.8328561731	0.465920412	1.6895568963	4.7193523305	0.7178767875
0	2.8028246541	4.1353356774	0.5819816238	2.2350610432	2.5415728101	1.9808727621	0.8958699787	0.2172036608	0.7438634727	1.3835707287	1.0615174039	1.104431181	0.4440403423	1.2559351232	0.2378923572	0.8690798244	0.99545841	3.1871975376	2.4660049106	0.8867316394	0.5029764728	0.3377199164	0.4587027649	1.3188273331	1.201230262	0.2960354973	1.029792549	0.6655638589	0.8842589982	0.7499441667	0.511602286	0.3456471845	2.3408151984	0.8342035375	0.4228191973	1.0398393827	2.5747938139	8.655356514	3.512416532	2.2016620708	0.4979986606	0.5034442553	1.5924265484	2.3309722777	0.5015609493	1.1458471519	4.1098562474	0.7117465409
0	2.8664637852	4.5136329677	0.546471391	2.1195054536	2.1512637173	1.8409808389	0.9926230524	0.2353315588	0.684555682	1.0730602852	1.1229132685	1.006110842	0.4735630753	1.3407948168	0.2411297382	0.969812505	1.1467774894	3.067799381	2.7114036328	0.8888140363	0.4221180651	0.3455925508	0.5352272505	1.5617507167	1.1559703392	0.2775556852	0.9823834864	0.6433573225	0.9392690332	0.8462648885	0.5617494891	0.3402632942	2.2479151042	3.8713364718	0.359244936	1.0047868725	2.0518330202	8.7981271197	2.9802039175	1.6553784021	0.4841031294	0.4793909689	1.3534232106	1.9882841559	0.5419423967	1.4970234883	4.2468498958	0.7124928839
0	3.0365624331	4.0840408337	0.4678036266	1.9665220599	2.0736749215	1.4711187629	0.9819702833	0.2269353477	0.7226119046	1.1122336226	1.0301192842	0.8677417901	0.5195375081	1.3376108171	0.2022106273	0.9100855205	1.1589500247	2.9740716466	2.5738473942	0.9514021329	0.4344405546	0.3496919531	0.571353102	1.6710202128	1.0046564901	0.3109645326	0.8765715426	0.6305460604	0.9152453524	0.9086642916	0.5858083813	0.3566117179	2.2449109181	5.1407868689	0.3155921389	0.8371227704	1.9636524597	8.7830745958	2.7653708028	1.5145858298	0.4025426514	0.3529178308	1.2087941778	1.6774804489	0.5076604534	1.5444764162	3.9801801915	0.8266895
0	2.447462559	3.1318432536	0.6554264302	5.3350528998	4.2504159144	1.7575794592	0.907535828	0.2079895556	0.7347453777	1.1965571199	1.076753604	0.9455465836	0.4433079791	1.3515790674	0.221116204	0.9151443572	1.1107987078	2.4507958664	2.0130036347	0.90501518	0.4092760588	0.343502823	0.467507876	1.2012771257	1.0060136569	0.2859011404	0.8473668095	0.6527326621	0.8161599272	0.8721324875	0.3131495376	0.3752945422	2.309129383	4.5467980932	0.3988414008	0.9495693234	2.303834003	6.1679597041	3.0376756652	1.2274752438	0.2018005317	0.2091972726	1.1023825539	1.9869922727	0.4961654662	1.5412209949	3.4478783611	0.7159089202
0	2.1381010548	3.1482873959	0.7004709813	5.920425196	4.6802855541	1.7295309734	0.8392486209	0.1955931018	0.7043440923	1.2905078323	1.1956154811	0.8928753387	0.4563187563	1.3797635192	0.2128832482	0.8687987864	1.1275407833	2.5751033363	2.2467846889	0.9140021105	0.4435519017	0.328032043	0.6915545422	1.8689461679	1.0124456462	0.3010352086	0.7861655994	0.6221284263	0.7300192298	0.8964423705	0.2848563387	0.3349082645	2.3313588361	6.263274972	0.3846451905	1.0164568019	2.5165607077	5.6549058428	3.5231729171	1.3148008982	0.1760289819	0.1776481458	1.1367901422	2.1197431796	0.4746167226	1.935289793	3.3799252319	0.7615539241
0	2.2680253625	3.3159023917	0.5829698136	5.0878048061	4.0935894356	1.522361359	0.8155940907	0.2111434683	0.7004173058	1.0610733379	1.1393210752	0.9817968494	0.4832209757	1.3570279555	0.220017197	0.8838441755	1.1072730404	2.4476809772	2.0525563364	0.9920868218	0.4477069705	0.332079784	0.1114272974	0.7866348041	0.8578122926	0.2948141099	0.7906091496	0.6260790948	0.8120202891	0.8646641374	0.2600448664	0.3296449229	2.3977648664	6.4229262548	0.3630761878	0.9337464552	2.24662436	6.3051754056	3.0923273247	1.0691032267	0.1269390315	0.1211427295	1.1182192454	1.8574788256	0.500328268	1.7410768874	3.6090455137	0.7647842112
0	2.3445119283	3.4354015989	0.6589181734	5.7519257185	5.0945761069	1.6711298838	0.7926422141	0.1978774882	0.6977244207	1.1114865353	1.178611721	0.921586865	0.4652842659	1.3956631161	0.2055352384	0.8587748885	1.126915142	2.5721682943	2.2007714996	0.9535605381	0.4428793533	0.3165093581	0.113288287	0.7994256864	0.8784591841	0.2870490275	0.7896878693	0.5951753467	0.7751591636	0.8886403331	0.2635548026	0.3045827368	2.3524568962	8.9911736902	0.3516751533	0.9464295793	2.2953104548	6.4956586913	3.1961112634	1.1091464624	0.1252279953	0.1227674198	1.1782063339	1.9610164761	0.4655943396	2.2397401665	3.3009453559	0.7294886608
0	2.9797375177	4.3584456466	0.5970502312	2.0173182512	2.3832033043	1.7047157905	0.9663917864	0.2011685524	0.7193594346	1.2921286074	1.1964582153	1.0463591929	0.4283945724	1.3218837622	0.2369051047	0.8301489487	1.0463351037	3.240660949	2.5954439301	0.9487352274	0.4807018991	0.3316986811	0.518409051	1.2252336919	1.2291520298	0.25408043	0.992543124	0.6708197772	0.8239859907	0.8921950444	0.5610844235	0.3108317626	2.3018469269	3.7036032928	0.3800315677	0.9567868285	2.3432366239	9.4251414778	2.9082723454	1.7417468716	0.5420447755	0.6050882599	1.2611774184	1.9405931322	0.4648238449	1.7485660092	4.3787288272	0.6120192175
0	2.7526634018	4.5225122596	0.5738741594	2.0517156735	2.1229945955	1.6720636585	0.8956794829	0.2015584624	0.6878474461	1.1369257005	1.1992459248	0.9573866152	0.4349880195	1.3060081963	0.2252919473	0.9343385209	1.1113965728	3.3677445715	2.9586013953	0.9886013943	0.4296116509	0.323952972	0.4931888031	1.3824895547	1.2630083713	0.2589657965	0.9860266275	0.6207407329	0.8620539947	0.8404470632	0.5253181624	0.3266415784	2.3543591062	3.9492247694	0.3611886137	0.9608233249	2.205054832	7.8757171945	3.1831748251	1.7236098071	0.4510076444	0.5022027692	1.3716056127	2.1117598516	0.4910811367	1.8920312232	4.436311909	0.6887078366
0	2.5910219587	4.0224521409	0.6451513123	2.5119703341	2.5806871173	1.7409235264	0.844232112	0.1971436546	0.7459937889	1.2257074413	1.0884171334	1.0526497892	0.4355107448	1.2970154617	0.2276277656	0.8631166894	1.0612586466	3.5685254681	3.0278732169	0.9937144354	0.4788314502	0.3373973659	0.5771575565	1.4910210551	1.3620744982	0.2857695198	0.9227099801	0.6670371963	0.8504363972	0.8218658976	0.4827978278	0.3371222357	2.28986099	3.2776117081	0.3934145299	0.9914941033	2.6336205183	6.4394174631	3.4621245555	1.828358827	0.3889456898	0.3840426713	1.4452357606	2.3575607685	0.4993868154	1.7617290161	3.783851516	0.7453161593
0	2.7018502014	3.8570611641	0.5616345768	2.3288971621	2.31869246	1.6055582284	0.8657260016	0.1878451036	0.7032188283	1.1209999295	1.1287228979	0.9251515643	0.4254977434	1.3099736874	0.1989983304	0.8201627372	1.1256302665	3.4254932594	2.9609074565	0.9613555808	0.4306305114	0.3187092602	0.533152718	1.3330909415	1.2373911526	0.275809721	0.9054063053	0.6685912725	0.7938149517	0.8673073568	0.4983994736	0.3580320152	2.3891996673	6.4874192447	0.3594652753	0.9372631928	2.5230923486	7.1063148957	3.3155585118	1.7571907447	0.3620303165	0.3699306157	1.2916804945	2.2365764125	0.4757350908	1.8092057572	3.7447013861	0.7460753679
0	2.5078145509	3.5053329191	0.637445858	4.7413914661	3.6830134674	2.1546896653	1.0130055514	0.2134418159	0.7192415993	1.0723988018	1.1231032544	1.029988524	0.4078298438	1.2544558333	0.2280837576	0.8161979854	1.2225823742	2.1907304528	1.8216218123	0.8219367689	0.4192361582	0.3452715201	0.426422436	1.1601472957	1.0245771414	0.2621350871	0.9828199918	0.7072172044	0.8704432687	0.8993230926	0.4030152183	0.3733894221	2.1938207001	5.222073091	0.364016464	0.9976918569	2.1369199962	6.0241657172	2.8365511419	1.2653172825	0.3388337728	0.3607053049	1.2394695491	1.9142081131	0.4680786402	1.634529	3.352456585	0.7186521943
0	2.4926188772	3.4939091613	0.6207380012	4.4638785401	3.3856174231	1.931710682	0.9230640449	0.2206320007	0.6965064034	1.0117896946	1.0719105967	1.0034295974	0.4900981222	1.3032076594	0.2589242522	0.8561182004	1.0954142989	2.1638438989	1.8105087302	0.9110352693	0.4102309868	0.3458849063	0.4526875955	1.0907959252	0.9325252851	0.2938657818	0.8788636697	0.664896274	0.8564283466	0.9100678552	0.3478683062	0.3758441867	2.2184180482	4.2846883148	0.3692759766	0.9697130063	2.0796320766	5.9568008726	2.8459436445	1.2658220243	0.2567121862	0.2456639345	1.3103222268	1.9776653949	0.4625232715	1.5847129862	3.6068536825	0.8003340798
0	3.4925014721	4.5134604226	0.5309642751	2.0002942244	2.1168569399	2.0728086019	1.0164815925	0.2279682997	0.7641377405	1.0992163887	1.1990543347	1.0996287702	0.4725324185	1.3177669655	0.2256365963	0.8596365472	1.1442279682	2.970321452	2.4814243582	0.9128531682	0.4622961748	0.3939290574	0.4220061108	0.9166501503	0.9889497479	0.2941136313	1.062378465	0.57741122	0.8841039055	0.9254796565	0.5889686179	0.3601118133	2.6995367449	3.6320299366	0.3586425521	0.9505868076	2.0351545421	11.193274558	2.90957176	1.7259052792	0.4839694445	0.4450853014	1.230305417	1.8032308096	0.4518739369	1.5634243339	5.5071989924	0.7929904257
0	3.3368581375	4.5949625856	0.5491386444	2.4220748197	2.4735304152	2.030708759	1.0370294713	0.1966710343	0.7547817977	1.2132212702	1.1091254196	0.9577699397	0.4711718155	1.3242929157	0.2263462521	0.8756535665	1.1565030462	3.2714634833	2.7837943319	0.889066031	0.4335736173	0.3536118269	0.4105528266	0.9870079686	1.0668369093	0.2751830519	1.0581887903	0.5697932405	0.8372137388	0.9721661504	0.6003498658	0.3504341869	2.5941835438	4.1164064877	0.3848891608	0.9160187297	2.1741056961	8.9766320735	3.1635001461	1.8791610139	0.534767456	0.5325813678	1.2520085941	2.1935849483	0.4860303233	1.7219732611	4.2789854947	0.7216801038
0	3.037454585	4.4208732907	0.5372542487	2.2711058185	2.2810926285	2.2192216072	0.9480947816	0.2091320601	0.6918497552	1.107365792	1.0572946008	0.9723937338	0.4566166556	1.2925666529	0.2177033917	0.8702522265	1.0900840226	3.0519393469	2.5882096269	0.8481578947	0.4141107775	0.329527096	0.4203675182	1.0785912523	1.0132303725	0.3123378516	0.9534788484	0.6447801561	0.849197119	0.8817965571	0.5350911255	0.3493136459	2.5517673328	4.1305091151	0.3896699731	0.9714514794	2.2643428905	7.4601257222	3.1770005093	1.7001788403	0.4212820851	0.3914375674	1.2793714277	2.0093765683	0.4751799738	1.3718559952	4.1488961314	0.894990114
0	3.2287319322	3.7253636852	0.4829330706	2.2478825774	2.2148756091	1.8818408577	1.0218898259	0.1990972078	0.6775970356	1.0080883391	1.0632085166	0.9551728054	0.4866776355	1.3644703757	0.2012009022	0.8367674144	1.2064396819	3.1522066379	2.7768886872	0.9748894283	0.371455337	0.3373364765	0.4689767086	1.2341189424	0.9793700972	0.3119663058	1.0101119635	0.6013283433	0.8932247005	0.9910862686	0.5862382053	0.3560432833	2.5111432357	6.9397658372	0.3105590629	0.9231399621	2.1329326828	8.6000462009	2.8484234505	1.6215510095	0.456407435	0.4227255439	1.2930536891	1.8314494039	0.4739747486	1.6605102728	4.4562789715	0.824492279
0	2.48315752	3.6233510376	0.6793866432	5.3795950147	4.0829364098	2.1749393901	0.9389164174	0.2258814985	0.7041781363	1.104821744	1.0748804062	0.9701797113	0.4308899972	1.2915230462	0.232026153	0.8623148046	1.1341510867	2.1958265551	1.9427654162	0.8351327057	0.4351023161	0.3391481837	0.4864665873	1.1861133617	0.9827565511	0.3353914314	0.8757407984	0.6379534215	0.820801869	0.872587147	0.3459290301	0.3373642352	2.1463298275	5.9742653644	0.355979846	0.9819110176	2.151507005	6.2345118106	3.1627919469	1.20722589	0.2624272673	0.253361397	1.2735132309	1.9703097761	0.4690957412	1.6377823419	3.5123757703	0.8149583232
0	3.4130967632	4.6142481868	0.7145151965	7.127398975	5.52759555	2.8505994164	0.8679279626	0.2099475854	0.6329276951	1.0066762144	1.0407209771	0.976685824	0.3920622662	1.2917461996	0.1914333751	0.8640086722	1.1192451185	3.0273805015	2.3081988656	0.9382471581	0.4083214193	0.324926786	0.4285354702	1.3052733793	0.9849895367	0.2720098536	0.8968749337	0.5734274995	0.7833501625	0.8982403821	0.2742494513	0.3373522455	2.4997953225	7.6698151574	0.3327971736	0.8972202761	2.8939817919	9.1426675995	4.1241060029	1.2877570048	0.2151654261	0.2108386099	1.3729584721	2.6736416604	0.4065817415	2.0733957042	5.162122907	0.8686745202
0	3.9825330148	5.7558005177	0.6263350153	2.4758892119	2.8894760759	2.3644517431	1.0565777221	0.1835266248	0.6833840759	1.233761501	1.0721626086	0.9976290894	0.5237625347	1.4082471752	0.2104404694	0.8422859957	1.1464571855	3.76397179	2.7451323777	1.0622351877	0.4266321114	0.3107861673	0.5323349475	1.6698841391	0.9226033819	0.2353253969	1.0870186693	0.5101628305	0.7918372722	0.8405548023	0.4678576389	0.3012308386	2.7008106657	4.7154744569	0.3098835661	0.9115690019	2.3142549621	13.1144253495	3.2691604459	1.7318875459	0.4033006996	0.4095031761	1.1655365672	1.8704549126	0.3903625844	1.8547266645	6.0035416649	0.6151125935
0	3.0158871889	5.2326075122	0.5795236849	2.152557853	2.5909955545	2.1752147297	0.9563718037	0.205033044	0.6759099379	1.1273443359	1.1395555413	0.9491309197	0.483390901	1.3549179429	0.2226649599	0.8864188593	1.1545006417	3.2917279256	2.6075749091	0.9793528812	0.3985844333	0.34923497	0.449620985	1.0833286474	0.9173309125	0.2816380056	1.084136047	0.6254323245	0.8560434759	0.8684224385	0.4941867846	0.3198140294	2.5429958252	4.1577674908	0.3456537075	0.8742450516	2.1784850557	8.4927972978	3.1262756043	1.6495219556	0.4109528226	0.3798660647	1.2115409218	1.9682647695	0.4549997115	1.8578336473	5.152226992	0.7901607367
0	2.7230878019	4.7044561343	0.5869743036	2.2616183337	2.5833834767	2.224899737	0.9878388857	0.2130182616	0.7105255073	1.1133964896	1.0481889426	1.0505434389	0.4923264196	1.3538847592	0.2339384836	0.8618789605	1.148201373	3.2229846004	2.4574557354	0.9303931112	0.4249303438	0.3530945189	0.5112886052	1.3903929171	1.0070606047	0.2832291057	1.0661549879	0.6108610529	0.8493722853	0.8944499237	0.523391316	0.3737571979	2.4551861036	3.8941031601	0.3701067218	0.9313150417	2.0727993895	7.6922600484	3.1309992863	1.6044193089	0.3934809578	0.380764989	1.2438758949	2.0387087012	0.4688383981	1.5317387462	4.7582637072	0.8359202017
0	2.9186242637	4.0833907488	0.6785802067	2.4993724606	2.5387645039	2.228280685	0.9422349766	0.2028216275	0.7103805663	1.1613956056	1.1773249782	0.9610820193	0.4231724802	1.2820732294	0.2264225496	0.8045647829	1.1379460192	3.4301809404	2.6921133228	0.919412486	0.4007302244	0.3363369423	0.5107278821	1.258008407	1.1693529899	0.2877459209	0.9991452312	0.6482229011	0.8404294453	0.9421984384	0.5063583103	0.3750017153	2.1963857776	4.1012864972	0.366188438	0.959096646	2.2830290626	6.6846310393	3.1653665466	1.6288973643	0.4456828154	0.468062871	1.3087865125	2.0739490485	0.4599919193	1.7201563507	4.0240885205	0.8363327945
