NON $ % + - . 0 1 2 3 4 5 6 7 8 9 : ; < > ? @ A B C D E F G H I J K L M N O P Q R S T
#NON	4EBP1_pS65	ACC_pS79	AKT_pS473	AKT_pT308	AMPK_pT172	BAD_pS112	c-JUN_pS73	c-Met_pY1235	c-Raf_pS338	CHK1_pS345	CHK2_pT68	EGFR_pY1068	EGFR_pY1173	EGFR_pY992	ER-alpha_pS118	FOXO3a_pS318_S321	GSK3-alpha-beta_pS21_S9	GSK3-alpha-beta_pS9	HER2_pY1248	JNK_pT183_pT185	MAPK_pT202_Y204	MEK1_pS217_S221	mTOR_pS2448	NF-kB-p65_pS536	p27_pT157	p27_pT198	p38_pT180_Y182	p70S6K_pT389	p90RSK_pT359_S363	PDK1_pS241	PKC-alpha_pS657	PRAS40_pT246	Rb_pS807_S811	S6_pS235_S236	S6_pS240_S244	Src_pY416	Src_pY527	STAT3_pY705	TAZ_pS89	YAP_pS127	YB-1_PS102
0	0.6906970036	0.2132625494	0.0666286488	0.2105087071	2.0954813668	0.5842818077	0.3730113211	0.4781285439	0.3231695662	0.2656924289	0.2218488196	0.0885331857	0.4583755175	0.123778815	0.8592899614	0.4705891869	1.1463395993	1.3264835909	1.6790402034	0.2085626724	0.2007932274	0.1876352651	0.651896816	0.5757995163	0.6675917438	0.4410582117	0.177736143	1.4957794488	0.6209378945	1.05287114	0.2157669153	1.0767689368	2.1435117596	2.6480068643	1.1982322062	0.0864270379	1.2441673853	0.2009706004	0.7276395322	0.401098463	0.5445438642
0	0.7197818522	0.1489430746	0.0577193496	0.227801757	2.1709460894	0.5772456212	0.4117546328	0.4621139653	0.2749765832	0.2506644208	0.2204590531	0.0828079215	0.4437521727	0.1235434011	0.7431697365	0.4808247146	1.1275505546	1.2449153767	1.3928214229	0.1924961611	0.2111903444	0.2036389929	0.4096532874	0.528529855	0.6191952448	0.4486066116	0.172803021	1.9104801833	0.6149321321	1.2132419984	0.1908378622	1.1831667865	1.9333602689	2.9470659879	0.9725513869	0.0899617181	1.155582589	0.1892644141	0.5549509786	0.3827959134	0.6254621496
0	0.7027522363	0.1704861843	0.452023039	0.566700297	1.9463770072	0.5654830573	0.3771175112	0.4579404863	0.3303216048	0.2839376961	0.218956756	0.0863775168	0.4363033937	0.1208802642	0.894784275	0.4569323092	1.1473823756	1.3262166796	1.646874	0.2090695644	0.0582024217	0.1204941246	0.6218448052	0.5842992987	0.6462136355	0.4397985006	0.173684921	1.8400610533	0.5946441961	1.0830580491	0.2177997481	1.0818997148	2.1435680929	2.7520863399	1.1371332852	0.0817445915	1.2770883548	0.1969688303	0.6438128605	0.3402127185	0.5737691529
0	0.7104304879	0.1216683158	0.4311149755	0.5446162188	1.8603875328	0.6405301174	0.4214377043	0.4773699172	0.3209428464	0.2425336357	0.2288564157	0.0856731946	0.4424740576	0.1191279875	0.8319875985	0.5010272596	1.0784794285	1.3004068232	1.3939351168	0.2041159251	0.0765816579	0.1470460402	0.4222425003	0.5448752558	0.6374352513	0.4472857777	0.1744402014	2.1623432223	0.5905642433	1.1459033153	0.1898572038	1.059590602	1.8291444979	2.8625216564	1.1902134003	0.1051412978	1.1456059938	0.19128526	0.5757441662	0.3950603868	0.6165474859
0	0.7018710426	0.1844708477	0.4583874425	0.739110505	1.6660445838	0.5218368525	0.3850406274	0.4836774031	0.4798099395	0.2552501189	0.2007973622	0.0851685006	0.4228065659	0.1181110334	0.7481800685	0.4774611289	1.0094074832	1.153241369	1.2517524005	0.1995141227	0.3336405304	0.2830586803	0.4626373948	0.4282488986	0.6143710603	0.4975513299	0.1900755668	1.4114855351	0.6453453944	1.0948238772	0.2212143193	1.0075162355	1.8594991766	1.5209714621	0.7382336875	0.0897043055	1.1962483039	0.2059198847	0.6288163479	0.4092026582	0.6040827977
0	0.7263757457	0.1613002607	0.0990451399	0.3253811941	1.4222118683	0.5989569182	0.392040897	0.46562983	0.4934100104	0.2590408647	0.2054818186	0.0817181512	0.4494172833	0.134529457	0.75366906	0.4832596786	1.2147704416	1.3043956325	1.2708859427	0.1947961171	0.3229727689	0.2562647344	0.5224804825	0.5138206862	0.6377220874	0.4480982057	0.204522439	1.6227816664	0.6444301927	1.0975642575	0.214113171	1.2421898742	1.8863936299	1.81772973	0.8923133247	0.0898020457	1.2120437587	0.1973643256	0.7168019785	0.4546418388	0.6525454935
0	0.7130385634	0.1881984823	0.0874586889	0.3448532099	1.4155368488	0.5489221049	0.3691009752	0.4613422101	0.5714722923	0.2567885717	0.2153636064	0.0814090614	0.4244810994	0.1303722776	0.8602834928	0.4617286637	1.1931332593	1.2734887761	1.2610920958	0.2022297839	0.297291204	0.2407230184	0.5893010825	0.5088190937	0.6112471725	0.4464416126	0.2057397285	1.7054630857	0.6317177832	0.9886355634	0.2357797033	1.1166818782	1.9401123616	1.994739029	0.7723211539	0.0938793921	1.1831374723	0.1961789965	0.618536981	0.4526765468	0.6105380173
0	0.6759765677	0.1642660294	0.5325904621	0.735819566	1.5295377939	0.5750600865	0.3860816505	0.4869069287	0.571455151	0.2281449073	0.1977258045	0.0803331071	0.4397410214	0.1214485853	0.7453281257	0.4967445087	1.126094992	1.2754389771	1.5519392795	0.215576085	0.308890315	0.2560011603	0.4396395571	0.4381853762	0.6192955387	0.4623796279	0.2034391157	1.5643432567	0.65400985	1.0265069017	0.1971237931	1.1705988799	1.9574361183	1.4169321933	0.687137692	0.0850975733	1.143642756	0.2033146415	0.5805209548	0.3947235312	0.6398084668
0	0.7470607642	0.1913573412	0.0847991756	0.2207745627	1.8152844025	0.5715090089	0.3401072939	0.4635785078	0.3067019825	0.2575086572	0.2250166382	0.0932960996	0.4957444088	0.1088226832	0.9117530757	0.4119406814	1.2070251195	1.298675913	1.3522418904	0.177631423	0.168159662	0.1520901293	0.6219013187	0.5582691405	0.5807430075	0.4713815115	0.156882294	2.1075782106	0.5695604479	1.0856952649	0.2246164574	1.1071879314	2.0201794724	3.0818018143	1.2613527291	0.099708194	1.2244754096	0.1861439415	0.4935598593	0.4349061287	0.4566997099
0	0.7854524393	0.1145632564	0.0606635926	0.2131539634	1.8672047965	0.6417004567	0.3793002812	0.4560342356	0.2486872346	0.2578543911	0.18781794	0.0974755198	0.4226411824	0.1113167281	0.7212323013	0.482753569	1.0826475165	1.1523344374	1.21366382	0.1671623817	0.187059486	0.1941271644	0.3228482867	0.4951943593	0.5870360931	0.5087367535	0.1501979607	2.507037443	0.6797693105	1.0950731533	0.1848043704	1.3496483418	1.801024187	3.4795744527	1.2742052159	0.0939834505	0.9176294937	0.203774108	0.570469891	0.425590535	0.553003056
0	0.8440706758	0.1306612487	0.3986306592	0.5437045121	1.8250159655	0.6783589317	0.4114738279	0.4200629225	0.2418943164	0.2377402439	0.1610935472	0.1068038816	0.4612204644	0.1291173673	0.8457430942	0.4647034362	1.0830784435	1.1410770007	1.1706843034	0.1958658015	0.0580027567	0.1319386403	0.3352278825	0.51041966	0.6211261465	0.4344680244	0.1541240327	2.5419923806	0.6409922833	1.2315789207	0.1906055215	1.4229354964	1.7387714435	2.9350695334	1.0249726302	0.0765955229	0.9727937838	0.1770624669	0.4924105809	0.4640867239	0.5225384079
0	0.7175775088	0.1687434367	0.510540197	0.5954702257	2.0319119091	0.5954653297	0.3588915782	0.4386509202	0.2980252824	0.2561202081	0.2001347219	0.0813357874	0.4072129142	0.1230503287	0.8145488318	0.4564428986	1.1793532041	1.3564098821	1.3437673445	0.1970857645	0.0553811659	0.1425154593	0.4770865429	0.5209791046	0.5739157099	0.4163374448	0.1565040037	2.325880782	0.5787881514	1.170373351	0.2054070117	1.2284544512	1.9337221494	3.5108059008	1.0795673021	0.081882615	1.1760548065	0.1789527531	0.5355090306	0.3621999696	0.5573937293
0	0.7385268678	0.1906288065	0.0855965038	0.2057291017	1.883316159	0.5741032635	0.3441746918	0.4731054235	0.2746957867	0.2698138011	0.1971388241	0.0865205598	0.4200684936	0.1273636034	0.9061155416	0.4476443724	1.1682254865	1.318440399	1.4905407819	0.1893183723	0.2131091414	0.1917331861	0.60573652	0.5251163098	0.578470613	0.3810083772	0.1514035449	1.9352962506	0.538434149	1.1098242299	0.18882836	1.0781026507	2.1568114621	3.1959558902	1.2319137026	0.08254693	1.2407574195	0.177706345	0.5481875501	0.3510421587	0.4700514175
0	0.7246862896	0.1352103863	0.0616261561	0.2226097201	2.0283490757	0.6249821645	0.4083120224	0.4775820773	0.2438238319	0.2586787439	0.2250962308	0.080132005	0.4472718203	0.1144664619	0.8705135704	0.4836406939	1.1448099461	1.3267521534	1.3215269491	0.2006460292	0.1939335475	0.1713500163	0.49807759	0.4714487573	0.6071023229	0.4478952444	0.1629113122	1.9149607832	0.6353263894	1.1613205859	0.194227423	1.1144697239	1.9849385519	2.9102751966	1.1786693957	0.0931358102	1.114250588	0.1913328879	0.5564751004	0.3794018084	0.5953639004
0	0.8925607003	0.1528746537	0.0771907996	0.2388925262	2.1627396639	0.6661449299	0.3832177136	0.4226566903	0.2745447076	0.2221714994	0.1810598134	0.0974990196	0.3465551185	0.0888562923	0.6930889635	0.493169132	1.0784180955	1.0472589145	1.1825035829	0.1367703492	0.2071322351	0.2028025701	0.3620224212	0.5806775499	0.5281793524	0.3842604828	0.184444348	2.4600724751	0.5297363865	1.2480849917	0.1860702338	1.3421323766	1.895863721	3.6571309321	1.2956113814	0.0907761419	1.0511730685	0.1508736301	0.5530307842	0.4773862533	0.5589146372
0	0.7440465954	0.2141330955	0.0725433659	0.2082312427	2.2928524384	0.6158124278	0.355500739	0.4922097323	0.3331758045	0.2635023558	0.2148121939	0.0788798399	0.4762653868	0.1068206402	0.8256416327	0.4503203423	1.1714898228	1.2325334725	1.4469572516	0.1737284721	0.1690070473	0.173210105	0.6315160309	0.5067374026	0.6155597835	0.4559521353	0.1655312084	1.7561629352	0.5842173286	1.1588058124	0.2080188025	1.0011332927	2.2036802323	3.148865339	1.4307886103	0.0891744875	1.1854493509	0.1960735575	0.6532592333	0.405928443	0.5111616369
0	0.8464389645	0.1752462935	0.512244287	0.7852302616	1.6052659732	0.5529035253	0.3846778056	0.460499427	0.4347103756	0.2149494317	0.2009134409	0.0856592608	0.4227537126	0.1179193174	0.8204505612	0.481887252	1.1018253121	1.2490061125	1.21046657	0.1847131211	0.366882994	0.2988654195	0.4073082062	0.4614990603	0.5793793386	0.471839684	0.1722352818	2.1960531374	0.6008493069	1.191589036	0.2098642948	1.3326615261	1.8351290696	1.7728401811	0.7056737521	0.0780661413	1.1673739342	0.1826626906	0.5935570119	0.4017514657	0.5195985671
0	0.8248842096	0.1533199474	0.0924129516	0.4022316065	1.4731433089	0.5971036907	0.4093884016	0.4686628715	0.4568672534	0.2451982514	0.1880907393	0.0809216322	0.4258281	0.1192808709	0.7425119943	0.4889992295	1.2562931165	1.3526754789	1.3176153743	0.1807390059	0.288562976	0.2573970493	0.4274611032	0.4617136364	0.6023135771	0.4703079342	0.1868779159	2.2551083352	0.6188832731	1.1403985303	0.197476021	1.3965310633	2.0973664925	1.9601932139	0.9511463089	0.078551621	1.1357457455	0.1750951091	0.7081292369	0.4440212042	0.5474549859
0	0.933653011	0.1761655384	0.1036753182	0.3504968027	1.3043344024	0.5230691071	0.3814772079	0.4763019704	0.4282010273	0.2269431563	0.1929719849	0.0728760537	0.4203023156	0.1211802865	0.7639657541	0.4933715575	1.253319634	1.2781998746	1.1398375771	0.1748948695	0.3477267482	0.2682020599	0.4450461132	0.4848491594	0.5924694803	0.4313090649	0.1691571989	2.1960749773	0.5508500656	1.1893189417	0.1920449656	1.5141864341	1.8427151755	1.9075376083	0.8521995477	0.0883664815	1.1838541336	0.1739697974	0.6884263286	0.4519838455	0.5513927732
0	0.767052487	0.1518349048	0.4103459983	0.6103741908	1.4183478983	0.5522489851	0.3937969245	0.4591274356	0.4125080759	0.2259874558	0.2055982961	0.0777003365	0.440597723	0.1204228043	0.7780948135	0.4957137567	1.0300429494	1.1101978007	1.2939527585	0.1819798849	0.1640450211	0.1700822035	0.4927644654	0.509139859	0.6318439991	0.4795546404	0.198856971	1.5459045026	0.6230395984	1.0271939585	0.2221859574	1.083651505	1.9169703293	1.4152283094	0.8428194582	0.0717438166	1.2016728808	0.1919683145	0.659665843	0.5213994764	0.5766108337
0	0.957122788	0.1733816385	0.4707661394	0.7173059799	1.4722227202	0.5990082898	0.3266814979	0.4657847023	0.3826325683	0.2005218276	0.1979562119	0.0813980126	0.434917338	0.1327548397	0.7406415741	0.4902051504	1.136176628	0.9961365991	1.2968194501	0.1705513974	0.1765498949	0.1974598881	0.4495813436	0.3213371697	0.5858902529	0.4331932494	0.1871749966	2.2071499117	0.5896372611	1.2482013595	0.1909001582	1.6005081731	2.1640502315	1.6729526281	0.9649757837	0.0778080236	1.2881301878	0.1959436438	0.6582942348	0.4849650381	0.5295132705
0	0.8828385625	0.148711719	0.0616116305	0.3430703796	1.5760304765	0.5862348753	0.3809356399	0.4620343946	0.4685687359	0.2175802867	0.1896808593	0.0733212102	0.4121118023	0.1168454078	0.7893359546	0.4596224483	1.1716833697	1.3189472295	1.5672834817	0.1787012323	0.1353812286	0.1500026917	0.4495828878	0.4270747376	0.6111061145	0.47909093	0.1629195286	2.0340053236	0.6233010958	1.0942651046	0.1918706712	1.3499740416	2.2456592054	1.5954298296	0.9764922628	0.0683245098	1.252253338	0.1717860898	0.6726233754	0.4911946928	0.5302641716
0	0.7450626616	0.2002110948	0.0615178259	0.2074553904	2.0562793015	0.5973858456	0.3492833516	0.4748296781	0.3226866281	0.2610626289	0.2140846531	0.0852260913	0.4494821824	0.1122510091	0.8617134588	0.456088659	1.1506305235	1.3168659397	1.4413097595	0.1822512325	0.1472580934	0.1833422132	0.5776716799	0.5158214004	0.6542371113	0.4511728894	0.1697972189	1.7364758987	0.6262496517	1.1312883881	0.2282437305	1.0880718184	2.2546255385	3.0149211242	1.5220433433	0.0857769172	1.2733391732	0.1832500201	0.6637414509	0.4297999059	0.497358932
0	0.7328048266	0.1267225014	0.0511564908	0.2054159052	2.060942685	0.6388149344	0.4121185766	0.4667600208	0.2471927694	0.2373007652	0.2194180083	0.08455605	0.4244623103	0.1386802449	0.80130032	0.4966283245	0.9153160458	1.1752225333	1.3739433836	0.2147862227	0.1549066935	0.1851576703	0.3757483294	0.5482242015	0.6016710709	0.4704094667	0.1330126184	1.9334289942	0.6896423212	1.2021635184	0.2058180953	1.1375144151	1.8184248691	3.20876641	1.2104842641	0.0800031672	1.1714477725	0.1891166827	0.5020310162	0.4356509505	0.5443118647
0	0.7839506528	0.1320051124	0.3784479363	0.5181070364	1.782564624	0.6324403508	0.4014770684	0.4354478846	0.2365806059	0.2636125039	0.2240005454	0.0907694066	0.4103557165	0.133468321	0.7712576831	0.5263514151	1.1040407572	1.2999118383	1.3503448262	0.2003909273	0.0649893831	0.120757466	0.3780268671	0.5363168531	0.6390293787	0.47276692	0.172285924	2.6282101098	0.6280223803	1.1123784279	0.2042597719	1.1565516147	1.9305658767	3.0068745996	1.3950617513	0.0569146373	1.1672238846	0.1933395853	0.5925705644	0.3886833397	0.585930719
0	0.755825343	0.1335532969	0.4017769273	0.4990026473	1.8651304852	0.6734933806	0.3896635993	0.4547273454	0.2375576197	0.2390029071	0.2200539724	0.0866455469	0.4289586471	0.128430912	0.8283845011	0.472098449	1.084587888	1.318723995	1.3397547504	0.2124227542	0.0785525303	0.1265331846	0.4279669833	0.5174654202	0.5996872598	0.4409549993	0.1652786623	2.4942421647	0.6300518769	1.2114096437	0.1952903281	1.1813714945	2.0452324842	3.2871345272	1.3242327627	0.0917347657	1.1540465342	0.1669683041	0.5492682736	0.3523022504	0.6058712594
0	0.7970521513	0.1465093351	0.0772583013	0.2884756858	1.5429987084	0.5902758039	0.3798884141	0.4831128482	0.3972630075	0.2451192128	0.2006936807	0.0780817535	0.4063759564	0.1272000606	0.7951023732	0.4684081234	1.0982863433	1.2499276197	1.2236646629	0.1862463697	0.1635204582	0.1726098971	0.4673475184	0.4688139094	0.6093992118	0.4654312167	0.1776892975	1.8556031319	0.6244814255	1.1341025649	0.2147661416	1.3052473216	2.1099153957	2.0565394861	0.9088249477	0.0770868125	1.2771935004	0.1851833842	0.7144020781	0.4535488144	0.5630713696
0	0.7582804041	0.1519745316	0.4263532791	0.6634160035	1.6128663455	0.5724571329	0.3971287072	0.4697683232	0.4229877356	0.2366697574	0.208178242	0.0857314125	0.4383927971	0.1162054092	0.7822889781	0.5010445359	1.0026807449	1.1765127666	1.1871664964	0.1831806627	0.1703455016	0.1791836962	0.4744110523	0.4461309361	0.6057213652	0.4527449507	0.1966586113	1.4849366183	0.6380009732	1.1415831113	0.2183773143	1.1909879005	1.9352697694	1.6365144791	0.85612026	0.0653184312	1.3199717576	0.1781585501	0.7282564856	0.4959283667	0.5947457996
0	0.8347302292	0.1544201097	0.4257626276	0.6431470701	1.6161325018	0.5328666602	0.4056425086	0.4800415394	0.4310573457	0.2473317681	0.2021101626	0.0820130033	0.4247888128	0.1299177912	0.7920601278	0.480537134	1.0758894885	1.1908002851	1.2798998127	0.1887348729	0.1671352688	0.172428488	0.4552653147	0.4217872181	0.6184641169	0.4444902012	0.1918521262	1.7374462152	0.6167028848	1.1487060697	0.2220769895	1.1833097851	2.0047937361	1.8509351613	0.858422274	0.0777039691	1.2362037316	0.1754503772	0.6848232227	0.4581413428	0.6028001082
0	0.8022405153	0.168323745	0.0628647924	0.285381184	1.679804338	0.5019517078	0.3695376668	0.460505447	0.4602209223	0.2256664766	0.2072070073	0.0833510247	0.4234235176	0.1235437693	0.8059009199	0.4793533504	1.2106658436	1.3515480667	1.3979617808	0.1769203936	0.1609846038	0.1732745341	0.5549068456	0.4586315749	0.602095308	0.4409549791	0.1816082037	2.0121522373	0.6090572109	1.1228081641	0.2143597001	1.3716886268	2.3006413318	2.0613208921	0.9311061219	0.0673613002	1.3003081077	0.1723619088	0.7126713811	0.3326541046	0.5533918799
0	0.7545349308	0.1734478184	0.0717811336	0.2890314844	1.5700013789	0.584133403	0.3990110049	0.483551378	0.5249129695	0.2291109037	0.2024980863	0.081032767	0.4474000715	0.1166349846	0.8454932993	0.4936233739	1.091605035	1.1911129406	1.3162697982	0.1909950442	0.193213299	0.1939479136	0.5441204696	0.49259024	0.5985181976	0.4393010312	0.1938393297	1.9688723059	0.6153622168	1.0301999086	0.2423670109	1.256962005	2.0645540678	2.1546060879	1.0092837335	0.0845070513	1.1440114084	0.1769225853	0.6591223682	0.4686865861	0.6012735939
0	0.689620956	0.1885114511	0.0706126686	0.2330149478	1.8320526701	0.5642142221	0.3510065685	0.5087595234	0.394474152	0.2908959009	0.2219596416	0.084544867	0.4750322272	0.1142695307	0.8560310495	0.4468410141	1.1140670907	1.3415063684	1.4092372789	0.2047265614	0.1359702848	0.1586624845	0.6373681321	0.5605669189	0.6740551557	0.4874474794	0.1661326972	1.7425500092	0.6416185597	1.016810419	0.2443172108	0.9559653846	2.0569631227	3.2872382719	1.3065385262	0.108113587	1.2322388856	0.2064492619	0.4719483587	0.3391557204	0.5457869427
0	0.6686522706	0.1980243443	0.0602320298	0.2288032445	1.9467346092	0.5424947434	0.3379176351	0.5289647274	0.3544386542	0.2674775349	0.2134892852	0.0865200195	0.4847772133	0.1193608092	0.8981750473	0.4303037957	1.2427554408	1.2836296145	1.4814172294	0.1933529505	0.1122584498	0.1441846339	0.6128390075	0.5355402175	0.620721894	0.4540243062	0.1658845968	1.8291369256	0.6279365114	1.0739908078	0.2318711666	1.0498509413	2.2789617781	3.8952147653	1.3148494106	0.0903693592	1.329693615	0.1941040563	0.480561158	0.3639382479	0.5194386004
0	0.7431829622	0.2071182219	0.5393072008	0.6988691418	2.0033132425	0.5938539251	0.3475352794	0.5392009251	0.4559835458	0.2593857834	0.2161497006	0.0853741254	0.4336611506	0.1146061745	0.8379079425	0.4265681121	1.2633408739	1.3814357971	1.5380259401	0.1899930901	0.0693642008	0.135549916	0.6027004319	0.5376945597	0.6000034747	0.4382917271	0.1784596578	1.909824752	0.6419898266	0.9963133947	0.238482891	1.1753834004	2.4453391684	3.6755436089	1.2673738098	0.0854626992	1.3943521175	0.2029765402	0.566478947	0.3676022	0.5574665735
0	0.6597635034	0.1933020633	0.5293425812	0.663011604	1.7221729946	0.5591167786	0.3280359411	0.5367761404	0.3519173053	0.2792525742	0.2207290396	0.081734824	0.4619087532	0.1101909219	0.8530098498	0.4730588851	1.1901920297	1.3072643471	1.5627461851	0.2216752543	0.0564167299	0.1330186251	0.6388477886	0.5660732494	0.6346013633	0.4330201122	0.1758780545	1.858406422	0.5926663295	1.0101838698	0.2165644854	1.0685185156	2.3225414891	3.4531704061	1.4536703192	0.090527655	1.3112295537	0.1795826243	0.6568902597	0.3324352855	0.5339854613
0	0.6854843526	0.1992421908	0.0689216986	0.2218423188	1.8828158816	0.5839734374	0.3538368702	0.5191362472	0.3389013154	0.2840077064	0.2318547527	0.0836171918	0.4444825549	0.1178691063	0.8519454037	0.4417838406	1.1927287974	1.4055959303	1.5264975239	0.1862172762	0.1372481124	0.1605821525	0.6232928626	0.5424015263	0.5921890968	0.4830655511	0.1569975151	2.0746807837	0.6680768659	1.0258337432	0.2213264462	0.9935439121	2.4706685843	3.6990610711	1.7271123177	0.0776515703	1.389384385	0.194180702	0.4916729952	0.3801028212	0.5560410776
0	0.7476080795	0.1411290936	0.0638456135	0.2120535978	1.7292926252	0.6392512017	0.3627909825	0.5067538034	0.2915433734	0.2797810606	0.2361511331	0.0815382193	0.4814709451	0.1097787024	0.9101630452	0.4660212433	1.1445367568	1.4633262664	1.5295497597	0.1939028569	0.1574351745	0.1698640053	0.5876981804	0.5617603841	0.6341254278	0.4375740688	0.1738353359	2.2085876706	0.6260799728	1.1436032474	0.2028920803	1.0512550856	2.2081028463	3.6450814337	1.5432409658	0.0892626209	1.269761335	0.1913988508	0.6580999442	0.4237122622	0.6244205668
0	0.7313020856	0.1725237742	0.0739184232	0.2085877153	1.9183312351	0.6188793315	0.3451222872	0.4759341499	0.2817270656	0.2892469877	0.2216842315	0.0834600205	0.4636925979	0.11258064	0.8857731465	0.4394235925	1.1320618751	1.3171929521	1.402842638	0.1936611733	0.1217873933	0.1397861483	0.648423033	0.5377681318	0.6217184431	0.4638191979	0.1610037341	1.9656991655	0.6471004437	1.1403013386	0.222339571	0.9932056356	2.2859622505	3.437939154	1.3644334183	0.0923562449	1.3401036108	0.1957030385	0.4813472872	0.3321216324	0.5230065946
0	0.7051636093	0.1810655617	0.075985536	0.2733187515	1.9664083854	0.6141154593	0.3746538354	0.5061451746	0.3493693541	0.288544046	0.2260022726	0.0864812552	0.4720999074	0.1152559496	0.9136706163	0.4579275082	1.1728853278	1.3900985775	1.4269122282	0.1849377244	0.1278053887	0.1519334787	0.6394243762	0.5369403389	0.6197798257	0.4864336285	0.1667472811	2.081339243	0.6255445548	1.1595940042	0.2244934974	0.9730372279	2.3191718382	3.8611121513	1.4819114319	0.0942892647	1.3460432497	0.1926239045	0.4243750354	0.339875219	0.5277208112
5	0.6501209344	0.1689242032	1.4439964174	1.8438630731	1.3933724253	0.6103751244	0.3848742233	0.5291675109	0.6793196945	0.2741167668	0.2085873196	0.1235664398	0.4325357897	0.1077820864	0.8815306599	0.4650698653	1.4871837895	1.6858203906	1.426224643	0.2209066489	0.6632475291	0.6901417479	0.6225670509	0.4885071393	0.6260855407	0.4469628296	0.2128978312	1.9864976695	0.7948910553	1.0660267482	0.2231810164	1.657617672	1.9513572466	1.8077287419	0.9328389819	0.0985461724	1.3235095289	0.2018740553	0.6512646907	0.3451329691	0.6491400032
5	0.7121224112	0.1773133751	1.0539453232	1.2667211852	1.4021554984	0.6002892096	0.3875479817	0.5000682649	0.6884297904	0.2421537813	0.2081588766	0.1523179244	0.4312579165	0.1138843022	0.9054855292	0.4997767585	1.6614566455	1.8581576838	1.4939832482	0.2168931923	0.7095592713	0.7350795276	0.6534217508	0.488142828	0.6202557104	0.4232571186	0.2160923179	2.2650904737	0.732681152	1.0756486498	0.2191274612	1.8411878157	2.0814634127	1.6360017545	0.9014773591	0.085869649	1.2789216276	0.1975800034	0.7105021092	0.3976991601	0.6640875742
30	0.7745169727	0.1900058813	2.2657880014	2.5460773051	1.2539703026	0.7564327332	0.4485110777	0.4892209346	0.6041253178	0.2275251432	0.2129105518	0.0900483088	0.4223293851	0.1231553145	0.801049815	0.455527021	1.5056345702	1.5952503059	1.4028305252	0.243122945	0.5289105397	0.4406015406	0.652679539	0.4849645143	0.6155781763	0.4182373495	0.2077113958	4.2115810566	0.7575670068	1.0616726707	0.2343218851	1.4812948291	2.7447984811	3.7592724537	1.2517677914	0.0846430924	1.28526616	0.18314567	0.6184529817	0.3842849927	0.7181170755
30	0.7703887871	0.1417980817	0.5347379665	0.746705286	1.135979367	0.8412255169	0.4991816848	0.4876160607	0.6031945606	0.2129269847	0.1875872051	0.0972338673	0.385224251	0.1151981089	0.7743529573	0.5596053682	1.7204489677	1.785656803	1.4610227117	0.2187253965	0.5151176609	0.4736696062	0.5256172298	0.4832211078	0.6313419184	0.4330209186	0.209634252	5.9665929945	0.7951135819	1.0025645318	0.2087049689	1.8683372687	2.6810049614	3.2449659934	1.2985051763	0.0827455542	1.1383316372	0.1839185671	0.7997413854	0.3890895836	0.894667909
60	0.7626146863	0.1816868914	4.5982110207	4.6193428208	1.4824816523	0.8183112418	0.454970106	0.4841299545	0.7391198371	0.236507803	0.2079976731	0.0849261448	0.4086972666	0.1315199688	0.6740420098	0.4783338262	1.9906744984	2.1340162169	1.4647317947	0.1847535939	0.3899771692	0.277077681	0.7453830965	0.4369926894	0.6089193861	0.4645612212	0.1948447819	7.2476558902	0.7134837464	1.1030834381	0.2342409581	1.8646484627	2.6609394916	5.4075683728	2.1605247825	0.088418884	1.2453877534	0.1748458515	0.6113786228	0.336971588	0.7454248257
60	0.853913571	0.1215068933	1.5069296986	1.4401155755	1.1673493776	0.9445415534	0.4811279259	0.4678510913	0.537325555	0.2303519881	0.2111794315	0.0846691762	0.4201160746	0.1299961976	0.6660851604	0.5719155039	1.9529889965	2.1491415425	1.2993444759	0.1821788078	0.3564486944	0.276659204	0.5788937661	0.4736837987	0.6062367466	0.4458442119	0.1974991617	10.1982104297	0.6667067159	1.0985891799	0.2101676683	2.3437016784	2.2990250567	5.1755473003	1.5006231021	0.0772715303	1.0963992906	0.1888862404	0.738427265	0.4083920114	0.9558889164
120	0.736611588	0.1273459831	1.1053667875	1.2399425785	1.4393206267	0.6608445521	0.3920098674	0.4990517459	0.4816316141	0.2506139617	0.2085518873	0.0922073152	0.4206126728	0.1226785396	0.7372952463	0.4755385147	1.5280405863	1.6396590087	1.3846682924	0.1833545487	0.2536495852	0.2164804018	0.71469672	0.4858804447	0.5805938705	0.4178776521	0.1881382664	3.2495021404	0.610980014	1.0419195287	0.2374902782	1.2399753133	2.5506728393	3.7584033028	1.7054345902	0.0843232132	1.3530807353	0.1916425266	0.6662139181	0.3834645095	0.6751790315
120	0.7234724093	0.1052266007	0.2376986096	0.3171139491	1.3216235456	0.7105858279	0.4135797587	0.4957151849	0.5123816871	0.2307944104	0.2019538781	0.0914787987	0.4172671213	0.1217164607	0.6935289948	0.4885436171	1.6948367662	1.6904128691	1.631652262	0.1951496955	0.2337935057	0.1990674032	0.6878319936	0.5237506926	0.6358081928	0.4118030412	0.1868587956	4.0523687355	0.6311924193	0.9732196452	0.229569717	1.4842312672	2.7123582999	3.7115559158	2.0630006026	0.0826759256	1.2728406232	0.1812834403	0.8482628186	0.3461763589	0.7464460983
240	0.6558317302	0.2110101683	0.9644030619	0.9980839513	1.7120635861	0.5776303487	0.4179682271	0.4598986865	0.5716000562	0.2531883142	0.2209286845	0.0911134681	0.4227558101	0.1244403667	0.7485552145	0.430579344	1.1916789521	1.3557410868	1.3124704812	0.234364185	0.2862402694	0.2829019046	0.5988042875	0.5601055778	0.5494016051	0.430219237	0.1782040659	2.3973899223	0.5471135439	1.0379541659	0.2288722965	1.0834913055	2.4544142013	3.1219073022	1.0456439843	0.0864694133	1.2145414232	0.2101176286	0.5482126328	0.2852594539	0.531543155
240	0.7277170449	0.1951585503	0.1283436952	0.332289247	1.4787025949	0.6099502859	0.3829459486	0.4560523425	0.6218757978	0.2528863723	0.2153058172	0.0830627161	0.4225144714	0.1319346199	0.8468115614	0.4301550051	1.2560786565	1.5027941224	1.3649347349	0.2079178059	0.3009180197	0.2695960684	0.6000678131	0.5819778819	0.5637189185	0.4573677975	0.1617941576	2.9105282538	0.5721078149	1.0938026728	0.2311654267	1.1841110552	2.4105021367	3.4906444892	0.8670944151	0.0921572075	1.335053933	0.2051794883	0.5024438639	0.3235626192	0.596557521
0	0.6643022609	0.2228551387	0.4739929429	0.6724020441	1.56553031	0.5314938692	0.3549317932	0.4524016586	0.589837249	0.2527321564	0.2086601214	0.0834922179	0.4124639321	0.1032575417	0.9202908659	0.4484049351	1.1415998541	1.2968702952	1.3314942133	0.2437095691	0.3673416697	0.2703891298	0.5746771722	0.4200964829	0.6214614558	0.4562525112	0.2159055162	2.0325686999	0.6228525292	0.9726562692	0.1950180425	1.25578581	2.3377526524	2.1290254957	1.052668531	0.0888605594	1.1676380634	0.189718137	0.6819387517	0.4029974873	0.6309837037
0	0.7016774862	0.1991958785	0.0646677131	0.3191212798	1.5410926849	0.5628547161	0.3569675591	0.4585637966	0.5455882081	0.2539418131	0.2012907283	0.0853359835	0.3930532444	0.1122317794	0.8788316682	0.443156321	1.1989873142	1.4361516334	1.4028175371	0.1993112118	0.3645898994	0.2378911748	0.5501189755	0.4421402225	0.6196326809	0.4421500559	0.2148471726	2.4597446817	0.674052388	1.0437886095	0.183443654	1.3578252872	2.3321115743	2.5174139107	1.2605262949	0.1010614201	1.1938833256	0.2003746657	0.7088850886	0.4066917602	0.633723884
0	0.7748054179	0.1949273375	0.0630009367	0.3111917195	1.6431342612	0.6322897373	0.3862851048	0.4430846833	0.5837859097	0.2360728435	0.1950518569	0.0868758132	0.420040056	0.1053456622	0.8650671034	0.4580690413	1.2131886116	1.4360581045	1.2962690134	0.2125944549	0.344806299	0.2565723799	0.4993826204	0.431156793	0.6043228284	0.430173509	0.2125841056	2.5823074857	0.598617978	1.0063071846	0.1914604597	1.4463323658	2.2943060122	2.6405658295	1.235052153	0.089461068	1.0847214399	0.189813121	0.7132495226	0.4273684221	0.6745601492
0	0.7695548638	0.1520140875	0.0510454184	0.2842851538	1.4629703972	0.5922921236	0.4003037074	0.4413573768	0.3484301179	0.2501245889	0.1925137178	0.084744236	0.3829204418	0.1125227427	0.8362405874	0.4439621701	1.2759227718	1.4403807344	1.2602064967	0.2019641406	0.2834349771	0.2269693722	0.3915130227	0.4813930466	0.603481021	0.4361245241	0.1982416616	3.6687975897	0.5912331523	1.1760811045	0.1855913091	1.6030547375	2.5535769908	3.4297442287	1.118405509	0.085365231	0.9780477773	0.1830768298	0.606387911	0.4957060206	0.6823833654
0	0.7634809879	0.1676324592	0.0817616784	0.2931024893	1.4983093882	0.6617171164	0.3782323731	0.4606290749	0.4807375661	0.2375789771	0.1980750868	0.0852440178	0.4103582007	0.1032340194	0.8398283132	0.4560840152	1.2285679074	1.4126337163	1.2250582242	0.2145586286	0.3086249541	0.2270460239	0.4732091086	0.4878183343	0.6219380583	0.4541463599	0.2103597277	2.8588088566	0.6224889897	1.0832080847	0.1969802003	1.3562245507	2.2284558688	2.739712529	1.2714345517	0.0936454657	1.1002808934	0.1819287497	0.6330278713	0.505000433	0.6992982519
0	0.75595601	0.1735853615	0.4559750991	0.6720358573	1.600903178	0.6648386339	0.3847085362	0.4582763206	0.4428351433	0.2363905717	0.2060001668	0.0921685425	0.4163715116	0.1154678705	0.9362887295	0.4464311414	1.317336959	1.4355798443	1.3379135198	0.2136054552	0.3445018912	0.2649252675	0.4243440939	0.457174935	0.6024166742	0.4484817425	0.2097250403	2.8656703459	0.5934689578	1.0214391851	0.1785878596	1.4546231158	2.3440580235	2.5844193571	1.1352405353	0.085305791	0.9818964286	0.1981721158	0.84601329	0.4429624347	0.7179399339
0	0.7270828839	0.1823620586	0.4049429815	0.5751075194	1.6472638648	0.5724159354	0.3662757581	0.4654397684	0.4609784702	0.2434767537	0.2003158563	0.0832428576	0.4003917108	0.1091813333	0.9350771662	0.447430699	1.285910606	1.382841343	1.2908186137	0.2088733911	0.3759146339	0.2572119249	0.4590353531	0.4555005003	0.6008517389	0.4537068884	0.2078551099	2.5447425071	0.6235372447	1.1072379709	0.1827813552	1.4471957686	2.4275120428	2.5372655784	1.057863433	0.1036709356	1.0858754639	0.1921307558	0.7188372394	0.4417531768	0.7169256039
0	0.7179856389	0.2039651889	0.0774776325	0.3050720407	1.5582769023	0.5650613672	0.3481043334	0.4512379123	0.447923476	0.27517789	0.2100507782	0.0805559521	0.4180683619	0.1181339871	0.9359300797	0.4690156632	1.4010291567	1.5486130018	1.4717167971	0.2288801174	0.3058888109	0.2270721503	0.6582386056	0.5285424819	0.6337892856	0.4588735863	0.2022274102	2.6387320924	0.637145332	0.9678221587	0.1942733641	1.2786521599	2.512311017	2.7142341352	1.3597513507	0.0937988675	1.1663093924	0.1986231521	0.7295790105	0.3598756381	0.6665917036
0	0.7728219877	0.1782183466	0.0743615659	0.3018164675	1.4560686759	0.6495747749	0.3703963305	0.4284136463	0.4704754301	0.2357125474	0.1880238898	0.0747613403	0.3903323861	0.1024394193	0.8300384695	0.4965425114	1.278731096	1.5706627939	1.4429295142	0.2050353224	0.3666733864	0.2459349009	0.503882695	0.5073325935	0.624200546	0.4457741492	0.2055487854	3.2673654571	0.6387124389	1.0034609412	0.1713379221	1.3439883916	2.4936668673	2.7472671163	1.2884330892	0.0787530211	1.0558850072	0.1935280792	0.8742969257	0.4701210293	0.7231635262
0	0.7524780474	0.2270681235	0.4297122915	0.6813069896	1.5126854984	0.5273072043	0.3152371252	0.4445802479	0.5883473631	0.2451416206	0.1887015452	0.0832366372	0.3861834806	0.1004282178	0.9594520781	0.433055248	1.2454861648	1.4838236701	1.4183636004	0.2054138775	0.3360273697	0.2259937384	0.6020469952	0.4590394926	0.5752839476	0.4172452586	0.2124893489	2.2923675557	0.6421730112	0.9684388653	0.1916690658	1.1806984572	2.6447192546	2.118378228	1.2507512167	0.093846603	1.2171886952	0.1738623383	0.7533186327	0.389729774	0.5888339277
0	0.7360036032	0.2085376004	0.3555254518	0.5583993833	1.5696791683	0.5569450116	0.3362602887	0.4310780208	0.5609030925	0.2469714693	0.1850610911	0.082286991	0.4064869503	0.1036008106	0.8647238489	0.4623569619	1.2105251257	1.3887901689	1.5246000127	0.2040043202	0.3622580515	0.2405183523	0.5392322173	0.4573254967	0.6182965301	0.4193779223	0.2031748886	2.2313408469	0.6226152182	1.0407717544	0.1913112298	1.2820618964	2.5223876671	2.1798407223	1.1687052543	0.0835181037	1.2176439933	0.1756910018	0.7968934036	0.432331765	0.6141590038
0	0.7197787004	0.1929016066	0.0788450049	0.3130489358	1.4613291979	0.5633913516	0.3667650699	0.4575713064	0.4656816185	0.2602972483	0.1877169142	0.0799740489	0.4173522575	0.1062505455	0.8902516212	0.5186401193	1.3943779453	1.590848396	1.56001737	0.1918343425	0.3067643881	0.2338755738	0.5711741302	0.5040172294	0.6130149855	0.4104393192	0.2004421217	2.6887224961	0.6350142191	1.0392004797	0.1796470683	1.2932155409	2.3789945239	2.2571050547	1.0341554062	0.0814026461	1.101618097	0.1859605925	0.9072758049	0.416666502	0.6799046001
0	0.6763908358	0.2052703551	0.0909458665	0.3151680903	1.4944996834	0.5594037753	0.3421016395	0.433096472	0.5090408604	0.2673302402	0.1871240303	0.1215270978	0.3844883362	0.118570867	0.8419497188	0.4841129431	1.3847228876	1.492892038	1.5154804764	0.2075289941	0.3406749325	0.2488885665	0.5911725185	0.4786795086	0.6204285936	0.4233609013	0.2026871653	2.4967599807	0.6064666779	1.0424316839	0.1976585971	1.4493434444	2.7103453313	2.7193873153	1.0328478984	0.1008958205	1.2402074452	0.1871662395	0.8344908884	0.5483991109	0.6813865123
0	0.8105879157	0.1538305642	0.0771369954	0.2722620525	1.7124854779	0.6884995334	0.3771020778	0.4385828548	0.3535409873	0.2356672412	0.2190127993	0.0777065543	0.4235525827	0.1164804671	0.9062712057	0.5031409605	1.1905411029	1.429963656	1.3854063925	0.2092922054	0.2587735875	0.2273823582	0.3580617046	0.5083430582	0.6027449773	0.4656545378	0.175937603	2.802429997	0.6164019311	1.0888730149	0.1777285577	1.3555299288	1.9373556633	4.2202380291	1.3637097017	0.0902855746	0.8358180934	0.1783358549	0.7009764468	0.3758034845	0.6753256492
0	0.6952396164	0.1570656294	0.0733080704	0.2764941178	1.7851270551	0.6197608711	0.3648201095	0.451297006	0.3123108467	0.2396884932	0.2028831983	0.078498542	0.3912733813	0.1296359096	0.84451652	0.4872702565	1.2105870226	1.280792894	1.4768420544	0.2039181044	0.2721048859	0.2386945796	0.390599473	0.4712739977	0.618794074	0.4492741886	0.1732765225	2.310691753	0.6755069002	1.1584990938	0.1784574555	1.2548189969	1.9446300397	3.4342423682	1.206924795	0.0808186098	0.9854072414	0.1875297326	0.6074209999	0.3764617077	0.5800774085
0	0.7186237928	0.1497636291	0.8283996357	0.9108627285	1.6128808416	0.6323781424	0.3744143855	0.4611751734	0.4174245543	0.2468248315	0.2189254629	0.0850205425	0.4362456671	0.1124531602	0.8990265875	0.4686950902	1.1928333575	1.3101775027	1.4262950697	0.2101346757	0.0582358775	0.1494509657	0.4570282816	0.4918037403	0.6225826523	0.4839553491	0.1830573759	2.3941731507	0.6211975794	1.0041877133	0.2129385119	1.1888705114	1.8443712588	3.1009042849	1.0998415493	0.0797772221	0.9999784282	0.1924238074	0.7001619329	0.3581134271	0.574574464
0	0.7205755929	0.1561983593	0.7409041789	0.857434119	1.6512200742	0.6178078122	0.3846785385	0.4497993652	0.4154177028	0.254131716	0.2104861482	0.0788743008	0.4215117663	0.1031303111	0.8667312723	0.4784334477	1.1602665483	1.3427203127	1.3265703677	0.2027541806	0.0620018808	0.151555173	0.4287170622	0.4779651131	0.6172015915	0.446793791	0.179324008	2.4658680547	0.656025389	1.0567922386	0.1941264942	1.275288042	1.9681070455	3.5838972278	1.1304572686	0.0773194149	1.0534912117	0.1916752215	0.6938399333	0.3344448797	0.5903216748
0	0.7233697311	0.1816652112	0.1197781863	0.3026660142	1.7504183929	0.6098078925	0.3907901637	0.4679056199	0.4492937081	0.2339862995	0.2263461885	0.0845674902	0.4323060138	0.1099870303	0.9191810756	0.4893398213	1.2092461736	1.4048898655	1.3485027463	0.2234165989	0.3302274978	0.2785565569	0.4784525866	0.4985202248	0.6055833439	0.4602094868	0.1764258972	2.4752657848	0.6496718925	1.031088154	0.2009831532	1.3580542856	1.8385628115	3.2492447335	1.1098520879	0.0887048972	1.0806981349	0.2047273405	0.623961044	0.3757102476	0.6447667318
0	0.7118540337	0.1842193438	0.0961401316	0.2885178233	1.7507275442	0.6350779295	0.3696014659	0.4629842075	0.4315876848	0.2293190785	0.2066605259	0.0759657636	0.4422284044	0.1255295868	0.8572821905	0.4634266818	1.2914893779	1.4737373	1.4284167166	0.2209509855	0.3260573736	0.2606517347	0.4624494366	0.496724563	0.6272937301	0.4559192734	0.1874878536	2.5998115517	0.6409817894	1.1155981645	0.2197355913	1.3233559956	2.091205506	3.6164502288	1.1738356659	0.0838704759	1.0537744174	0.1858899284	0.6201423363	0.3499193689	0.6071048063
0	0.7074122214	0.2300939618	0.8376451118	1.0240087078	1.8216779417	0.5977533882	0.3665845256	0.4753297202	0.4900319903	0.2434203049	0.22404302	0.0930325351	0.4221230055	0.1300341102	0.9677788787	0.4514619045	1.1738496807	1.3776508748	1.362686381	0.2143023502	0.0721559556	0.1591492601	0.5835642318	0.503867877	0.5836852615	0.4519785781	0.1633132667	2.205002841	0.6101076813	1.072024697	0.2339294499	1.1759433535	2.0451849171	3.2077532454	0.9787221432	0.0952159064	1.2001335556	0.2043109662	0.389037769	0.3011787389	0.5171925671
0	0.6768460052	0.1642661066	0.802110493	0.9488675793	1.7367390916	0.5981297471	0.390190441	0.4585892361	0.3848937984	0.2492008074	0.2155083745	0.0794375101	0.435438038	0.1189452339	0.8752473768	0.4748372095	1.1832104283	1.3406037205	1.4809339729	0.2294608053	0.0747124965	0.1588573224	0.406822567	0.4847686087	0.6423572574	0.4484624895	0.1699065558	2.1448285819	0.6789329433	1.144190066	0.2057662946	1.3140523647	1.7539472202	2.8208520625	0.9914771032	0.0767427517	1.0652380564	0.2049938435	0.5781906723	0.3742810072	0.536118192
0	0.7213065095	0.1502779051	0.0971205967	0.2899602877	1.615354721	0.6980186278	0.3885217833	0.4567684876	0.4163735566	0.2294698785	0.2030634084	0.0819981653	0.4336807304	0.1199448516	0.8202494127	0.4878643948	1.1238842907	1.3492337351	1.3622740471	0.19669527	0.3026840355	0.2405055479	0.3948148258	0.5167523451	0.6214813567	0.4806229257	0.1717796263	2.4816798461	0.6717235283	1.0214843407	0.1836411867	1.3387787054	1.7832500312	3.5154672144	1.1092874007	0.0737193864	0.9948227677	0.1786863289	0.6611857101	0.4294434699	0.6339545564
0	0.6533794809	0.1820359143	0.0767526396	0.268528836	1.5939466929	0.6309479007	0.382461416	0.4587722501	0.4087636116	0.2366324891	0.2168670026	0.079285391	0.4451684678	0.1136625307	0.8603443917	0.4705270308	1.2557224379	1.3581934881	1.3156655996	0.2086341585	0.3030673431	0.2403265171	0.4326583459	0.4757702291	0.6299956745	0.4780557108	0.1862201145	2.5339664398	0.6865457902	1.0671755972	0.1983498934	1.2686228311	1.7671948144	3.6870036595	1.2043138416	0.0827999043	1.112376731	0.1814401696	0.5959599256	0.3649702661	0.6183655351
0	0.7356423604	0.1940858178	0.1072403437	0.3198084776	1.7567997118	0.5928381666	0.3945892897	0.4549548709	0.4208793665	0.2440788267	0.201489397	0.0769634618	0.4302260383	0.1177445556	0.8401756182	0.4809196706	1.1753710722	1.3109680238	1.3481908806	0.2069929017	0.3305583332	0.2550038159	0.4147176866	0.479483242	0.6465022575	0.4803415857	0.1753778555	2.1591436818	0.6588103671	1.0605108946	0.188496256	1.3152539746	1.8443134093	2.8907703914	1.005314049	0.0936281507	1.0584461873	0.2071213638	0.6157989565	0.4227158428	0.6162206324
0	0.7320285623	0.1739307659	0.0911466371	0.294842805	1.73633609	0.6114322036	0.3765805796	0.4668124365	0.3925853692	0.2496029132	0.202103043	0.0789251137	0.4331900452	0.1178777963	0.8716450888	0.4679880745	1.1454584946	1.3301130207	1.3370122436	0.2094864702	0.2951946306	0.2431118462	0.4266068942	0.4791993253	0.6136204248	0.45324595	0.1820723339	2.4066080718	0.6273235699	1.0548099212	0.2066668706	1.2827593442	1.7873283323	3.3591512073	1.1165525108	0.0918575488	1.0868536787	0.1901379139	0.6006572824	0.3836548398	0.6191034843
0	0.6982098626	0.1762518807	0.069627033	0.2500785648	1.9081610926	0.5849913312	0.3663440408	0.4419111238	0.3539972466	0.2529092557	0.1964298022	0.0849145293	0.4456737379	0.1187220578	0.9158423906	0.5147017433	1.1260764866	1.4212407594	1.5025985343	0.2155261317	0.2514628616	0.2306516303	0.4397778647	0.4870322183	0.5899812147	0.435226974	0.1609058423	2.1581073156	0.651988204	1.1297557276	0.1892845941	1.1085143774	1.9649122211	3.0918044528	1.2002963056	0.0852507159	1.0038506485	0.1953304707	0.5921320189	0.3801284987	0.5946116707
0	0.6823574393	0.1605205628	0.0652122374	0.2442843067	1.9463773385	0.589089428	0.349625976	0.4502228662	0.38761799	0.2279507195	0.2134114885	0.0769792162	0.4413429044	0.1347786305	0.8207153919	0.463685416	1.1587281026	1.3431981444	1.4299772723	0.2116545043	0.2269137144	0.2107282257	0.4275519719	0.4603749429	0.6083462187	0.4326240047	0.1589946744	1.9290668257	0.6570173471	1.0972592013	0.1954842172	1.1120555494	1.9220093046	2.7837783265	1.1994016706	0.0772076196	1.100894864	0.1894503269	0.5948046649	0.3894501323	0.5560738002
0	0.6963257484	0.1532320875	0.5490356037	0.6851395196	1.7008229627	0.5625371069	0.3692081978	0.4726382045	0.4031437047	0.2281505119	0.1968521765	0.0751995467	0.4408226248	0.1244852123	0.8668464166	0.4353934149	1.0735953618	1.2125125777	1.4677158842	0.1843461919	0.0582254028	0.1559462838	0.3574125684	0.4326005339	0.5769359394	0.4767029746	0.1640236161	2.0157093188	0.6441877644	1.1424819836	0.1872573066	1.1797449892	1.5802247941	2.53507429	1.0806475948	0.0728467882	1.016178258	0.1813050904	0.6109123009	0.4091980652	0.5335827729
0	0.7892838543	0.1584778703	0.5886544892	0.7628341145	1.6393660187	0.6376986096	0.397819549	0.4253204321	0.38475366	0.2226802521	0.1947067989	0.078390319	0.4014532293	0.1086436902	0.7657414395	0.5210522386	1.1321490766	1.2279944494	1.6229152101	0.1881623324	0.0584553975	0.1470244089	0.3789430651	0.443991021	0.6123669242	0.4583580993	0.1718591821	2.101184508	0.6508986918	1.1266835999	0.1862037137	1.3483747241	1.8661989329	2.0656358845	0.9892334868	0.0755390488	1.1478028022	0.1883272591	0.7674594698	0.5311324602	0.5939050004
0	0.7261993073	0.1976491126	0.0763611295	0.2509224672	1.8189126504	0.5825098709	0.3333634868	0.4533637397	0.4200968811	0.251748946	0.224058768	0.076621098	0.447993821	0.1181994808	0.8797598111	0.4753591907	1.2182420874	1.3793550965	1.5250381298	0.2112897691	0.1611934092	0.1898005855	0.6244078843	0.4837058205	0.6078349226	0.4510611163	0.1661910966	2.1029384764	0.6501193357	1.0271655352	0.2277557934	1.1747901431	2.1006244505	3.3534128849	1.4343435912	0.0889405932	1.2036531872	0.1916766819	0.6320394886	0.3657028662	0.5714195484
0	0.7468692897	0.1663533228	0.5752987357	0.7216719993	1.6421209766	0.6357013885	0.3904097361	0.4387313966	0.3325397068	0.2261035227	0.2184002311	0.0759805416	0.4241972739	0.0997711197	0.8732939603	0.4709068819	1.0434926659	1.1600967557	1.4269239069	0.2090777188	0.0442485705	0.1365361565	0.3735120323	0.4958561051	0.600280866	0.4321136991	0.1712760559	2.1006693401	0.6012375245	1.107721949	0.2079885723	1.1777593805	1.6579356771	2.6475497089	1.011593966	0.0785290457	0.9794271867	0.1952844807	0.6547555586	0.3585654312	0.6830995736
0	0.7639038295	0.1446415498	0.5256444305	0.6988409308	1.6343984329	0.6052021114	0.3878115671	0.4764052272	0.3239053902	0.2287513865	0.2119306007	0.0724404597	0.4184429375	0.1177170477	0.8852979739	0.5448550145	1.0133996487	1.2220967391	1.4975952964	0.1758427605	0.0551441766	0.1403318834	0.3827685058	0.4917569236	0.6447822969	0.4449330493	0.1796958815	2.1305809147	0.6401346043	1.1657275346	0.1750449523	1.1924377443	1.8554650134	2.663505954	1.044844075	0.0839831963	0.9224660787	0.190120395	0.7248312904	0.3955884929	0.5945294006
0	0.7314300328	0.1651986198	0.0858453627	0.2715098603	1.5131061889	0.6097418546	0.3448581474	0.4573270634	0.4376576607	0.2593532069	0.2236468906	0.0751442119	0.4340056675	0.1172426278	0.9455336692	0.4630881164	1.2683127665	1.3765599787	1.8217286294	0.2038628685	0.2052234313	0.1816386295	0.6075194789	0.5295429132	0.6166500897	0.4284763439	0.1569052386	2.503531215	0.6630861316	1.0781932738	0.2382856532	1.1876887902	2.0005637018	4.314233257	1.239645658	0.0765483702	1.3329500488	0.2163896571	0.4706946687	0.3582323809	0.5738244951
0	0.709057431	0.1343822937	0.0683867759	0.2491304725	1.4131480178	0.624570146	0.3558747141	0.4829481348	0.3024809168	0.2363172066	0.213322612	0.0706329418	0.4365192753	0.1137944098	0.8463537953	0.5001599174	1.1593273316	1.3536179184	1.5240691997	0.199297424	0.1794393371	0.1718358074	0.4153201154	0.4895613001	0.6285485994	0.4711680886	0.1579193984	2.5215401535	0.7139867192	1.1114878048	0.1832725	1.1757413288	1.8366427255	3.8441772229	1.2058346081	0.067931562	1.0703333756	0.1765835888	0.6635364403	0.4029120073	0.6115876212
0	0.8187000357	0.1509217426	0.080581631	0.2589320354	1.5963121081	0.681094593	0.3767851911	0.4287012451	0.3594853151	0.237885999	0.1914386834	0.0726067063	0.4324102211	0.1085062422	0.8577657922	0.5230390258	1.1833024641	1.2831126988	1.5488807968	0.1870372274	0.2178226211	0.1970348089	0.4334525851	0.4981141834	0.6674359787	0.4471862224	0.1763750564	2.5055859438	0.6501542401	1.114622014	0.1961133981	1.3691635072	2.0332333916	3.3140080048	1.1515259606	0.071860798	1.2041851917	0.1957845514	0.8608986811	0.4839403791	0.6829701187
0	0.7463028205	0.1812145489	0.0922062381	0.2625702379	1.5988884347	0.5822341487	0.3431620477	0.420032028	0.5145501112	0.2378565984	0.2041318612	0.0816949073	0.4053795033	0.1226721676	0.929794833	0.4218711045	1.2916936428	1.4346993158	1.4231493349	0.1887125558	0.199376391	0.1801425059	0.5990628176	0.5379302477	0.585121492	0.4580855722	0.1621713302	2.5636323953	0.6381374502	1.0935511635	0.2414821971	1.1891289972	2.2441055686	3.9928315334	1.2090717078	0.0861597825	1.4183923366	0.1986217568	0.418410525	0.4024719253	0.575847514
5	0.7227552521	0.1663942084	0.7033244803	0.8863117567	1.7660685601	0.6942353107	0.3859107184	0.4988439296	0.5103884043	0.2278031893	0.1932748615	0.1349657639	0.4241147833	0.110785205	0.954375001	0.5096377183	1.5030753431	1.6427359893	1.5062754941	0.2460846692	0.7351361256	0.6666445262	0.4001351215	0.4739684618	0.6313116076	0.4242408139	0.1859756147	3.1660657724	0.7928091782	1.0462715039	0.1916392632	1.8249511005	1.9535164615	2.9557789562	1.0458191049	0.0855864886	0.9610174493	0.201244957	0.5703820499	0.385842927	0.7265328994
5	0.6988454631	0.1545301135	1.2909870281	1.5832238442	1.7599046663	0.5811059825	0.4025168565	0.5168935555	0.4490344177	0.2230131081	0.2146307426	0.1471413038	0.4332080658	0.1175721037	0.8178138328	0.5630886762	1.2348902581	1.3600856857	1.5849575745	0.2261516461	0.0738382156	0.3364974629	0.3840348756	0.4519341413	0.6577091032	0.4420087101	0.1767496275	2.4337292532	0.6762452865	1.1051797723	0.1923294123	1.8241499534	1.6627476955	2.5327979896	1.0297283654	0.0732334048	0.9984963302	0.2141292455	0.6403340329	0.3422089603	0.5377907538
5	0.8062154966	0.1486516097	0.6003566397	0.7825565173	1.4966844542	0.7177033393	0.4218554799	0.5352309456	0.429978787	0.202327102	0.1985948043	0.1379187821	0.4251716728	0.1134921985	0.8622305106	0.5162741383	1.4449635969	1.5810392331	1.5919282067	0.232184561	0.6356838147	0.6017445124	0.3972323507	0.5148851189	0.6002213697	0.4120225931	0.1675435698	3.3290295885	0.7247757056	1.0496455567	0.1785707576	1.7520752094	1.9340526566	3.1158917371	1.3176425765	0.0778110978	0.9477509202	0.1921569801	0.7092688201	0.3156923277	0.7485093932
15	0.8085441335	0.2727037265	0.7002236574	0.7828249722	1.6118071843	0.8204442155	0.3891910166	0.4965005142	0.5750923348	0.2087501926	0.1998124299	0.1028025499	0.4011029803	0.1093981655	1.0435105945	0.4504963658	1.9027516549	1.8682604007	1.5124121715	0.2386980957	0.5834222016	0.4087778665	0.7088313536	0.4833858603	0.5914563748	0.421535279	0.1912459139	6.5246882031	0.8389979879	0.9837165079	0.2345510392	1.7484615421	2.808544539	5.9076225605	1.9250518707	0.0874643049	1.2593974889	0.191707301	0.58327943	0.3610947324	0.8011041855
15	0.8292206383	0.1769483257	3.269209083	3.5942683941	1.5260525081	0.6771598486	0.4040930831	0.5136965344	0.7087852434	0.2282893069	0.1795508931	0.1487173967	0.4230697699	0.114122898	0.8421970066	0.4915000093	1.4312874051	1.6541829028	1.4369534594	0.2509749013	0.1581553863	0.600324144	0.5383168506	0.479749625	0.549915716	0.4396393004	0.2041631815	3.0584337295	0.6261250948	1.0332757233	0.2360765826	1.5535841917	1.9690789198	3.739276342	1.0893208236	0.0934532859	1.1079891501	0.1925134428	0.6990138461	0.3544262916	0.5445097869
15	0.8882903992	0.2424092277	0.8500462586	0.864278556	1.4779978506	0.8955499857	0.4168488691	0.4911385979	0.6058909175	0.2280971465	0.184048075	0.1186271356	0.4146230944	0.1170679609	1.1029346784	0.4699510541	1.9256729194	2.0208478744	1.5417843152	0.2508531477	0.6058861416	0.5038980098	0.6544073642	0.4844572916	0.5353379618	0.3958878833	0.1822848252	5.90273201	0.8878519151	1.0308740138	0.231431102	1.6998612998	3.0490406012	7.5597488942	1.7601747767	0.0917780127	1.2449372475	0.1906888416	0.5288274226	0.3219392108	0.7594234938
30	0.8200485793	0.2324403103	0.4549208944	0.6496711883	1.6067274536	0.8188948818	0.3935570786	0.5105959413	0.6283799327	0.2342208097	0.2046690242	0.1437671474	0.414450364	0.119223733	0.8380635923	0.4543381515	1.7613256151	1.6223262703	1.4450898633	0.2164543154	0.4686807241	0.3447387484	0.6237147672	0.5046272453	0.5778394662	0.4322219925	0.1937691543	5.7685991238	0.7244086518	0.9909369942	0.2334174431	1.6135929603	2.5320994731	6.4950343514	1.9546573115	0.0893311516	1.3395078714	0.2097120073	0.5959235005	0.4303045454	0.758731166
30	0.7275757162	0.1970214157	4.1415022604	4.2154259722	1.629125879	0.6606235601	0.3956868605	0.4841982734	0.6625629259	0.2442818156	0.2080203386	0.1072020053	0.421815102	0.1190263775	0.8124850369	0.4690573065	1.5665815146	1.7368872024	1.6711442066	0.2485817895	0.1519632676	0.5386934957	0.6494956418	0.4639402126	0.5801713197	0.410158775	0.1827370982	3.6484896826	0.6300924474	1.0168846664	0.2416284455	1.6302100631	2.1022264639	5.0461124243	1.5682351441	0.0847064302	1.2611602211	0.2129003509	0.5892001293	0.2875272851	0.5172142876
30	0.7942245691	0.1861859386	0.5314182652	0.683105982	1.4550766603	0.8797138075	0.4186894839	0.4874661025	0.6131487727	0.2436692218	0.1955579088	0.1410762287	0.4105153547	0.110861021	0.7544413455	0.4677434746	1.7006158003	1.7079511213	1.5254874331	0.2165973393	0.4187838125	0.3476256056	0.5782916956	0.5559387618	0.5452119037	0.4031345127	0.1898025281	6.2912958246	0.7063251215	0.9681523391	0.2334083019	1.6179240825	3.0782829553	6.7409149975	1.638246663	0.0926144052	1.2599779122	0.2075016012	0.5491506896	0.4521667617	0.6752721915
60	0.6411887501	0.1112007134	0.3149505706	0.419298248	1.3125752621	0.8687644609	0.4696170991	0.4758380638	0.4177608508	0.2176124839	0.1859960784	0.1339971191	0.3671358907	0.0981151129	0.6615818744	0.4386694692	1.6116302994	1.7545774902	1.5779936449	0.1714055965	0.4337028543	0.3169745651	0.4053033357	0.5014760831	0.5199815178	0.4110420407	0.1954290026	5.8284877966	0.6218214341	1.2176725759	0.2464325337	2.0757042882	3.1374757432	4.7494693979	1.5500260933	0.0835823693	1.1851268911	0.1940284095	0.5363447449	0.476796679	0.8074520535
60	0.8013578996	0.1261546609	2.9775248752	2.990496854	1.3578202514	0.7204134452	0.4351582198	0.4864316301	0.49806405	0.2400921502	0.2136095334	0.0921957654	0.4120028467	0.093884792	0.730103927	0.4994820899	1.3228901983	1.5177944841	1.6601778078	0.1999005338	0.0772529918	0.3923829387	0.4252980903	0.4811435513	0.6213954642	0.4414805262	0.1578633108	4.1851146482	0.5695047373	1.0630054252	0.1994381051	1.6511628022	1.7925137007	4.5256171928	1.522987823	0.0937596805	0.9720434133	0.1818124376	0.6840687255	0.3013779438	0.6316863904
60	0.8278559784	0.1366440226	0.3742106699	0.4987832186	1.2610463044	0.983785782	0.4916403296	0.5144056971	0.4311141675	0.2509991532	0.1895853253	0.0939955801	0.4076035238	0.1010352334	0.7293883187	0.6089290192	1.5373755569	1.7396778036	1.7517639669	0.1930576928	0.4706038773	0.3446323017	0.4739535078	0.5162751105	0.677102538	0.4521081149	0.1765793569	6.3900252811	0.7051206584	0.9875556738	0.182548366	1.8697017144	2.5435196785	5.6469358257	2.0071913631	0.0746262081	0.9731429651	0.1699306463	0.8899096537	0.3937580622	1.0107511843
120	0.7639221909	0.194756314	0.2444588382	0.4219467077	1.5256858705	0.8489629969	0.415959638	0.4477689701	0.4539248013	0.2095816093	0.1809721738	0.0934580741	0.4219877311	0.0955628979	0.6611254396	0.5390698642	1.5435492648	1.5783659262	1.6055540547	0.2163286263	0.5027126896	0.3910863607	0.4235934328	0.6311871386	0.6453752543	0.463069769	0.2005718778	6.9544046269	0.64023987	1.0409754381	0.173419332	1.7496169081	2.3814115157	5.9648793143	1.3448401219	0.0815646447	0.9500077426	0.1750594265	0.7849086815	0.4203205593	0.7959754018
120	0.743582555	0.2128289569	1.66551572	1.8121816526	1.697346919	0.7063708915	0.3714362274	0.4825891818	0.5413514863	0.2478763083	0.1958577942	0.0908239179	0.4384121323	0.1034227801	0.7331906143	0.5187377922	1.3499696051	1.4463015673	1.6521346625	0.2367215091	0.0759632931	0.291028618	0.4581027879	0.5099197549	0.6426241358	0.4304135	0.1702649589	2.7307348547	0.4930783474	1.0202331864	0.1921929194	1.4460267822	1.8423310962	3.6990378968	1.181298339	0.0800095581	1.1138378186	0.1839657424	0.71815827	0.3066902405	0.5115355018
120	0.7941272034	0.1988693181	0.3026377855	0.5586719377	1.290520094	0.8778447417	0.4806558484	0.4578302368	0.5496284487	0.2623926108	0.1975655092	0.0877177808	0.4092919023	0.1015086494	0.745849349	0.4961369206	1.6811141618	1.7614550505	1.7222009092	0.2253420211	0.6301160601	0.56361232	0.5711726693	0.7405856472	0.6113892853	0.4580294549	0.2005688232	5.5876326958	0.6707296199	0.9486502769	0.184856436	1.8641950403	2.8532339182	5.8815852553	1.9947805303	0.0809939586	1.0612200925	0.1833312309	0.8140418846	0.3354099794	0.9042609142
240	0.802712328	0.1844946594	0.1333246699	0.2630291312	1.8239040107	0.7736119689	0.4379811432	0.4565330303	0.4292891963	0.2041482586	0.2040648412	0.0909495444	0.4477491128	0.1088859704	0.7276145237	0.5010566741	1.0728017537	1.3155125042	1.4028607409	0.2249346373	0.276001279	0.2330572197	0.5231233875	0.6835013577	0.6499434038	0.4754403297	0.1829864479	3.0367470467	0.6014478542	0.9659020477	0.2104975024	1.2413422943	1.9016651072	4.6554068562	1.101906524	0.0762090188	1.1125982463	0.1796428114	0.7902959816	0.4073162817	0.685410238
240	0.6322500404	0.175877796	0.9869771298	1.045265761	1.99541615	0.5888610834	0.4113704268	0.4755373989	0.4936521426	0.2598433344	0.2250263291	0.0777260637	0.4441406223	0.1122114583	0.8048412107	0.4800157103	1.1159707369	1.2519377197	1.490863708	0.2343210386	0.064503674	0.1766631794	0.4455019677	0.4780826377	0.6377564311	0.4451552147	0.1534529116	1.5851563899	0.5176211382	1.0194841276	0.2048114799	1.1976689061	1.5381729107	2.7714048584	1.0327271289	0.0883791076	1.1908892996	0.178665591	0.7332253218	0.2656813882	0.4393251967
240	0.7634847145	0.1700556725	0.1289616557	0.2782223958	1.8033141655	0.7643417521	0.4927915813	0.498334135	0.4785510763	0.2774368927	0.2181291919	0.0806516193	0.4206359398	0.1080220409	0.7741502904	0.5119737119	1.2267686274	1.3778292778	1.3805185186	0.2454648969	0.3057817097	0.2765077986	0.4222351199	0.6485338604	0.6642040872	0.4713723388	0.1691706175	3.1782710533	0.5472884149	1.0544944132	0.2000652995	1.4475230441	2.2039603486	4.8232485205	1.3960830304	0.0903367498	0.9275549336	0.1878520117	0.5782889593	0.3463412014	0.675067799
