NON $ % + - . 0
#NON	b	e	a	f	c	d
0.0	0.7095183988443173	0.2797492853203476	0.022432148582644085	0.10929897105381114	0.7493064236731716	0.22474637008754872
0.5050505050505051	0.308679239656929	0.13464017786173355	0.22629787878859883	0.10326927652226274	0.4217337375415526	0.12068296120706927
1.0101010101010102	0.19284440144286638	0.0780103648199869	0.25539933942102105	0.10517602337427227	0.25049693148079893	0.08767665066572003
1.5151515151515151	0.16534220743406533	0.05381319975457276	0.23792963450667448	0.1111728092237826	0.16245551321618157	0.07749099257109542
2.0202020202020203	0.16438115237149373	0.043705916212630494	0.21391464945449548	0.11867334864117117	0.118293952451068	0.07546683235946193
2.5252525252525255	0.17011734004251552	0.03962487836322528	0.194896604800526	0.12597884169281456	0.09683733757816744	0.07619707823619085
3.0303030303030303	0.17625926457665367	0.03803867547314479	0.18262197075628459	0.13218558200817376	0.08679599101959037	0.07751537484691517
3.5353535353535355	0.1811251289928956	0.037478359495689714	0.17565364494448582	0.13701559455472942	0.08229387863857021	0.07864906189821251
4.040404040404041	0.18457960156401365	0.037339792868660286	0.17205664215590832	0.14056190980552202	0.08037536952065812	0.07943070350759163
4.545454545454546	0.18691345036959803	0.03736646181004743	0.17033912843751042	0.14306755171892646	0.07961012067449483	0.07991024418892519
5.050505050505051	0.1884551982416522	0.03744623616497816	0.16957620471493107	0.1447939664085917	0.07933365230560083	0.08018294881710751
5.555555555555556	0.18946484446086925	0.0375313876363624	0.16926303251808805	0.14596439436671488	0.07925071830250034	0.08032959754394364
6.0606060606060606	0.19012489964679063	0.03760414453063488	0.16914737945329691	0.1467498816761336	0.07923688268903138	0.08040495509917334
6.565656565656566	0.19055709636788304	0.03766032551393124	0.16911191617399954	0.1472738273110333	0.07924323866745166	0.08044214757679338
7.070707070707071	0.19084090993575867	0.03770129202468842	0.16910566379185094	0.1476221272195475	0.07925254902536605	0.08045980616012445
7.575757575757576	0.1910278578727543	0.037730119694469204	0.1691081479644842	0.14785327541042234	0.07925991560029312	0.08046785748297058
8.080808080808081	0.19115134317961047	0.037749943878505623	0.16911201041432766	0.1480065842626415	0.07926473598193874	0.08047136414937411
8.585858585858587	0.19123309441204112	0.037763373938561634	0.1691151122287752	0.14810826834588892	0.07926759061614395	0.08047280636850883
9.090909090909092	0.19128731262778478	0.03777238561586691	0.16911715727709958	0.1481757366524684	0.07926917329495672	0.0804733538036619
9.595959595959597	0.19132331511005224	0.03777839666773169	0.16911837571247393	0.14822052278275388	0.0792700080689789	0.08047353499563642
10.101010101010102	0.19134724286773128	0.03778239225763364	0.16911905378777806	0.14825026678395947	0.079270429701986	0.0804735786246439
10.606060606060607	0.19136315495098027	0.03778504350210213	0.1691194122600001	0.14827002987388868	0.07927063452098816	0.08047357750378151
11.111111111111112	0.1913737408205541	0.037786801537783486	0.16911959394152198	0.14828316688630203	0.07927073024241439	0.08047356619164993
11.616161616161618	0.19138078616888687	0.03778796754499555	0.16911968281793396	0.14829190387510213	0.0792707732201682	0.08047355557021953
12.121212121212121	0.19138547184735807	0.037788740531444515	0.1691197246570928	0.14829771126235688	0.07927079129292028	0.0804735478121874
12.626262626262626	0.19138859056336038	0.03778925340952184	0.1691197426420281	0.1483015744868118	0.0792707983896908	0.08047354338720632
13.131313131313131	0.1913906663335108	0.03778959391852048	0.16911975013686145	0.14830414480921747	0.07927080096944718	0.08047354101863101
13.636363636363637	0.19139204814995203	0.03778982023247646	0.16911975408328478	0.1483058558129979	0.07927080198201497	0.08047353962593531
14.141414141414142	0.19139296631743474	0.037789970380318505	0.1691197552494669	0.14830699250770563	0.07927080209810472	0.08047353897693807
14.646464646464647	0.1913935773601649	0.03779007024227496	0.16911975437838633	0.14830774832459193	0.07927080178000596	0.0804735387231811
15.151515151515152	0.19139398472992458	0.03779013676198727	0.16911975436564844	0.1483082521243057	0.07927080184382838	0.08047353858921888
15.656565656565657	0.19139425550106348	0.03779018078126537	0.16911975581211447	0.14830858776915687	0.07927080208790943	0.08047353857194975
16.161616161616163	0.19139443508614148	0.03779021009673613	0.1691197562465191	0.14830881066224463	0.07927080196783652	0.08047353854652707
16.666666666666668	0.19139455534829825	0.037790230189426406	0.16911975442919225	0.14830895887512371	0.07927080179770604	0.08047353844176308
17.171717171717173	0.19139463654925137	0.037790243765127136	0.1691197523408166	0.14830905794426347	0.07927080186502929	0.08047353841055847
17.67676767676768	0.19139469053016225	0.03779025214692593	0.16911975288767028	0.14830912441139557	0.07927080198976326	0.08047353850049241
18.181818181818183	0.19139472488398446	0.037790256980648966	0.16911975621037992	0.14830916857607165	0.07927080194718172	0.08047353855285101
18.68686868686869	0.19139474811931878	0.03779026096120588	0.16911975649432334	0.14830919786619084	0.07927080193716789	0.08047353852232988
19.191919191919194	0.19139476412569117	0.03779026381860249	0.16911975554182887	0.14830921726835852	0.0792708019530417	0.08047353851307017
19.6969696969697	0.1913947745900376	0.03779026558548879	0.16911975538064022	0.14830923016378228	0.07927080195822242	0.08047353850731934
20.202020202020204	0.19139478153757886	0.03779026674192028	0.1691197553118983	0.14830923873516513	0.07927080195966686	0.08047353850430343
20.70707070707071	0.19139478617580144	0.037790267505690756	0.16911975529364426	0.14830924446848084	0.07927080195981173	0.08047353850275825
21.212121212121215	0.1913947892324411	0.037790268002999526	0.1691197553020013	0.14830924825489225	0.07927080195934784	0.08047353850205913
21.71717171717172	0.19139479121289882	0.0377902683198643	0.16911975532685283	0.14830925071576306	0.07927080195873344	0.08047353850179116
22.222222222222225	0.19139479249361405	0.037790268521313466	0.16911975535686244	0.14830925231246414	0.07927080195833033	0.08047353850168067
22.72727272727273	0.19139479336748938	0.03779026865956689	0.16911975537640828	0.1483092534014189	0.07927080195840021	0.08047353850159338
23.232323232323235	0.19139479397650885	0.03779026876050467	0.16911975537333654	0.14830925415376517	0.07927080195874552	0.0804735385015571
23.73737373737374	0.19139479439892257	0.037790268837234874	0.1691197553443462	0.1483092546651429	0.07927080195911862	0.08047353850156559
24.242424242424242	0.1913947947788747	0.03779026890394445	0.1691197553277847	0.1483092551288048	0.07927080195945785	0.08047353850156029
24.747474747474747	0.19139479515504837	0.03779026896331807	0.16911975533945509	0.14830925559872876	0.07927080195984236	0.08047353850152714
25.252525252525253	0.19139479544580687	0.0377902690097609	0.16911975534565873	0.14830925596086658	0.07927080196009914	0.08047353850149568
25.757575757575758	0.19139479565115025	0.037790269043272935	0.16911975534639562	0.1483092562152183	0.07927080196022819	0.08047353850146594
26.262626262626263	0.19139479577107849	0.037790269063854166	0.1691197553416658	0.14830925636178385	0.07927080196022952	0.0804735385014379
26.767676767676768	0.19139479580559154	0.037790269071504595	0.16911975533146917	0.1483092564005633	0.07927080196010312	0.08047353850141159
27.272727272727273	0.19139479575468948	0.03779026906622423	0.16911975531580584	0.14830925633155664	0.07927080195984901	0.08047353850138698
27.77777777777778	0.19139479568324366	0.03779026905751321	0.16911975530046103	0.14830925623725488	0.07927080195958605	0.08047353850136664
28.282828282828284	0.19139479573186957	0.0377902690659641	0.16911975529797493	0.14830925629646588	0.07927080195957197	0.08047353850135607
28.78787878787879	0.19139479575670346	0.037790269070508635	0.16911975529551768	0.14830925632625125	0.07927080195954309	0.08047353850134963
29.292929292929294	0.19139479575774526	0.037790269071146826	0.16911975529308926	0.148309256326611	0.07927080195949941	0.08047353850134731
29.7979797979798	0.19139479573499507	0.03779026906787867	0.1691197552906897	0.14830925629754507	0.07927080195944095	0.08047353850134911
30.303030303030305	0.1913947956884528	0.037790269060704165	0.16911975528831896	0.1483092562390535	0.0792708019593677	0.08047353850135505
30.80808080808081	0.1913947956181185	0.03779026904962331	0.16911975528597709	0.1483092561511363	0.07927080195927966	0.08047353850136511
31.313131313131315	0.19139479555495442	0.03779026904106984	0.16911975527650325	0.14830925606936937	0.07927080195904894	0.08047353850136564
31.81818181818182	0.19139479552563732	0.037790269036145484	0.1691197552771611	0.14830925603334505	0.07927080195904938	0.08047353850137215
32.323232323232325	0.19139479549632019	0.03779026903122113	0.16911975527781895	0.14830925599732073	0.07927080195904983	0.08047353850137864
32.82828282828283	0.19139479546700305	0.03779026902629677	0.1691197552784768	0.1483092559612964	0.07927080195905027	0.08047353850138515
33.333333333333336	0.19139479543768592	0.03779026902137242	0.16911975527913467	0.14830925592527208	0.07927080195905073	0.08047353850139165
33.83838383838384	0.1913947954083688	0.03779026901644806	0.16911975527979253	0.14830925588924776	0.07927080195905117	0.08047353850139816
34.343434343434346	0.19139479537905166	0.03779026901152371	0.16911975528045037	0.14830925585322344	0.07927080195905162	0.08047353850140467
34.84848484848485	0.19139479534973453	0.03779026900659935	0.16911975528110823	0.14830925581719911	0.07927080195905206	0.08047353850141116
35.35353535353536	0.19139479534468118	0.0377902690057531	0.1691197552812098	0.148309255810985	0.07927080195905219	0.0804735385014122
35.85858585858586	0.1913947953437207	0.037790269005594755	0.1691197552812175	0.14830925580979934	0.07927080195905226	0.08047353850141231
36.36363636363637	0.19139479534276024	0.03779026900543642	0.16911975528122522	0.1483092558086137	0.07927080195905231	0.08047353850141244
36.86868686868687	0.19139479534179976	0.03779026900527807	0.16911975528123294	0.14830925580742804	0.07927080195905238	0.08047353850141255
37.37373737373738	0.19139479534083928	0.03779026900511973	0.16911975528124065	0.1483092558062424	0.07927080195905244	0.08047353850141266
37.87878787878788	0.19139479533987883	0.037790269004961394	0.16911975528124837	0.14830925580505674	0.0792708019590525	0.08047353850141277
38.38383838383839	0.19139479533891834	0.03779026900480305	0.16911975528125608	0.14830925580387108	0.07927080195905256	0.0804735385014129
38.88888888888889	0.19139479533795786	0.03779026900464471	0.1691197552812638	0.14830925580268545	0.07927080195905263	0.080473538501413
39.3939393939394	0.1913947953369974	0.037790269004486364	0.1691197552812715	0.14830925580149978	0.07927080195905269	0.08047353850141312
39.8989898989899	0.19139479533603693	0.037790269004328025	0.1691197552812792	0.14830925580031415	0.07927080195905274	0.08047353850141324
40.40404040404041	0.19139479533507645	0.03779026900416968	0.16911975528128692	0.1483092557991285	0.07927080195905281	0.08047353850141335
40.909090909090914	0.191394795334116	0.03779026900401134	0.16911975528129464	0.14830925579794282	0.07927080195905287	0.08047353850141346
41.41414141414142	0.1913947953331555	0.037790269003852996	0.16911975528130235	0.1483092557967572	0.07927080195905294	0.08047353850141357
41.919191919191924	0.19139479533219503	0.03779026900369466	0.16911975528131007	0.14830925579557153	0.07927080195905299	0.0804735385014137
42.42424242424243	0.19139479533123457	0.03779026900353631	0.16911975528131779	0.1483092557943859	0.07927080195905306	0.08047353850141381
42.929292929292934	0.1913947953302741	0.03779026900337797	0.1691197552813255	0.14830925579320023	0.07927080195905312	0.08047353850141392
43.43434343434344	0.1913947953293136	0.03779026900321963	0.16911975528133322	0.1483092557920146	0.07927080195905319	0.08047353850141405
43.939393939393945	0.19139479532835316	0.03779026900306129	0.16911975528134093	0.14830925579082893	0.07927080195905324	0.08047353850141416
44.44444444444445	0.19139479532739267	0.03779026900290295	0.16911975528134865	0.14830925578964327	0.07927080195905331	0.08047353850141427
44.949494949494955	0.1913947953264322	0.037790269002744604	0.16911975528135637	0.14830925578845763	0.07927080195905337	0.0804735385014144
45.45454545454546	0.19139479532547174	0.037790269002586266	0.16911975528136408	0.14830925578727197	0.07927080195905344	0.0804735385014145
45.959595959595966	0.19139479532451126	0.03779026900242792	0.1691197552813718	0.14830925578608634	0.07927080195905349	0.08047353850141462
46.46464646464647	0.19139479532355078	0.03779026900226958	0.1691197552813795	0.14830925578490067	0.07927080195905356	0.08047353850141473
46.969696969696976	0.19139479532259032	0.037790269002111236	0.16911975528138723	0.148309255783715	0.07927080195905362	0.08047353850141485
47.47474747474748	0.19139479532162984	0.0377902690019529	0.16911975528139495	0.14830925578252938	0.07927080195905369	0.08047353850141496
47.979797979797986	0.19139479532066936	0.03779026900179455	0.16911975528140263	0.1483092557813437	0.07927080195905374	0.08047353850141507
48.484848484848484	0.1913947953197089	0.03779026900163621	0.16911975528141035	0.14830925578015808	0.07927080195905381	0.0804735385014152
48.98989898989899	0.19139479531874842	0.03779026900147787	0.16911975528141807	0.14830925577897242	0.07927080195905387	0.08047353850141531
49.494949494949495	0.19139479531778794	0.03779026900131953	0.16911975528142578	0.14830925577778675	0.07927080195905392	0.08047353850141542
50.0	0.1913947953168275	0.037790269001161184	0.1691197552814335	0.14830925577660112	0.07927080195905399	0.08047353850141553
