NON $ % + -
#NON	b	a	c	d
0.0	0.36424043544298745	0.4867605732814434	0.39993356454748896	0.5405027375828637
0.5050505050505051	0.21440623559418684	0.2934189179112202	0.25598015169130706	0.3014809399886591
1.0101010101010102	0.16266609775587662	0.2274636356265735	0.20896079065660195	0.1985891872610472
1.5151515151515151	0.1426348635604336	0.20228214764753497	0.19409889743038958	0.15365383966150603
2.0202020202020203	0.13419359572196637	0.19182641743911996	0.1900615339238858	0.13382897371680494
2.5252525252525255	0.13039778027124244	0.18719731466783768	0.18942482471509145	0.12497947268202644
3.0303030303030303	0.12860000875678335	0.18503846271788194	0.1896667236110555	0.1209683165817035
3.5353535353535355	0.12771302303797358	0.18398813387825597	0.19001275981496368	0.11911566738151495
4.040404040404041	0.12726182172588596	0.1834599908617924	0.1902761452885827	0.11824163621674451
4.545454545454546	0.12702733036822422	0.18318792417459542	0.19044449862659726	0.11782012513744994
5.050505050505051	0.12690373961638238	0.18304542744034807	0.1905438747337047	0.11761250821429577
5.555555555555556	0.1268380351854383	0.1829699911172272	0.1906000661424846	0.11750828529609322
6.0606060606060606	0.1268029321468446	0.1829297966209386	0.19063105356335963	0.11745511475505128
6.565656565656566	0.12678413218576343	0.18290830448918932	0.19064788912157443	0.11742763833161789
7.070707070707071	0.12677405243159542	0.1828967915681028	0.1906569544749748	0.11741329557635405
7.575757575757576	0.12676864827667367	0.1828906217695387	0.1906618095239293	0.1174057555211883
8.080808080808081	0.12676575124405007	0.1828873147908488	0.19066440171996946	0.11740176907620878
8.585858585858587	0.12676419955937085	0.18288554353640188	0.19066578341989446	0.11739965471795144
9.090909090909092	0.12676336857849782	0.1828845948795348	0.1906665194708368	0.11739852963612102
9.595959595959597	0.12676292467052094	0.18288408804417788	0.19066691087149906	0.11739793131934488
10.101010101010102	0.1267626864877542	0.18288381606331536	0.1906671199832367	0.1173976110688198
10.606060606060607	0.1267625582031706	0.18288366956583302	0.19066723239448477	0.11739743881072646
11.111111111111112	0.12676248915886526	0.18288359070536925	0.19066729270110805	0.11739734637867319
11.616161616161618	0.1267624536571564	0.18288355015040092	0.1906673235798313	0.11739729895772039
12.121212121212121	0.12676243521236427	0.18288352908257066	0.1906673395897842	0.11739727427526463
12.626262626262626	0.1267624250117053	0.1828835174331895	0.19066734845259298	0.11739726058032803
13.131313131313131	0.1267624193750901	0.1828835109940468	0.19066735335762516	0.11739725301902167
13.636363636363637	0.12676241631611862	0.18288350749694748	0.19066735602101434	0.11739724893175313
14.141414141414142	0.1267624146642885	0.18288350560842837	0.19066735745658178	0.11739724672698244
14.646464646464647	0.12676241376489855	0.18288350458206384	0.19066735823498906	0.11739724552196225
15.151515151515152	0.12676241327241342	0.1828835040212806	0.19066735866051515	0.11739724486032403
15.656565656565657	0.12676241282036904	0.1828835035065944	0.19066735905045223	0.11739724425241052
16.161616161616163	0.12676241247802367	0.18288350311656443	0.19066735934583523	0.11739724379212008
16.666666666666668	0.12676241228895466	0.18288350290072214	0.19066735950942984	0.11739724353835103
17.171717171717173	0.12676241225316198	0.18288350285906754	0.19066735954123604	0.1173972434911034
17.67676767676768	0.12676241237064564	0.18288350299160064	0.19066735944125382	0.11739724365037721
18.181818181818183	0.12676241231725233	0.18288350293046446	0.1906673594876765	0.1173972435789549
18.68686868686869	0.12676241230380364	0.18288350291490438	0.19066735949957375	0.1173972435611923
19.191919191919194	0.1267624123314424	0.1828835029462174	0.1906673594759648	0.11739724359863093
19.6969696969697	0.12676241240016864	0.18288350302440348	0.19066735941684965	0.1173972436912708
20.202020202020204	0.12676241247809822	0.1828835031126615	0.19066735935029552	0.1173972437968272
20.70707070707071	0.1267624125108452	0.18288350315010418	0.19066735932190867	0.11739724384073859
21.212121212121215	0.1267624125435922	0.18288350318754687	0.19066735929352183	0.11739724388464999
21.71717171717172	0.12676241257633916	0.18288350322498956	0.19066735926513498	0.11739724392856139
22.222222222222225	0.12676241260908613	0.18288350326243225	0.19066735923674813	0.11739724397247278
22.72727272727273	0.12676241262976878	0.18288350328608047	0.1906673592188193	0.1173972440002064
23.232323232323235	0.12676241263081992	0.18288350328728184	0.1906673592179082	0.11739724400161507
23.73737373737374	0.12676241263187105	0.18288350328848324	0.19066735921699707	0.11739724400302372
24.242424242424242	0.12676241263292218	0.1828835032896846	0.19066735921608594	0.11739724400443238
24.747474747474747	0.12676241263397334	0.182883503290886	0.1906673592151748	0.11739724400584103
25.252525252525253	0.12676241263502447	0.18288350329208738	0.19066735921426367	0.1173972440072497
25.757575757575758	0.1267624126360756	0.18288350329328878	0.19066735921335254	0.11739724400865835
26.262626262626263	0.12676241263712673	0.18288350329449016	0.19066735921244143	0.11739724401006701
26.767676767676768	0.1267624126381779	0.18288350329569156	0.1906673592115303	0.11739724401147567
27.272727272727273	0.12676241263922902	0.18288350329689293	0.19066735921061917	0.11739724401288433
27.77777777777778	0.12676241264028015	0.1828835032980943	0.19066735920970804	0.11739724401429298
28.282828282828284	0.12676241264133128	0.1828835032992957	0.1906673592087969	0.11739724401570165
28.78787878787879	0.12676241264238244	0.18288350330049707	0.19066735920788577	0.1173972440171103
29.292929292929294	0.12676241264343358	0.18288350330169847	0.19066735920697467	0.11739724401851896
29.7979797979798	0.1267624126444847	0.18288350330289985	0.19066735920606354	0.11739724401992761
30.303030303030305	0.12676241264553584	0.18288350330410125	0.1906673592051524	0.11739724402133628
30.80808080808081	0.126762412646587	0.18288350330530262	0.19066735920424127	0.11739724402274493
31.313131313131315	0.12676241264763813	0.18288350330650402	0.19066735920333014	0.1173972440241536
31.81818181818182	0.12676241264868926	0.1828835033077054	0.190667359202419	0.11739724402556226
32.323232323232325	0.1267624126497404	0.1828835033089068	0.1906673592015079	0.11739724402697091
32.82828282828283	0.12676241265079152	0.18288350331010816	0.19066735920059677	0.11739724402837957
33.333333333333336	0.12676241265184268	0.18288350331130956	0.19066735919968564	0.11739724402978823
33.83838383838384	0.1267624126528938	0.18288350331251094	0.1906673591987745	0.11739724403119689
34.343434343434346	0.12676241265394494	0.18288350331371234	0.19066735919786337	0.11739724403260554
34.84848484848485	0.12676241265499608	0.1828835033149137	0.19066735919695224	0.1173972440340142
35.35353535353536	0.12676241265604724	0.1828835033161151	0.19066735919604114	0.11739724403542286
35.85858585858586	0.12676241265709837	0.18288350331731648	0.19066735919513	0.11739724403683152
36.36363636363637	0.1267624126581495	0.18288350331851788	0.19066735919421887	0.11739724403824017
36.86868686868687	0.12676241265920063	0.18288350331971925	0.19066735919330774	0.11739724403964884
37.37373737373738	0.1267624126602518	0.18288350332092065	0.1906673591923966	0.11739724404105749
37.87878787878788	0.12676241266130292	0.18288350332212203	0.19066735919148547	0.11739724404246615
38.38383838383839	0.12676241266235405	0.18288350332332343	0.19066735919057437	0.1173972440438748
38.88888888888889	0.12676241266340518	0.1828835033245248	0.19066735918966324	0.11739724404528347
39.3939393939394	0.12676241266445634	0.1828835033257262	0.1906673591887521	0.11739724404669212
39.8989898989899	0.12676241266550747	0.18288350332692757	0.19066735918784097	0.11739724404810079
40.40404040404041	0.1267624126665586	0.18288350332812897	0.19066735918692984	0.11739724404950944
40.909090909090914	0.12676241266760974	0.18288350332933034	0.1906673591860187	0.1173972440509181
41.41414141414142	0.12676241266866087	0.18288350333053174	0.1906673591851076	0.11739724405232675
41.919191919191924	0.12676241266971203	0.18288350333173312	0.19066735918419647	0.11739724405373542
42.42424242424243	0.12676241267076316	0.18288350333293452	0.19066735918328534	0.11739724405514407
42.929292929292934	0.1267624126718143	0.1828835033341359	0.1906673591823742	0.11739724405655273
43.43434343434344	0.12676241267286542	0.1828835033353373	0.19066735918146308	0.11739724405796138
43.939393939393945	0.12676241267391658	0.18288350333653866	0.19066735918055194	0.11739724405937005
44.44444444444445	0.1267624126749677	0.18288350333774006	0.19066735917964084	0.1173972440607787
44.949494949494955	0.12676241267601884	0.18288350333894143	0.1906673591787297	0.11739724406218736
45.45454545454546	0.12676241267706997	0.18288350334014283	0.19066735917781857	0.11739724406359602
45.959595959595966	0.12676241267812113	0.1828835033413442	0.19066735917690744	0.11739724406500468
46.46464646464647	0.12676241267917226	0.18288350334254558	0.1906673591759963	0.11739724406641334
46.969696969696976	0.12676241267991312	0.18288350334339235	0.19066735917535416	0.11739724406740616
47.47474747474748	0.12676241267994684	0.1828835033434309	0.19066735917532493	0.11739724406745136
47.979797979797986	0.1267624126799806	0.18288350334346945	0.19066735917529568	0.11739724406749656
48.484848484848484	0.12676241268001434	0.182883503343508	0.19066735917526645	0.11739724406754176
48.98989898989899	0.12676241268004806	0.18288350334354656	0.1906673591752372	0.11739724406758696
49.494949494949495	0.12676241268008182	0.1828835033435851	0.19066735917520797	0.11739724406763216
50.0	0.12676241268011554	0.18288350334362366	0.1906673591751787	0.11739724406767736
