NON $ % + - . 0 1 2 3 4
#NON	g	a	h	j	b	d	e	f	c	i
0.0	0.4454427962043642	0.18958001114749046	0.8643032250951856	0.7053664992611439	0.5461802422065891	0.9839152826745736	0.5371006516648041	0.7117361927926131	0.8690516779044208	0.4690197960879159
0.33557046979865773	0.2516903472366087	0.20367123059426445	0.591145264683868	0.46425098336427995	0.43491665030504273	0.5748309777887521	0.4107217479722617	0.39334198339944126	0.5324372031006647	0.34380091116626615
0.6711409395973155	0.15547191289897627	0.2054113829800173	0.4328651827089396	0.3301893055951895	0.36642981634574856	0.3796640334206693	0.3431885447461064	0.22921902875767536	0.3882544664031799	0.27002888606894804
1.0067114093959733	0.10600185375223296	0.20092661044912186	0.339128248380598	0.25497678909601773	0.32393650857756606	0.28472115088035505	0.30417699223365946	0.14337893279654576	0.32338483470607327	0.22468074731177068
1.342281879194631	0.0797973392074111	0.1943011182547702	0.2825591099430242	0.21223534960901702	0.2972313034589114	0.2372694560997221	0.27978497511978906	0.09790304646238142	0.2920231216930231	0.1959897270780679
1.6778523489932886	0.06555231781402833	0.18779205524172066	0.24794283783641102	0.18750258023151148	0.28012410754512845	0.21264965996461516	0.26362081661408904	0.07351432424930207	0.27558965969452115	0.17756975779362683
2.0134228187919465	0.05761502948168452	0.18234638108452286	0.22655574564773576	0.17286583269015263	0.2689258488175305	0.19926175013277464	0.25259059262278144	0.06025868683939567	0.2663284736377132	0.16567848233794036
2.348993288590604	0.05308031807332001	0.17816361540321451	0.21324842640785063	0.16399336963029085	0.2614565586163179	0.19160114159030206	0.24501333383940863	0.052940774698317775	0.2608055769883892	0.1579888619867478
2.684563758389262	0.05042361833819833	0.1751090755896016	0.20491899609191433	0.15849363291394972	0.2564120338077638	0.187007113376897	0.23983863206460085	0.04882747116934413	0.25737743505084537	0.15301131382967942
3.0201342281879198	0.048829396139572774	0.17294747417049233	0.1996763458639406	0.155021634839499	0.2529862612587477	0.18414884270571266	0.2363424371186636	0.04646924983894224	0.25519193864831774	0.14978470868544716
3.3557046979865772	0.047852024527665994	0.17144873503884356	0.19635904385975486	0.1528003559174821	0.25065998067229545	0.18232588661268737	0.23400672762914151	0.045089290953477815	0.25377505439105463	0.14768920614435727
3.691275167785235	0.047242003521548635	0.17042403424784983	0.19424968808539947	0.15136686655750722	0.24908615342741153	0.18114642937933312	0.23246153812217762	0.04426555170770195	0.25284756924877805	0.14632565285073085
4.026845637583893	0.04685588406312044	0.1697305341846562	0.19290259285459355	0.1504371503814078	0.24802729802275778	0.1803780386983215	0.2314471973532514	0.04376479269058663	0.25223761858646615	0.14543693040379063
4.3624161073825505	0.046608946517333175	0.16926486234212604	0.19203916147042258	0.14983272718025453	0.24731928245466656	0.17987631022886602	0.23078511154390183	0.04345553285354381	0.25183596999165386	0.14485704380597828
4.697986577181208	0.04644988306787858	0.16895416275635444	0.19148412271473178	0.14943949113191932	0.24684867675451633	0.17954877288431742	0.2303546507129878	0.043262035724792786	0.2515716896005627	0.14447846838805742
5.033557046979866	0.04634694509530132	0.16874796653737348	0.19112653389751408	0.14918370476787254	0.24653754859190286	0.17933524035441592	0.2300754986659664	0.043139721032069624	0.25139812736101935	0.1442313149875916
5.369127516778524	0.046280142961350225	0.16861174519571018	0.19089578056712556	0.14901743381562738	0.24633279830605403	0.17919626522895418	0.22989475066100443	0.04306179932674688	0.2512844162695171	0.14407002519461318
5.704697986577181	0.046236728094508066	0.1685221009484772	0.19074670740805574	0.14890943971714518	0.2461985660970624	0.1791059598722575	0.22977781871566055	0.04301187594035613	0.25121010175767644	0.14396484119153777
6.0402684563758395	0.046208496470687505	0.16846330314544133	0.19065033110162435	0.14883935401126688	0.24611083545586382	0.1790473593181234	0.2297022034019043	0.04297976177073757	0.25116164673805097	0.14389630470293424
6.375838926174497	0.04619013630526466	0.16842484236185062	0.19058798900852478	0.14879389909074606	0.24605363253712495	0.17900936936281497	0.2296533081109716	0.042959044505810826	0.2511301140865868	0.14385168446780391
6.7114093959731544	0.046178200829644585	0.1683997426230508	0.19054765482460528	0.14876443793717242	0.24601640519436782	0.1789847608153439	0.22962169112056702	0.04294565761242169	0.2511096285530101	0.14382266244672257
7.046979865771813	0.04617044499890958	0.16838339316608736	0.1905215545030952	0.14874535079463047	0.24599221189828863	0.17896882749238147	0.2296012445727999	0.04293699651043439	0.2510963369680748	0.14380380109341948
7.38255033557047	0.04616540813710031	0.16837275967753546	0.19050466441903952	0.14873298976417665	0.2459765070063809	0.17895851544919977	0.22958802054691158	0.04293138949933874	0.2510877215667774	0.14379155260318155
7.718120805369128	0.046162138317836596	0.16836585228200338	0.19049373352323143	0.14872498539082254	0.24596631925592644	0.1789518411786751	0.22957946643573118	0.04292775753445724	0.25108214133302637	0.14378360337331908
8.053691275167786	0.04616001712711401	0.16836136913388156	0.190486659936225	0.14871980430727333	0.24595971558956523	0.17894752351193455	0.22957393275888985	0.04292540528953793	0.25107852838075156	0.14377844729604414
8.389261744966444	0.04615864142215388	0.16835846236041394	0.1904820826528892	0.14871645033358802	0.24595543636918346	0.17894472914933432	0.22957035297928297	0.042923881260797304	0.25107619071186577	0.14377510484756914
8.724832214765101	0.046157749794107514	0.16835657809343546	0.19047912075461942	0.14871428010553372	0.24595266506717856	0.178942921957177	0.22956803690145297	0.04292289433472113	0.2510746779405918	0.14377293863632679
9.060402684563758	0.0461571715617356	0.16835535641066912	0.1904772027669932	0.1487128746532599	0.2459508694056916	0.17894175226159306	0.22956653797267232	0.042922254525752906	0.2510736976763798	0.14377153420486594
9.395973154362416	0.04615679731367967	0.16835456656861508	0.190475963136726	0.14871196582233795	0.2459497076118196	0.17894099531923402	0.22956556839264017	0.04292184056434716	0.2510730657854895	0.14377062578638472
9.731543624161075	0.04615655495752894	0.16835405485638008	0.19047516095697825	0.14871137792462324	0.24594895579368467	0.17894050610399734	0.22956494132776648	0.04292157256588656	0.25107265645164456	0.14377003736728614
10.067114093959733	0.04615639805111216	0.1683537238667788	0.19047464218796645	0.14871099743041308	0.24594846909613366	0.17894018944170764	0.22956453587772818	0.042921399042768434	0.25107239146176463	0.143769656656659
10.40268456375839	0.046156296454282014	0.16835350959876144	0.19047430639863144	0.14871075130610809	0.2459481542186912	0.1789399845846907	0.22956427329220264	0.04292128669680165	0.25107222050085176	0.14376941011962674
10.738255033557047	0.04615623060650803	0.16835337077369064	0.19047408891185438	0.14871059181557178	0.24594795013508908	0.17893985185660372	0.22956410325800605	0.04292121388167013	0.25107210959981646	0.1437692503764322
11.073825503355705	0.04615618757034576	0.16835328004794073	0.19047394681408475	0.14871048764153627	0.24594781682284955	0.17893976517921642	0.22956399217649015	0.042921166291557386	0.25107203720578186	0.14376914596776053
11.409395973154362	0.04615616007776726	0.1683532220996549	0.19047385607696798	0.148710421111143	0.24594773167210204	0.17893970983042978	0.2295639212561593	0.04292113588900873	0.25107199096619104	0.14376907927397778
11.74496644295302	0.046156142394188075	0.16835318484622214	0.19047379773919926	0.14871037831712844	0.24594767689401606	0.17893967422277204	0.2295638756452357	0.04292111633282537	0.25107196121568304	0.143769036389512
12.080536912751679	0.04615613089509742	0.1683531606315498	0.19047375981428608	0.1487103504966615	0.24594764128125948	0.17893965107268306	0.22956384598463328	0.04292110361559659	0.25107194187333187	0.14376900850902138
12.416107382550337	0.04615612366273388	0.16835314540279067	0.19047373596536246	0.1487103330081053	0.24594761889460315	0.17893963652311348	0.22956382733492053	0.04292109561690336	0.2510719297132881	0.14376899097329243
12.751677852348994	0.04615611899111369	0.16835313555878606	0.19047372055827702	0.14871032171450144	0.24594760443877428	0.17893962713217593	0.22956381529944514	0.04292109045023215	0.25107192186060284	0.1437689796410761
13.087248322147651	0.046156115888145756	0.16835312901545874	0.19047371032123775	0.14871031420607328	0.24594759482755307	0.17893962088842053	0.22956380730905618	0.042921087018075475	0.2510719166454161	0.14376897211061884
13.422818791946309	0.04615611381579682	0.1683531246466344	0.1904737034830065	0.14871030918556374	0.2459475884002283	0.17893961671041966	0.22956380196741138	0.04292108472539396	0.25107191316617655	0.14376896708163905
13.758389261744966	0.0461561124522623	0.16835312177590628	0.19047369898446734	0.14871030588216905	0.24594758417087492	0.1789396139592221	0.22956379844594907	0.0429210832166539	0.25107191088102415	0.14376896377485301
14.093959731543626	0.04615611155955971	0.16835311989906332	0.19047369604159928	0.14871030372651842	0.24594758141161627	0.1789396121653962	0.2295637961391345	0.04292108222918184	0.2510719093852732	0.14376896161174085
14.429530201342283	0.04615611097199298	0.16835311866248484	0.19047369410662623	0.14871030231361798	0.24594757960380514	0.17893961099303454	0.22956379462751259	0.042921081579873344	0.2510719083943289	0.1437689601880137
14.76510067114094	0.046156110584389155	0.16835311784498705	0.1904736928306348	0.14871030138036473	0.2459475784095438	0.1789396102193203	0.22956379363523077	0.042921081151821756	0.25107190773481664	0.14376895924825728
15.100671140939598	0.046156110331476825	0.16835311731112185	0.190473691997226	0.14871030076655556	0.24594757762341693	0.1789396097086201	0.2295637929871935	0.04292108087232163	0.25107190730398177	0.14376895863466402
15.436241610738255	0.04615611016697133	0.16835311696514108	0.19047369145362697	0.14871030036313115	0.24594757710617807	0.17893960937025435	0.22956379255982087	0.04292108068996595	0.25107190702978216	0.1437689582355522
15.771812080536913	0.04615611003473243	0.16835311668720476	0.19047369101648254	0.1487103000389736	0.24594757669059836	0.17893960909829407	0.22956379221551482	0.04292108054330838	0.25107190681059804	0.1437689579147103
16.107382550335572	0.04615610989421972	0.16835311639061326	0.19047369055307847	0.14871029969335683	0.24594757624728383	0.17893960880880738	0.22956379185479733	0.042921080387920994	0.25107190656968364	0.1437689575738542
16.44295302013423	0.04615610978763643	0.1683531161656435	0.19047369020161412	0.1487102994319506	0.24594757591209634	0.1789396085901688	0.2295637915812432	0.04292108027006158	0.25107190638738347	0.14376895731528874
16.778523489932887	0.046156109714982574	0.16835311601229547	0.1904736899620894	0.14871029925475493	0.2459475756850359	0.17893960844237836	0.2295637913948525	0.04292108018973013	0.25107190626369746	0.14376895713901394
17.114093959731544	0.04615610967625814	0.1683531159305692	0.1904736898345044	0.1487102991617698	0.2459475755661025	0.17893960836543601	0.22956379129562512	0.042921080146926645	0.2510719061986256	0.1437689570450298
17.449664429530202	0.04615610967146313	0.16835311592046467	0.1904736898188591	0.14871029915299522	0.24594757555529612	0.17893960835934178	0.22956379128356116	0.04292108014165113	0.25107190619216796	0.1437689570333363
17.78523489932886	0.04615610970059755	0.1683531159819819	0.19047368991515343	0.1487102992284312	0.24594757565261682	0.17893960842409568	0.22956379135866056	0.04292108017390358	0.2510719062443245	0.14376895710393348
18.120805369127517	0.04615610970203396	0.16835311598506042	0.19047368992000185	0.14871029923409498	0.2459475756601967	0.17893960842970105	0.22956379136242697	0.042921080175506	0.2510719062481163	0.14376895710738594
18.456375838926174	0.04615610968846148	0.1683531159564797	0.19047368987528157	0.14871029920169168	0.24594757561877686	0.17893960840292425	0.22956379132749488	0.04292108016049628	0.25107190622557046	0.1437689570744625
18.79194630872483	0.04615610968432197	0.16835311594782262	0.19047368986165664	0.14871029919229192	0.245947575606833	0.17893960839532283	0.229563791316725	0.04292108015591426	0.25107190621911546	0.14376895706443021
19.12751677852349	0.046156109689615414	0.1683531159590892	0.19047368987912705	0.14871029920589565	0.24594757562436517	0.17893960840689677	0.2295637913301173	0.04292108016175995	0.2510719062287513	0.14376895707728912
19.46308724832215	0.04615610970434183	0.1683531159902794	0.19047368992769284	0.14871029924250292	0.24594757567137332	0.1789396084376461	0.22956379136767185	0.04292108017803334	0.25107190625447795	0.14376895711303916
19.798657718120808	0.046156109728501205	0.16835311604139327	0.19047369000735398	0.1487102993021137	0.24594757574785744	0.17893960848757084	0.2295637914293886	0.04292108020473443	0.2510719062962955	0.14376895717168042
20.134228187919465	0.0461561097520119	0.16835311609132012	0.19047369008495685	0.14871029936236102	0.24594757582548174	0.17893960853883348	0.22956379148914463	0.04292108023071107	0.251071906338725	0.14376895722875283
20.469798657718123	0.04615610976284042	0.16835311611419387	0.19047369012063683	0.1487102993884497	0.24594757585886354	0.17893960856044605	0.22956379151685147	0.04292108024267889	0.25107190635701787	0.14376895725504135
20.80536912751678	0.046156109773668935	0.16835311613706763	0.19047369015631682	0.14871029941453842	0.24594757589224536	0.17893960858205862	0.22956379154455828	0.042921080254646714	0.25107190637531074	0.14376895728132988
21.140939597315437	0.046156109784497454	0.1683531161599414	0.19047369019199684	0.14871029944062714	0.2459475759256272	0.17893960860367122	0.2295637915722651	0.042921080266614536	0.2510719063936036	0.1437689573076184
21.476510067114095	0.04615610979532598	0.16835311618281515	0.19047369022767682	0.14871029946671585	0.245947575959009	0.1789396086252838	0.22956379159997195	0.04292108027858236	0.25107190641189653	0.14376895733390693
21.812080536912752	0.0461561098061545	0.16835311620568888	0.1904736902633568	0.14871029949280454	0.2459475759923908	0.1789396086468964	0.2295637916276788	0.04292108029055018	0.2510719064301894	0.14376895736019546
22.14765100671141	0.04615610981698302	0.16835311622856264	0.1904736902990368	0.14871029951889325	0.24594757602577264	0.17893960866850897	0.22956379165538562	0.042921080302518004	0.25107190644848226	0.14376895738648401
22.483221476510067	0.04615610982391223	0.1683531162431992	0.1904736903218687	0.14871029953558781	0.24594757604713424	0.17893960868233963	0.2295637916731166	0.042921080310176336	0.251071906460187	0.143768957403306
22.818791946308725	0.04615610982427296	0.16835311624395993	0.19047369032305755	0.14871029953645765	0.2459475760482474	0.17893960868306144	0.229563791674043	0.04292108031057521	0.25107190646079397	0.1437689574041813
23.154362416107382	0.046156109824633695	0.16835311624472066	0.1904736903242464	0.14871029953732748	0.2459475760493606	0.17893960868378325	0.22956379167496938	0.042921080310974094	0.2510719064614009	0.14376895740505663
23.48993288590604	0.04615610982499442	0.16835311624548138	0.19047369032543526	0.1487102995381973	0.24594757605047377	0.17893960868450504	0.22956379167589575	0.04292108031137297	0.2510719064620078	0.14376895740593196
23.8255033557047	0.04615610982535515	0.1683531162462421	0.19047369032662412	0.14871029953906714	0.24594757605158696	0.17893960868522685	0.22956379167682212	0.042921080311771845	0.25107190646261474	0.14376895740680726
24.161073825503358	0.046156109825715885	0.16835311624700286	0.19047369032781297	0.14871029953993697	0.24594757605270015	0.17893960868594863	0.22956379167774849	0.04292108031217072	0.25107190646322164	0.14376895740768258
24.496644295302016	0.04615610982607662	0.16835311624776358	0.19047369032900183	0.1487102995408068	0.24594757605381332	0.17893960868667044	0.22956379167867486	0.042921080312569596	0.25107190646382854	0.1437689574085579
24.832214765100673	0.04615610982643734	0.1683531162485243	0.19047369033019068	0.14871029954167664	0.2459475760549265	0.17893960868739225	0.22956379167960123	0.04292108031296847	0.2510719064644355	0.14376895740943324
25.16778523489933	0.046156109826798075	0.16835311624928503	0.19047369033137954	0.14871029954254647	0.24594757605603967	0.17893960868811404	0.22956379168052762	0.042921080313367346	0.2510719064650424	0.14376895741030854
25.503355704697988	0.04615610982715881	0.16835311625004576	0.1904736903325684	0.14871029954341627	0.24594757605715287	0.17893960868883585	0.229563791681454	0.04292108031376623	0.2510719064656493	0.14376895741118387
25.838926174496645	0.04615610982751954	0.16835311625080648	0.19047369033375722	0.1487102995442861	0.24594757605826603	0.17893960868955766	0.22956379168238036	0.042921080314165104	0.25107190646625627	0.1437689574120592
26.174496644295303	0.046156109827880265	0.1683531162515672	0.19047369033494607	0.14871029954515594	0.24594757605937922	0.17893960869027944	0.22956379168330673	0.04292108031456398	0.25107190646686317	0.1437689574129345
26.51006711409396	0.046156109828241	0.16835311625232793	0.19047369033613493	0.14871029954602577	0.24594757606049242	0.17893960869100126	0.2295637916842331	0.042921080314962855	0.2510719064674701	0.14376895741380982
26.845637583892618	0.04615610982860173	0.16835311625308866	0.19047369033732378	0.1487102995468956	0.24594757606160558	0.17893960869172304	0.22956379168515947	0.04292108031536173	0.251071906468077	0.14376895741468515
27.181208053691275	0.04615610982896246	0.16835311625384938	0.19047369033851264	0.14871029954776543	0.24594757606271878	0.17893960869244485	0.22956379168608584	0.042921080315760606	0.25107190646868394	0.14376895741556048
27.516778523489933	0.04615610982932319	0.16835311625461014	0.1904736903397015	0.14871029954863527	0.24594757606383194	0.17893960869316666	0.22956379168701224	0.04292108031615948	0.25107190646929084	0.14376895741643578
27.85234899328859	0.04615610982968392	0.16835311625537086	0.19047369034089034	0.1487102995495051	0.24594757606494513	0.17893960869388845	0.2295637916879386	0.04292108031655836	0.25107190646989774	0.1437689574173111
28.18791946308725	0.04615610983004465	0.16835311625613159	0.1904736903420792	0.14871029955037493	0.2459475760660583	0.17893960869461026	0.22956379168886498	0.04292108031695724	0.2510719064705047	0.14376895741818643
28.52348993288591	0.04615610983040538	0.1683531162568923	0.19047369034326805	0.14871029955124476	0.2459475760671715	0.17893960869533207	0.22956379168979135	0.042921080317356114	0.2510719064711116	0.14376895741906173
28.859060402684566	0.04615610983076611	0.16835311625765303	0.1904736903444569	0.1487102995521146	0.24594757606828468	0.17893960869605385	0.22956379169071772	0.04292108031775499	0.2510719064717185	0.14376895741993706
29.194630872483224	0.04615610983112684	0.16835311625841376	0.19047369034564576	0.14871029955298443	0.24594757606939785	0.17893960869677566	0.2295637916916441	0.042921080318153865	0.25107190647232547	0.1437689574208124
29.53020134228188	0.046156109831487574	0.16835311625917448	0.19047369034683462	0.14871029955385426	0.24594757607051104	0.17893960869749745	0.22956379169257046	0.04292108031855274	0.25107190647293237	0.14376895742168772
29.86577181208054	0.0461561098318483	0.1683531162599352	0.19047369034802347	0.1487102995547241	0.2459475760716242	0.17893960869821926	0.22956379169349686	0.04292108031895162	0.2510719064735393	0.14376895742256302
30.201342281879196	0.04615610983220903	0.16835311626069593	0.19047369034921233	0.14871029955559392	0.2459475760727374	0.17893960869894107	0.22956379169442323	0.0429210803193505	0.25107190647414623	0.14376895742343834
30.536912751677853	0.046156109832569764	0.16835311626145666	0.19047369035040118	0.14871029955646375	0.24594757607385057	0.17893960869966286	0.2295637916953496	0.04292108031974937	0.25107190647475314	0.14376895742431367
30.87248322147651	0.046156109832930496	0.1683531162622174	0.19047369035159004	0.1487102995573336	0.24594757607496376	0.17893960870038467	0.22956379169627597	0.04292108032014825	0.25107190647536004	0.14376895742518897
31.20805369127517	0.04615610983329122	0.16835311626297814	0.1904736903527789	0.14871029955820342	0.24594757607607695	0.17893960870110648	0.22956379169720234	0.042921080320547124	0.25107190647596694	0.1437689574260643
31.543624161073826	0.046156109833651954	0.16835311626373886	0.19047369035396775	0.14871029955907325	0.24594757607719012	0.17893960870182826	0.2295637916981287	0.042921080320946	0.2510719064765739	0.14376895742693963
31.879194630872483	0.046156109834012686	0.16835311626449959	0.1904736903551566	0.14871029955994305	0.2459475760783033	0.17893960870255007	0.22956379169905508	0.042921080321344875	0.2510719064771808	0.14376895742781495
32.214765100671144	0.04615610983437341	0.1683531162652603	0.19047369035634545	0.1487102995608129	0.24594757607941647	0.17893960870327186	0.22956379169998148	0.04292108032174376	0.2510719064777877	0.14376895742869025
32.5503355704698	0.046156109834734144	0.16835311626602104	0.1904736903575343	0.14871029956168272	0.24594757608052967	0.17893960870399367	0.22956379170090785	0.04292108032214263	0.25107190647839467	0.14376895742956558
32.88590604026846	0.046156109835094876	0.16835311626678176	0.19047369035872316	0.14871029956255255	0.24594757608164283	0.17893960870471548	0.22956379170183422	0.04292108032254151	0.25107190647900157	0.1437689574304409
33.22147651006711	0.04615610983545561	0.16835311626754249	0.19047369035991202	0.14871029956342238	0.24594757608275603	0.17893960870543726	0.2295637917027606	0.04292108032294038	0.2510719064796085	0.1437689574313162
