NON $ % + -
#NON	d	c	a	b
0.0	0.1785072236371058	0.8601108735509173	0.1847341885817665	0.6892637978365375
0.5050505050505051	0.18189088351506713	0.4143345124529161	0.24310336398006435	0.19797868396788332
1.0101010101010102	0.13911028674944304	0.25137785497164894	0.21825720107448238	0.06172072060193138
1.5151515151515151	0.09530736534583403	0.18761609297947943	0.19311173370787318	0.020936160858371196
2.0202020202020203	0.06208237277682041	0.16119914641806032	0.17781788070708163	0.007696501175210435
2.5252525252525255	0.03957780200277065	0.14987393141366812	0.16987105463198615	0.0030430069525636703
3.0303030303030303	0.025103603807471443	0.1449375356646355	0.16604184696247962	0.0012825823587815448
3.5353535353535355	0.016002788994105913	0.14277071036621267	0.16427005720304205	0.0005714994557103947
4.040404040404041	0.010316958342581936	0.14181702094781976	0.16346837680766585	0.0002673430770451537
4.545454545454546	0.0067525020953699355	0.14139688258767402	0.16311007717295906	0.00013059118977629933
5.050505050505051	0.0044966013790108195	0.14121173363217357	0.1629509975537226	6.634675085010428e-05
5.555555555555556	0.003050074975227259	0.1411301444660121	0.16288062728360356	3.495985614815794e-05
6.0606060606060606	0.0021082781567505473	0.14109418803325782	0.1628495544491175	1.9065188139275475e-05
6.565656565656566	0.0014850534573208778	0.14107834135179062	0.16283584655804545	1.0742948159452827e-05
7.070707070707071	0.0010657593822798923	0.14107136085112462	0.16282980518550733	6.247467333406278e-06
7.575757575757576	0.0007789171601883453	0.14106828825693607	0.16282714529297554	3.745848654216223e-06
8.080808080808081	0.000579501748139142	0.14106693191456998	0.16282597100199292	2.3121067343762422e-06
8.585858585858587	0.00043857681069218665	0.14106633456262008	0.1628254537944634	1.4680850665165717e-06
9.090909090909092	0.0003375071536362578	0.14106607089180956	0.16282522549260547	9.577703789110137e-07
9.595959595959597	0.0002639202885531052	0.14106595488059043	0.1628251250414586	6.415324484935897e-07
10.101010101010102	0.00020953969366335854	0.14106590320928172	0.1628250803002728	4.4030213400021504e-07
10.606060606060607	0.00016880391954497503	0.14106588052091293	0.1628250606547393	3.0952748286796627e-07
11.111111111111112	0.00013792017016587969	0.14106587074189259	0.16282505218719873	2.2274383903299484e-07
11.616161616161618	0.00011422283839434885	0.14106586652813777	0.16282504853856242	1.6390407770570756e-07
12.121212121212121	9.579362736255102e-05	0.14106586452613154	0.1628250468050483	1.2303664537269876e-07
12.626262626262626	8.130343332790946e-05	0.1410658636506468	0.16282504604697987	9.418515067771802e-08
13.131313131313131	6.979804358913703e-05	0.1410658632810381	0.16282504572693604	7.346705316965792e-08
13.636363636363637	6.0563093112455615e-05	0.14106586307770455	0.16282504555086905	5.829832154294202e-08
14.141414141414142	5.3091549647874114e-05	0.14106586300053103	0.162825045484048	4.7032379347992626e-08
14.646464646464647	4.698488851606923e-05	0.14106586298267085	0.1628250454685847	3.8541399345435235e-08
15.151515151515152	4.1947337313018415e-05	0.14106586297509802	0.162825045462027	3.2044259389640455e-08
15.656565656565657	3.7759886346324646e-05	0.1410658629676971	0.1628250454556182	2.6999853413745244e-08
16.161616161616163	3.425845845060714e-05	0.14106586296314927	0.16282504545168067	2.3039591381227194e-08
16.666666666666668	3.131045065889169e-05	0.141065862962717	0.16282504545130683	1.989935684135085e-08
17.171717171717173	2.8817241757417734e-05	0.14106586296426604	0.16282504545264825	1.7384032831321474e-08
17.67676767676768	2.669307872611771e-05	0.1410658629655342	0.16282504545374618	1.534633716288474e-08
18.181818181818183	2.4871733804460388e-05	0.14106586296600088	0.16282504545415016	1.3678309989784435e-08
18.68686868686869	2.330204617389826e-05	0.14106586296578694	0.1628250454539649	1.230067538376685e-08
19.191919191919194	2.1942907378134344e-05	0.14106586296538862	0.16282504545362006	1.1153641478136558e-08
19.6969696969697	2.0761131277436743e-05	0.14106586296522786	0.1628250454534809	1.0192333801898485e-08
20.202020202020204	1.972899858362745e-05	0.1410658629652986	0.16282504545354215	9.381087925660208e-09
20.70707070707071	1.8823420600446452e-05	0.14106586296549667	0.16282504545371365	8.690823495659173e-09
21.212121212121215	1.8025503785953625e-05	0.14106586296568321	0.16282504545387516	8.09953281565981e-09
21.71717171717172	1.732056561407055e-05	0.14106586296573634	0.16282504545392118	7.590499236968732e-09
22.222222222222225	1.6696934809743242e-05	0.1410658629657098	0.16282504545389817	7.150498526397873e-09
22.72727272727273	1.614375878164464e-05	0.14106586296559817	0.16282504545380153	6.7684295829625785e-09
23.232323232323235	1.565259832496112e-05	0.14106586296550694	0.16282504545372253	6.436253010587013e-09
23.73737373737374	1.5214820989676784e-05	0.1410658629654215	0.16282504545364856	6.145494776007588e-09
24.242424242424242	1.4824152841044265e-05	0.14106586296540566	0.16282504545363483	5.890974879231146e-09
24.747474747474747	1.4474261429081946e-05	0.14106586296541157	0.16282504545363996	5.666542786889118e-09
25.252525252525253	1.4160314000654569e-05	0.141065862965439	0.16282504545366366	5.468281019810146e-09
25.757575757575758	1.3877452054049e-05	0.1410658629654909	0.16282504545370863	5.291692334536767e-09
26.262626262626263	1.3622558825606528e-05	0.14106586296552048	0.16282504545373425	5.134578891331251e-09
26.767676767676768	1.339255402050197e-05	0.14106586296551984	0.1628250454537337	4.994450360385429e-09
27.272727272727273	1.3184341466339545e-05	0.14106586296552973	0.16282504545374227	4.868497361613812e-09
27.77777777777778	1.2996649741115837e-05	0.14106586296551515	0.16282504545372967	4.756173756494736e-09
28.282828282828284	1.282684406836302e-05	0.14106586296548995	0.16282504545370785	4.655357788739104e-09
28.78787878787879	1.2672948060572547e-05	0.14106586296546825	0.16282504545368903	4.564574244957583e-09
29.292929292929294	1.253421275433695e-05	0.14106586296545642	0.16282504545367882	4.483579897409199e-09
29.7979797979798	1.24081778308758e-05	0.14106586296544227	0.16282504545366655	4.410356918052984e-09
30.303030303030305	1.229396617948959e-05	0.1410658629654359	0.16282504545366105	4.344474103734062e-09
30.80808080808081	1.2190523716222816e-05	0.14106586296544088	0.16282504545366533	4.285283322650508e-09
31.313131313131315	1.2096415864533315e-05	0.14106586296544543	0.16282504545366927	4.231661925325287e-09
31.81818181818182	1.2010870242488238e-05	0.14106586296545096	0.16282504545367407	4.183184769660335e-09
32.323232323232325	1.1932959197839395e-05	0.14106586296545812	0.16282504545368026	4.139226832887656e-09
32.82828282828283	1.1861808428452056e-05	0.1410658629654694	0.16282504545369003	4.0991896696340096e-09
33.333333333333336	1.1796900995683549e-05	0.14106586296547757	0.1628250454536971	4.0627867016873214e-09
33.83838383838384	1.1737746632133843e-05	0.1410658629654782	0.16282504545369766	4.029732892460922e-09
34.343434343434346	1.1683762208466468e-05	0.14106586296547313	0.16282504545369325	3.999658703370881e-09
34.84848484848485	1.1634162693113233e-05	0.1410658629654738	0.16282504545369383	3.972020850658642e-09
35.35353535353536	1.1588863232945335e-05	0.14106586296547224	0.1628250454536925	3.946840606265257e-09
35.85858585858586	1.1547636790963916e-05	0.1410658629654683	0.1628250454536891	3.92401437298347e-09
36.36363636363637	1.1510152599018928e-05	0.14106586296546256	0.16282504545368412	3.903347130931088e-09
36.86868686868687	1.1475586370469872e-05	0.14106586296545773	0.16282504545367993	3.884237285355315e-09
37.37373737373738	1.1444069613491848e-05	0.14106586296545362	0.16282504545367638	3.866848470394936e-09
37.87878787878788	1.1415456148589997e-05	0.14106586296545146	0.16282504545367452	3.851112249592954e-09
38.38383838383839	1.1389561405942536e-05	0.14106586296545182	0.16282504545367485	3.836930287091811e-09
38.88888888888889	1.1365684432813397e-05	0.14106586296545057	0.16282504545367377	3.823831260736807e-09
39.3939393939394	1.1343929664567743e-05	0.14106586296545026	0.1628250454536735	3.811919584561965e-09
39.8989898989899	1.1324150705866749e-05	0.14106586296545096	0.16282504545367407	3.801117290690338e-09
40.40404040404041	1.130621266860459e-05	0.14106586296545265	0.16282504545367557	3.791352469865558e-09
40.909090909090914	1.1289741043914688e-05	0.14106586296545415	0.16282504545367685	3.78238120040367e-09
41.41414141414142	1.1274712000537156e-05	0.14106586296545556	0.16282504545367807	3.774206119804548e-09
41.919191919191924	1.1261001912608707e-05	0.14106586296545645	0.16282504545367885	3.766757001746048e-09
42.42424242424243	1.1248503604411719e-05	0.14106586296545634	0.16282504545367874	3.759973183470934e-09
42.929292929292934	1.123697199473938e-05	0.14106586296545845	0.16282504545368057	3.7537154707997025e-09
43.43434343434344	1.1226398064912007e-05	0.14106586296546042	0.1628250454536823	3.7479795719170015e-09
43.939393939393945	1.1216705419142576e-05	0.14106586296546197	0.16282504545368362	3.7427229160638435e-09
44.44444444444445	1.1207830455730126e-05	0.14106586296546278	0.16282504545368434	3.7379104094328316e-09
44.949494949494955	1.1199724180426848e-05	0.1410658629654625	0.1628250454536841	3.733515470106403e-09
45.45454545454546	1.1192352206438074e-05	0.14106586296546073	0.16282504545368257	3.72952002805683e-09
45.959595959595966	1.1185521077160211e-05	0.1410658629654594	0.16282504545368143	3.7258148401165485e-09
46.46464646464647	1.1179148808442806e-05	0.14106586296545903	0.1628250454536811	3.722354772328301e-09
46.969696969696976	1.1173291763973502e-05	0.1410658629654585	0.16282504545368065	3.719174225531157e-09
47.47474747474748	1.1167930012903274e-05	0.14106586296545787	0.1628250454536801	3.7162639377050473e-09
47.979797979797986	1.1163054466050366e-05	0.14106586296545714	0.16282504545367948	3.7136209972826386e-09
48.484848484848484	1.1158666875900287e-05	0.14106586296545645	0.16282504545367887	3.7112488431493324e-09
48.98989898989899	1.1154708614783793e-05	0.14106586296545576	0.1628250454536783	3.7091138587501173e-09
49.494949494949495	1.1150892288891847e-05	0.14106586296545498	0.16282504545367762	3.70704274983324e-09
50.0	1.1147395817738408e-05	0.14106586296545431	0.16282504545367704	3.7051455487787576e-09
