NON $ % + - . 0
#NON	b	e	d	a	c	f
0.0	0.4803985069257931	0.26620965524534956	0.9413993396245572	0.4474343485711949	0.2172663959527973	0.7425672800793247
0.5050505050505051	0.2931699951202762	0.19754088056780683	0.43898562613188935	0.26428183860611704	0.13264849616277213	0.3592049829816789
1.0101010101010102	0.20281728606717403	0.16316386864371757	0.25940505743138903	0.1834062058485479	0.08543736756428905	0.231258505793834
1.5151515151515151	0.15496458341121386	0.14070137472973915	0.1928290169369396	0.14172444454849586	0.05906446034236291	0.1862009209907628
2.0202020202020203	0.12730400941059358	0.12439181839251423	0.1658883385037813	0.11735607761200496	0.04407146180655257	0.16810143245524847
2.5252525252525255	0.11023323285854662	0.11245624099669484	0.1532047745131744	0.10198252329528674	0.035291678018096136	0.15910057602702785
3.0303030303030303	0.09924155945621711	0.10387625978278053	0.14608382930092112	0.09190341013915315	0.029971187176983487	0.1535905635807964
3.5353535353535355	0.09197814221124571	0.09781231143578079	0.14150965190548093	0.08516892448531425	0.026640487995118884	0.1497849754893587
4.040404040404041	0.08710089205343025	0.09357289798853909	0.13835621728985859	0.08062144651215979	0.024497735310743916	0.14704113630528323
4.545454545454546	0.0837920638913031	0.09062605602708096	0.1361245422124495	0.07752928437586869	0.02308967469447248	0.14505202609029574
5.050505050505051	0.08153186484516496	0.08858298968693772	0.13453733911262042	0.07541590000139396	0.022149732301953603	0.14362006987121984
5.555555555555556	0.07998074506981821	0.08716782307176436	0.1334117070048742	0.07396584252843783	0.02151512191595415	0.142598517138286
6.0606060606060606	0.07891282038833544	0.08618772878168265	0.13261720926844026	0.07296798076692328	0.021083194565776557	0.14187546059255768
6.565656565656566	0.07817593084723	0.08550884618192428	0.13205895381385754	0.07227979413157971	0.020787546301132286	0.14136675387108327
7.070707070707071	0.0776666826167045	0.08503849683204624	0.13166812105053377	0.07180442248222887	0.02058437724376787	0.14101041338890008
7.575757575757576	0.07731438461728897	0.08471256030051214	0.1313952567239306	0.07147568358707522	0.02044437507793105	0.14076157764478234
8.080808080808081	0.07707049181264522	0.08448666446626252	0.1312051362326197	0.07124816763997184	0.020347715475910678	0.1405881886152605
8.585858585858587	0.07690154615844048	0.08433005951295552	0.13107285823069179	0.07109059809910274	0.02028088854522096	0.14046755184878632
9.090909090909092	0.07678448310654754	0.08422149385293129	0.1309809086896717	0.0709814365040766	0.020234643515161636	0.14038369511873927
9.595959595959597	0.07670334803631926	0.08414621850637483	0.1309170457647672	0.07090578546944681	0.020202622365305276	0.14032545479660866
10.101010101010102	0.07664710802508252	0.08409402793716102	0.13087271067481204	0.07085335135874007	0.020180440316901818	0.14028502383177532
10.606060606060607	0.0766081235021627	0.08405784439499489	0.1308419462802233	0.07081700719115738	0.02016507088921977	0.14025696903000084
11.111111111111112	0.07658109061569454	0.08403275078248561	0.13082059825540357	0.07079180620342226	0.02015441662991044	0.1402375015310339
11.616161616161618	0.07656233519061013	0.0840153394616255	0.13080577952638014	0.07077432227085487	0.020147026254706425	0.14022398826652419
12.121212121212121	0.07654933504812272	0.08400327014428484	0.1307955043410149	0.07076220367434623	0.02014190455226637	0.1402146183354267
12.626262626262626	0.07654032178521843	0.08399490190969576	0.13078837897062823	0.07075380169881944	0.02013835392562147	0.1402081208179075
13.131313131313131	0.07653407093432532	0.08398909862210945	0.130783435826802	0.07074797500564486	0.020135891498455228	0.14020361313328134
13.636363636363637	0.07652973547620208	0.08398507247434413	0.13078000858070332	0.07074393334145898	0.02013418420089766	0.14020048789628373
14.141414141414142	0.07652673061247633	0.08398228103432374	0.13077763569207468	0.07074113167756067	0.020133001345676582	0.1401983247308826
14.646464646464647	0.07652464821589303	0.08398034898767766	0.1307759865753083	0.07073919115811736	0.020132180469065616	0.14019682104311176
15.151515151515152	0.0765232045221229	0.08397901271896192	0.1307748341899588	0.0707378473301352	0.02013160991368442	0.14019576806493209
15.656565656565657	0.07652220287380236	0.08397808142708237	0.1307740434374271	0.07073691313105634	0.020131216000996138	0.14019504621668524
16.161616161616163	0.07652150606624462	0.08397743067695693	0.1307735028002067	0.07073626184889116	0.020130943297274644	0.1401945560775769
16.666666666666668	0.07652102417692284	0.08397698568470677	0.13077311580671475	0.07073581375948414	0.020130752372600674	0.14019420225057816
17.171717171717173	0.07652069072791765	0.08397667580322213	0.13077285247348333	0.0707355028199367	0.020130621166224518	0.14019396184317043
17.67676767676768	0.07652045830189871	0.0839764595151411	0.130772669978075	0.0707352859415411	0.020130529847937617	0.1401937958570831
18.181818181818183	0.07652029708326888	0.0839763097186468	0.13077254275881242	0.07073513561345031	0.020130466400417574	0.14019367994343848
18.68686868686869	0.07652018485505226	0.08397620552564859	0.13077245396436327	0.07073503100550654	0.020130422194132393	0.14019359896896227
19.191919191919194	0.07652010774236416	0.08397613401076223	0.1307723927446304	0.07073495916429469	0.020130391784118226	0.14019354307969076
19.6969696969697	0.07652005452584912	0.08397608469470356	0.13077235039900106	0.07073490960284276	0.020130370780433657	0.14019350439563055
20.202020202020204	0.07652001757309133	0.08397605045723737	0.13077232098213107	0.07073487519110083	0.020130356192631958	0.14019347752399183
20.70707070707071	0.07651999225743039	0.08397602701068493	0.1307723008109931	0.07073485162017577	0.020130346194717166	0.14019345909978212
21.212121212121215	0.0765199746840537	0.08397601074857322	0.1307722867744653	0.07073483526420977	0.0201303392481249	0.14019344627505273
21.71717171717172	0.0765199624283215	0.0839759994309543	0.13077227692144544	0.07073482386840048	0.020130334392598984	0.14019343725721306
22.222222222222225	0.07651995390025557	0.08397599150942904	0.13077227018117243	0.07073481591762167	0.020130331035325733	0.14019343111287963
22.72727272727273	0.0765199477226058	0.0839759855533031	0.1307722658641602	0.07073481005828751	0.020130328704352825	0.14019342731479184
23.232323232323235	0.07651994259062538	0.0839759807090492	0.13077226200764352	0.07073480523831076	0.020130326719836514	0.14019342384597142
23.73737373737374	0.07651993874599473	0.08397597710375453	0.13077225905745515	0.07073480163830392	0.020130325222113356	0.14019342117748235
24.242424242424242	0.07651993633399963	0.0839759748159539	0.1307722572759283	0.0707347993678251	0.02013032429455358	0.1401934195857606
24.747474747474747	0.07651993502105046	0.08397597354500978	0.13077225637460738	0.07073479812011953	0.020130323801541096	0.14019341880071587
25.252525252525253	0.07651993354451685	0.08397597215301468	0.1307722552616932	0.07073479673412603	0.020130323229771513	0.14019341780006175
25.757575757575758	0.07651993273675539	0.08397597139010486	0.13077225465692627	0.07073479597524432	0.020130322917627556	0.14019341725771428
26.262626262626263	0.07651993259776611	0.08397597125628033	0.13077225456030664	0.07073479584347442	0.020130322865109223	0.1401934171736735
26.767676767676768	0.07651993156812989	0.08397597028274795	0.13077225379252774	0.07073479487564618	0.020130322467724608	0.1401934164862463
27.272727272727273	0.07651993198175035	0.08397597067212052	0.13077225410595092	0.07073479526363917	0.020130322628157688	0.1401934167685979
27.77777777777778	0.0765199323953708	0.08397597106149308	0.13077225441937407	0.07073479565163214	0.020130322788590768	0.14019341705094948
28.282828282828284	0.076519932797326	0.08397597143985351	0.13077225472403742	0.07073479602866853	0.020130322944513446	0.1401934173254306
28.78787878787879	0.07651993289046077	0.08397597152668373	0.13077225479679713	0.0707347961156456	0.02013032298103001	0.1401934173915529
29.292929292929294	0.07651993298359555	0.08397597161351396	0.13077225486955688	0.07073479620262269	0.02013032301754657	0.14019341745767516
29.7979797979798	0.07651993307673033	0.08397597170034417	0.1307722549423166	0.07073479628959976	0.020130323054063134	0.14019341752379744
30.303030303030305	0.0765199331698651	0.08397597178717439	0.13077225501507633	0.07073479637657684	0.020130323090579695	0.1401934175899197
30.80808080808081	0.07651993326299988	0.08397597187400462	0.13077225508783605	0.07073479646355392	0.02013032312709626	0.14019341765604199
31.313131313131315	0.07651993335613466	0.08397597196083482	0.13077225516059576	0.070734796550531	0.02013032316361282	0.14019341772216426
31.81818181818182	0.07651993344926944	0.08397597204766505	0.1307722552333555	0.07073479663750808	0.020130323200129384	0.14019341778828653
32.323232323232325	0.07651993354240422	0.08397597213449527	0.13077225530611522	0.07073479672448515	0.020130323236645944	0.14019341785440884
32.82828282828283	0.076519933635539	0.08397597222132548	0.13077225537887494	0.07073479681146223	0.020130323273162505	0.1401934179205311
33.333333333333336	0.07651993367818413	0.08397597226104427	0.13077225541229254	0.07073479685126971	0.02013032328990128	0.14019341795092596
33.83838383838384	0.07651993369923403	0.08397597228061275	0.13077225542888293	0.07073479687090199	0.020130323298180788	0.14019341796603968
34.343434343434346	0.07651993372028394	0.08397597230018124	0.1307722554454733	0.07073479689053429	0.020130323306460297	0.14019341798115342
34.84848484848485	0.07651993374133384	0.08397597231974974	0.13077225546206367	0.07073479691016657	0.020130323314739802	0.14019341799626714
35.35353535353536	0.07651993376238374	0.08397597233931822	0.13077225547865406	0.07073479692979887	0.02013032332301931	0.14019341801138085
35.85858585858586	0.07651993378343365	0.08397597235888671	0.13077225549524443	0.07073479694943116	0.020130323331298817	0.14019341802649457
36.36363636363637	0.07651993380448355	0.0839759723784552	0.1307722555118348	0.07073479696906344	0.020130323339578326	0.1401934180416083
36.86868686868687	0.07651993382553345	0.08397597239802368	0.1307722555284252	0.07073479698869574	0.020130323347857835	0.140193418056722
37.37373737373738	0.07651993384658336	0.08397597241759217	0.13077225554501556	0.07073479700832802	0.02013032335613734	0.14019341807183572
37.87878787878788	0.0765199338603329	0.08397597243037375	0.13077225555585298	0.07073479702115144	0.020130323361545556	0.14019341808170874
38.38383838383839	0.0765199338613511	0.08397597243131943	0.13077225555665764	0.07073479702210068	0.020130323361946433	0.14019341808244232
38.88888888888889	0.07651993386236929	0.08397597243226512	0.13077225555746233	0.07073479702304993	0.020130323362347314	0.1401934180831759
39.3939393939394	0.07651993386338748	0.08397597243321081	0.130772255558267	0.07073479702399915	0.02013032336274819	0.14019341808390948
39.8989898989899	0.07651993386440567	0.0839759724341565	0.13077225555907165	0.07073479702494839	0.020130323363149072	0.14019341808464306
40.40404040404041	0.07651993386542387	0.08397597243510219	0.13077225555987632	0.07073479702589762	0.02013032336354995	0.14019341808537664
40.909090909090914	0.07651993386644207	0.08397597243604786	0.13077225556068098	0.07073479702684686	0.020130323363950826	0.14019341808611022
41.41414141414142	0.07651993386746025	0.08397597243699355	0.13077225556148564	0.07073479702779609	0.020130323364351707	0.1401934180868438
41.919191919191924	0.07651993386847845	0.08397597243793924	0.1307722555622903	0.07073479702874533	0.020130323364752584	0.14019341808757738
42.42424242424243	0.07651993386949664	0.08397597243888492	0.13077225556309496	0.07073479702969457	0.020130323365153465	0.14019341808831096
42.929292929292934	0.07651993387051484	0.08397597243983061	0.13077225556389963	0.0707347970306438	0.020130323365554342	0.14019341808904454
43.43434343434344	0.07651993387153302	0.0839759724407763	0.1307722555647043	0.07073479703159304	0.020130323365955223	0.14019341808977814
43.939393939393945	0.07651993387255122	0.08397597244172199	0.13077225556550895	0.07073479703254226	0.0201303233663561	0.14019341809051172
44.44444444444445	0.07651993387356942	0.08397597244266766	0.1307722555663136	0.0707347970334915	0.020130323366756978	0.1401934180912453
44.949494949494955	0.07651993387458761	0.08397597244361335	0.13077225556711827	0.07073479703444074	0.020130323367157858	0.14019341809197888
45.45454545454546	0.07651993387560581	0.08397597244455904	0.13077225556792293	0.07073479703538997	0.020130323367558735	0.14019341809271246
45.959595959595966	0.076519933876624	0.08397597244550473	0.1307722555687276	0.07073479703633921	0.020130323367959616	0.14019341809344604
46.46464646464647	0.0765199338776422	0.08397597244645041	0.13077225556953226	0.07073479703728844	0.020130323368360493	0.14019341809417962
46.969696969696976	0.07651993387866038	0.0839759724473961	0.13077225557033692	0.07073479703823768	0.020130323368761374	0.1401934180949132
47.47474747474748	0.07651993387967858	0.08397597244834179	0.13077225557114158	0.07073479703918692	0.02013032336916225	0.14019341809564678
47.979797979797986	0.07651993388069678	0.08397597244928746	0.13077225557194624	0.07073479704013615	0.02013032336956313	0.14019341809638036
48.484848484848484	0.07651993388171496	0.08397597245023315	0.1307722555727509	0.07073479704108539	0.02013032336996401	0.14019341809711394
48.98989898989899	0.07651993388273316	0.08397597245117884	0.13077225557355557	0.07073479704203461	0.020130323370364887	0.14019341809784752
49.494949494949495	0.07651993388375135	0.08397597245212453	0.13077225557436023	0.07073479704298385	0.020130323370765767	0.1401934180985811
50.0	0.07651993388476955	0.08397597245307022	0.1307722555751649	0.07073479704393308	0.020130323371166645	0.14019341809931468
