NON $ % + - . 0 1 2 3
#NON	e	h	g	f	d	c	i	b	a
0.0	0.8088842620139557	0.39756056382251703	0.8029681898454962	0.4137827801202878	0.6592354644879734	0.9216218572255663	0.3044869169527722	0.6217082456834431	0.6093906528785934
0.5050505050505051	0.5065194344401408	0.2753305826134673	0.3931257811055165	0.2897128859908581	0.20999001724423952	0.46260079131167475	0.20322127910745422	0.233953923489898	0.24251946864042925
1.0101010101010102	0.333606925937668	0.2103203862832619	0.20059309743379714	0.21554100300160037	0.07871049582505545	0.2343862539817458	0.15219715834699993	0.10336441924282186	0.1259678292244911
1.5151515151515151	0.2333712165896657	0.17318472968547372	0.10789952918165392	0.16460624523151102	0.035982520864965714	0.12064664918259267	0.11913364252242564	0.052249856685541565	0.07749269083348778
2.0202020202020203	0.17352127834157388	0.1494428970219844	0.061637376537230365	0.1276556685602957	0.019680542523467837	0.06351128681192747	0.0949373270638513	0.029063940917540266	0.053422191167052456
2.5252525252525255	0.13619501164895786	0.13236789156191928	0.03748462730705436	0.10028108851702595	0.01223348022117248	0.034447974747736705	0.0764827041536273	0.017274539947608185	0.03999609522146802
3.0303030303030303	0.11164414673804847	0.11894096993072018	0.02420692536289003	0.07977024579122463	0.008254063640295552	0.01940279335785009	0.06223094763952023	0.010790979625913697	0.03169448567172093
3.5353535353535355	0.09455903746629557	0.10780802001792722	0.016496188639590056	0.06427013520442043	0.0058747899744399975	0.011431452409000634	0.051172299963556746	0.007025992528527187	0.026069262057395487
4.040404040404041	0.0820270703813773	0.09833399603545032	0.011775496470699106	0.05247449550840464	0.004346613147458779	0.007084396167753918	0.04256691001288503	0.0047516521773110845	0.021987373043648166
4.545454545454546	0.07242732765889297	0.09019225083901067	0.008749222888156105	0.043452514355714164	0.0033212405936205685	0.0046329002727822964	0.035860885469389606	0.0033354100411707556	0.01889575486020614
5.050505050505051	0.06483762786010966	0.08319136983307593	0.006735546067693347	0.03653132320193741	0.002614004126588114	0.003198725095469754	0.03063526975074353	0.0024307535415951684	0.016499792007606023
5.555555555555556	0.05871509174278775	0.07719999241463237	0.005356013512941633	0.03121396803736148	0.0021166576689257495	0.0023272161246002078	0.026567505342636046	0.001839236288326739	0.014623106356400259
6.0606060606060606	0.05372270447894349	0.07211187602165373	0.004388946897910352	0.02712549962967332	0.0017614161144178147	0.0017774028003690616	0.023404846234448166	0.001443645132968336	0.01314699038761966
6.565656565656566	0.04963520481846344	0.06782958171382276	0.003698170271521576	0.023978994943058884	0.0015041225914453915	0.0014180158575845786	0.020947469873834904	0.0011731807611628476	0.011984332879550441
7.070707070707071	0.04628888760644316	0.06425821035486853	0.003196776590204691	0.021553675064121803	0.0013153292146507402	0.0011753544663687797	0.01903745613411098	0.0009842808053005946	0.01106804786335546
7.575757575757576	0.04355572437595425	0.06130473157148296	0.002827676656681028	0.019679875419883464	0.0011750938004513995	0.0010067176414525181	0.01755085594543282	0.0008496745932996903	0.010345459977731033
8.080808080808081	0.0413305863569403	0.0588799740250685	0.002552524477269882	0.018227794782196032	0.0010697410369885632	0.0008865582374971676	0.016391250060245242	0.0007519803484057452	0.00977505046090479
8.585858585858587	0.03952507937484292	0.05690114212593516	0.002345086460451791	0.017098562107559723	0.0009897762235636465	0.0007990959484126939	0.015484193833009462	0.0006799037338337376	0.009324154020521941
9.090909090909092	0.038064449315691654	0.055293761595094824	0.0021871304721638716	0.016217095300076218	0.0009285242226510053	0.000734283222784457	0.014772497824074981	0.0006259602402740663	0.008967150155435104
9.595959595959597	0.03688575509595691	0.053992729408943806	0.002065802596164746	0.015526494962737437	0.0008812333485771393	0.0006855354962399498	0.014212397511355643	0.0005850897057443927	0.008684019466772394
10.101010101010102	0.035936420609720486	0.05294240326268348	0.0019719034364708435	0.014983504135831792	0.000844471357689036	0.000648417866489939	0.013770295636981568	0.000553800385855383	0.008459095577300405
10.606060606060607	0.0351729205520326	0.052096053361346886	0.0018987699776661538	0.014555216923902142	0.0008157314728073883	0.0006198737418654179	0.013420424682489804	0.000529639683152259	0.008280141367671325
11.111111111111112	0.03455951156137756	0.05141497205471958	0.0018414996159692657	0.014216432724563218	0.0007931543924517509	0.0005977409389173423	0.0131428913687106	0.0005108479596400682	0.008137562481067485
11.616161616161618	0.034067040633113624	0.05086739251844603	0.0017964505832526562	0.013947788197508804	0.0007753484804162633	0.0005804658307216342	0.012922298081018673	0.0004961460933560928	0.008023827991501255
12.121212121212121	0.033671843332221535	0.05042741642225517	0.0017608826477652825	0.013734308988199714	0.0007612593995336991	0.0005669096866421691	0.012746658382871385	0.00048458832111561586	0.007933005868546577
12.626262626262626	0.033354776137196195	0.050074032076849774	0.001732708027494446	0.013564343947116213	0.0007500792724500959	0.0005562220461174136	0.012606596437730483	0.0004754637651602765	0.007860409734422934
13.131313131313131	0.033100434746625274	0.04979027874451749	0.0017103363389347542	0.013428829245344895	0.0007411889416327676	0.0005477678801027142	0.01249477566432136	0.0004682382430997012	0.007802340236589864
13.636363636363637	0.03289641961929918	0.04956247045006218	0.001692536530024388	0.013320647908481408	0.0007341069547433777	0.0005410619806986931	0.012405410954746367	0.0004625019761913134	0.0077558605707863035
14.141414141414142	0.03273276550932194	0.04937959092705324	0.0016783485969209327	0.013234193204298713	0.0007284566485030647	0.000535729469836807	0.012333931602493428	0.00045793751844056284	0.007718636948236557
14.646464646464647	0.03260148317575222	0.04923279004091412	0.0016670244293038909	0.013165043824177505	0.0007239433514707389	0.0005314813654141393	0.012276719216461056	0.00045429940467431144	0.007688813137723408
15.151515151515152	0.03249616526423765	0.0491149554334768	0.001657976895688773	0.013109700452967749	0.000720335105876161	0.0005280926306144437	0.012230902329137419	0.000451396023050406	0.007664910236401721
15.656565656565657	0.03241167179859137	0.04902037436720573	0.001650741877565679	0.013065383411779463	0.0007174482345776945	0.0005253861316490395	0.012194196586859692	0.0004490763732740879	0.007645748016662221
16.161616161616163	0.03234387962392771	0.04894445853712993	0.0016449515808807935	0.013029878572517046	0.0007151369162499391	0.0005232221194528315	0.012164779027307534	0.0004472211957122066	0.007630382487870654
16.666666666666668	0.03228948454745473	0.048883525532864375	0.0016403147756521824	0.013001422758874103	0.0007132854552420073	0.0005214904976832038	0.012141195013774246	0.00044573641044766486	0.0076180588455818325
17.171717171717173	0.03224583677472661	0.048834617936550806	0.0016366001128460127	0.012978609541707098	0.000711801801081339	0.0005201041418069925	0.012122282636368959	0.000444547478463993	0.007608173079852131
17.67676767676768	0.03221081153746522	0.04879536233254471	0.0016336232324655252	0.0129603163459834	0.0007106125493986953	0.0005189937331586642	0.012107114162336468	0.0004435950592124989	0.007600242169759865
18.181818181818183	0.03218270447890013	0.04876385432017544	0.001631236855077887	0.01294564551306738	0.0007096590439776175	0.0005181039417818585	0.012094947570720521	0.0004428317806093373	0.0075938793138680205
18.68686868686869	0.03216014802856936	0.0487385649109163	0.0016293232636761476	0.012933877342191829	0.0007088943515243074	0.0005173906429096844	0.012085187044308861	0.00044221985506878573	0.007588773882142292
19.191919191919194	0.03214204506736673	0.04871826610823213	0.0016277884500291396	0.01292443567777631	0.00070828095287022	0.0005168186818748874	0.012077355191601408	0.00044172915271182834	0.007584676781837352
19.6969696969697	0.032127515700254954	0.04870197236822132	0.0016265572879648068	0.01291685995453277	0.0007077888592830611	0.0005163599884840564	0.01207107052100167	0.00044133560064217283	0.007581388695533645
20.202020202020204	0.03211585436060601	0.04868889360971262	0.0016255696141799579	0.012910781394419727	0.0007073940595118346	0.0005159920778852509	0.012066027608448503	0.00044101991953837216	0.007578749981294112
20.70707070707071	0.03210649576496994	0.04867839682943582	0.0016247772643098004	0.012905904354458401	0.0007070773220715488	0.0005156969612965152	0.012061981380170783	0.0004407666885298529	0.007576632589422959
21.212121212121215	0.032098985575475	0.04866997285416412	0.0016241415799842127	0.012901991144077486	0.0007068231992487496	0.0005154602195602575	0.012058734641097163	0.0004405635428639416	0.007574933481481223
21.71717171717172	0.03209295840934561	0.04866321222622872	0.0016236315177293626	0.012898850984775202	0.0007066192905025339	0.00051527027390478	0.012056129200196034	0.0004404005517824759	0.007573569937148091
22.222222222222225	0.03208812101665763	0.048657786071003135	0.0016232221871285372	0.012896330635058734	0.0007064556432127848	0.0005151178523159888	0.012054037861971827	0.0004402697604768036	0.007572475470985621
22.72727272727273	0.03208423772201477	0.0486534299264409	0.0016228936306917202	0.012894307435643635	0.0007063242833342764	0.0005149955185156229	0.012052358979133513	0.0004401647849248392	0.007571596837766005
23.232323232323235	0.03208111987374959	0.04864993218353462	0.001622629882534487	0.012892683309035537	0.0007062188336238848	0.00051489732083628	0.01205101129766196	0.0004400805165526946	0.007570891468698455
23.73737373737374	0.03207861708703923	0.04864712445561866	0.001622418182932245	0.012891379609407165	0.0007061341911093207	0.0005148185046841208	0.0120499294620894	0.0004400128802800979	0.007570325260598774
24.242424242424242	0.03207660825891344	0.04864487066818766	0.0016222482970460563	0.012890333518071048	0.0007060662695056993	0.0005147552558076305	0.012049061493537098	0.00043995859999409245	0.0075698708932838915
24.747474747474747	0.032074997295976085	0.04864306340142549	0.001622112060683825	0.012889494577266649	0.000706011800569085	0.0005147045344274851	0.01204836536120989	0.0004399150726994786	0.007569506514519442
25.252525252525253	0.03207370461030984	0.04864161330978591	0.0016220027322088712	0.01288882126056516	0.0007059680885938158	0.0005146638314128894	0.01204780660354313	0.00043988014489793574	0.007569214079403507
25.757575757575758	0.03207266710025222	0.04864044942549541	0.0016219149856817265	0.012888280836753608	0.0007059330046441458	0.000514631164495855	0.01204735811847489	0.00043985211266153555	0.007568979355121783
26.262626262626263	0.032071834496500785	0.0486395153520041	0.0016218445685626736	0.012887847117288095	0.0007059048485758919	0.0005146049505826757	0.01204699817475135	0.00043982961741755093	0.007568790968398869
26.767676767676768	0.032071164835388674	0.048638763975122394	0.0016217879408158453	0.012887498362907373	0.0007058822065322092	0.0005145838706826355	0.012046708775576185	0.0004398115262679014	0.007568639475649369
27.272727272727273	0.03207062701495545	0.04863816048571579	0.0016217424666545314	0.012887218310542832	0.0007058640243336803	0.0005145669432225584	0.01204647639838634	0.00043979699813790317	0.007568517821431022
27.77777777777778	0.0320701946391464	0.04863767536751963	0.0016217059107183063	0.01288699319101897	0.0007058494087148265	0.0005145533346660774	0.012046289605365999	0.0004397853190064468	0.007568420035721062
28.282828282828284	0.03206984749916197	0.048637285929357954	0.0016216765601925925	0.012886812435019485	0.0007058376739123737	0.0005145424080807256	0.012046139613400803	0.0004397759421988692	0.007568341524606065
28.78787878787879	0.032069569063290004	0.04863697362502186	0.0016216530154881503	0.012886667419099015	0.0007058282601799498	0.0005145336424356778	0.012046019263124996	0.00043976842067442113	0.007568278542318935
29.292929292929294	0.03206934564083148	0.048636723012781956	0.0016216341207520276	0.012886551034744148	0.0007058207051159332	0.0005145266082424018	0.01204592266926023	0.0004397623847819457	0.00756822799263112
29.7979797979798	0.032069167506497596	0.04863652324041742	0.0016216190521393778	0.012886458200936006	0.0007058146795811759	0.000514520998226006	0.012045845605658299	0.00043975757163053846	0.007568187675011224
30.303030303030305	0.032069023961406734	0.0486363621643449	0.0016216069137259747	0.012886383442456475	0.000705809825887552	0.000514516479768313	0.012045783570061003	0.0004397536936699019	0.007568155198133048
30.80808080808081	0.032068909684486446	0.0486362339050411	0.0016215972498581394	0.012886323922134742	0.0007058059614646359	0.0005145128828059725	0.012045734179867635	0.00043975060632140143	0.0075681293382913175
31.313131313131315	0.03206881750116994	0.04863613042274248	0.0016215894569015705	0.01288627593469719	0.000705802845537222	0.0005145099823270884	0.012045694368799159	0.00043974811644698634	0.007568108488184028
31.81818181818182	0.03206874297816013	0.0486360467555797	0.0016215831596536193	0.01288623716707992	0.0007058003280592079	0.0005145076385634028	0.012045662214979944	0.0004397461042459075	0.007568091644134211
32.323232323232325	0.03206868301269962	0.04863597944731846	0.0016215780929193175	0.012886205973201257	0.0007057983025994452	0.0005145057527059176	0.012045636341229222	0.00043974448532833334	0.007568078092606659
32.82828282828283	0.03206863422592788	0.04863592474467373	0.0016215739689924033	0.012886180572456753	0.000705796654004865	0.0005145042173361866	0.012045615260617551	0.0004397431680313929	0.007568067063502058
33.333333333333336	0.03206859491754196	0.04863588068292719	0.0016215706463001852	0.012886160106067775	0.0007057953257284381	0.0005145029801378459	0.012045598273719248	0.00043974210668793444	0.007568058177963612
33.83838383838384	0.03206856317205117	0.0486358450999815	0.0016215679611296886	0.012886143561628052	0.0007057942519589356	0.0005145019803099388	0.012045584537602525	0.0004397412490383267	0.007568050993930727
34.343434343434346	0.0320685377120066	0.048635816573919695	0.0016215658065811727	0.01288613028318659	0.0007057933902680775	0.0005145011779440358	0.012045573509398718	0.0004397405609430122	0.007568045228716966
34.84848484848485	0.03206851724917951	0.04863579361053107	0.0016215640755612387	0.012886119621535172	0.0007057926979526991	0.0005145005335486285	0.01204556466127522	0.0004397400078785786	0.0075680405959331455
35.35353535353536	0.03206850102101652	0.04863577538302936	0.0016215627024831732	0.0128861111657038	0.0007057921487143402	0.0005145000225234635	0.012045557645324506	0.0004397395691143669	0.007568036919850451
35.85858585858586	0.0320684879982484	0.04863576074743361	0.0016215616012431613	0.012886104386206116	0.0007057917083462898	0.0005144996127525559	0.012045552022720766	0.0004397392171897601	0.007568033972487584
36.36363636363637	0.032068477857688904	0.04863574932539624	0.0016215607445354682	0.012886099116837904	0.0007057913658437196	0.0005144992941830191	0.012045547657763295	0.00043973894328509154	0.007568031679654169
36.86868686868687	0.032068470118165285	0.04863574058628954	0.0016215600912143793	0.012886095101850957	0.0007057911046811777	0.0005144990514277293	0.012045544335862215	0.00043973873430931925	0.007568029930811882
37.37373737373738	0.032068463765066585	0.0486357334458712	0.0016215595546625388	0.012886091798936496	0.0007057908902786503	0.0005144988518505058	0.012045541597536808	0.00043973856290731956	0.007568028495975657
37.87878787878788	0.03206845851358672	0.04863572758014418	0.0016215591108605498	0.012886089061127426	0.0007057907130105414	0.0005144986865306575	0.012045539321705335	0.0004397384213616771	0.007568027310652004
38.38383838383839	0.03206845463834018	0.048635723240805416	0.001621558784187391	0.012886087049040911	0.0007057905826037079	0.0005144985649324573	0.012045537652418007	0.0004397383170920238	0.007568026438712189
38.88888888888889	0.032068451295569254	0.048635719515591015	0.001621558501896688	0.012886085307408332	0.0007057904698267113	0.000514498459694307	0.01204553620411057	0.0004397382270474281	0.007568025685028832
39.3939393939394	0.03206844819524785	0.0486357160743478	0.00162155823920451	0.012886083683914622	0.0007057903647037869	0.0005144983616068258	0.012045534850621131	0.00043973814327276286	0.007568024982597392
39.8989898989899	0.032068445741501965	0.04863571336135471	0.0016215580313723517	0.012886082398565478	0.0007057902815653912	0.0005144982839186251	0.012045533777834802	0.00043973807702930764	0.007568024427480482
40.40404040404041	0.03206844357963961	0.04863571096116242	0.0016215578480967229	0.012886081266661145	0.0007057902081872022	0.0005144982154518834	0.012045532834440896	0.0004397380185298336	0.007568023937189949
40.909090909090914	0.03206844166474366	0.048635708803869714	0.0016215576858950563	0.012886080269797647	0.0007057901432079816	0.0005144981550639426	0.012045532008532405	0.00043973796657412656	0.0075680235021205414
41.41414141414142	0.03206844000287321	0.048635706938551244	0.0016215575447299903	0.012886079400703453	0.0007057900866087789	0.0005144981024413816	0.01204553128675159	0.00043973792138840773	0.007568023123240356
41.919191919191924	0.032068438613369686	0.048635705368650264	0.0016215574267374622	0.012886078675476583	0.0007057900393226196	0.0005144980585421981	0.012045530685894848	0.0004397378835921812	0.007568022806397321
42.42424242424243	0.03206843754288491	0.04863570415252754	0.0016215573361195923	0.01288607811903895	0.0007057900031173689	0.0005144980249236511	0.012045530226024498	0.00043973785460089883	0.007568022563685311
42.929292929292934	0.032068436692823825	0.048635703176622934	0.0016215572641749443	0.012886077678460409	0.0007057899743742729	0.000514497998312221	0.012045529863319407	0.00043973783154764806	0.007568022370682415
43.43434343434344	0.03206843605941608	0.04863570244764013	0.0016215572106704716	0.012886077350777158	0.0007057899530338346	0.0005144979785554199	0.012045529593829695	0.00043973781442405374	0.007568022227356611
43.939393939393945	0.032068435586603924	0.048635701916036535	0.0016215571708023705	0.012886077104628581	0.0007057899371605957	0.0005144979637613319	0.012045529389548828	0.0004397378017467029	0.00756802212115337
44.44444444444445	0.032068435287295034	0.04863570158558577	0.0016215571457238284	0.012886076948766298	0.0007057899272189209	0.0005144979544353056	0.01204552925943607	0.00043973779382910254	0.0075680220548646916
44.949494949494955	0.03206843511755111	0.04863570140131446	0.0016215571316821823	0.012886076861083392	0.0007057899216849298	0.0005144979492080305	0.01204552918601606	0.0004397377894258845	0.007568022018106469
45.45454545454546	0.03206843495522466	0.048635701228272536	0.0016215571181781567	0.012886076776902039	0.0007057899163021977	0.0005144979441270238	0.012045529115222546	0.0004397377851533051	0.007568021982413285
45.959595959595966	0.032068434930656205	0.048635701219800695	0.0016215571163962308	0.012886076763723558	0.0007057899156128884	0.0005144979433397095	0.012045529102068457	0.0004397377846667876	0.007568021978448327
46.46464646464647	0.03206843515537334	0.04863570150542017	0.0016215571359113477	0.012886076879517825	0.0007057899235101724	0.0005144979504112737	0.012045529194030055	0.00043973779109222037	0.007568022032442993
46.969696969696976	0.032068435405269644	0.048635701818367356	0.0016215571575079748	0.01288607700855731	0.0007057899322113984	0.0005144979582486501	0.012045529297181628	0.00043973779815228856	0.007568022091769288
47.47474747474748	0.03206843558701738	0.04863570204315862	0.0016215571732029399	0.012886077103223452	0.0007057899384981518	0.0005144979639444493	0.012045529373481379	0.00043973780323187234	0.007568022134533374
47.979797979797986	0.03206843557884145	0.048635702028244944	0.0016215571725866195	0.012886077101526715	0.0007057899381758184	0.0005144979637151064	0.01204552937353732	0.000439737802918756	0.0075680221321750216
48.484848484848484	0.032068435449490416	0.048635701861486545	0.0016215571615295667	0.012886077037931445	0.0007057899336221079	0.0005144979596841874	0.012045529324377767	0.00043973779916082486	0.007568022100957362
48.98989898989899	0.032068435536064116	0.048635701968064174	0.0016215571688324836	0.012886077082749447	0.0007057899364709104	0.0005144979622940219	0.012045529360650103	0.0004397378014552259	0.007568022120274193
49.494949494949495	0.03206843556075453	0.04863570199930916	0.001621557170778828	0.012886077095136981	0.0007057899371712065	0.0005144979629493106	0.012045529370605915	0.0004397378020179992	0.007568022125008159
50.0	0.03206843550140964	0.04863570192790495	0.00162155716550141	0.012886077063684375	0.0007057899349934779	0.0005144979609824112	0.012045529345036731	0.0004397378002598421	0.007568022110208384
