NON	A	B	C	D	E	F	G	H	I	NON	NON	NON	NON	NON	NON	NON
#NON Receptor R-Smad_cyt R-Smad-P_cyt Smad4_cyt R-Smad-P-Smad4_cyt R-Smad-P-Smad4_nuc R-Smad_nuc R-Smad-P_nuc Smad4_nuc NON	NON	NON	NON	NON	NON	NON
0	10000	162000	0	120000	0	0	18000	0	30000	0	1	1	162000	18000	120000	30000	
10	9053.55	88478.3	1695.11	67416.8	447.67	78234	9413.01	1731.92	3901.59	15416.9	1	1	90621.1	89378.9	67864.4	82135.6	
20	8206.64	62353.1	2020.6	38837.8	307.066	106071	6892.45	2355.42	4783.8	47886.9	1	1	64680.8	115319	39144.8	110855	
30	7448.78	54493.1	2116.1	30257.5	250.323	114470	6127.23	2543.47	5022.34	84870	1	1	56859.5	123141	30507.8	119492	
40	6770.62	53600.7	1979.36	29129.1	225.329	115587	6036.36	2570.79	5058.15	122961	1	1	55805.4	124195	29354.4	120646	
50	6163.78	55487.5	1747.5	30966.8	211.454	113805	6214.56	2534.36	5017.06	160946	1	1	57446.4	122554	31178.3	118822	
60	5620.75	58563.4	1512.9	34112.1	201.649	110745	6507.47	2469.89	4941.57	198325	1	1	60278	119722	34313.8	115686	
70	5134.83	62186.4	1306.7	37889.4	193.446	107069	6852.75	2391.84	4848.25	234858	1	1	63686.5	116314	38082.8	111917	
80	4700.01	66073.4	1133.21	41991.9	185.926	103078	7223.04	2306.76	4744.45	270416	1	1	67392.5	112608	42177.8	107822	
90	4310.91	70084.5	988.856	46262.3	178.742	98925.1	7604.83	2217.98	4633.89	304922	1	1	71252.1	108748	46441	103559	
100	3962.74	74139.6	868.696	50607.4	171.771	94702	7990.43	2127.45	4518.78	338325	1	1	75180.1	104820	50779.2	99220.8	
110	3651.17	78185.1	768.23	54963.9	164.982	90470.5	8374.72	2036.49	4400.66	370596	1	1	79118.3	100882	55128.8	94871.2	
120	3372.38	82180.4	683.763	59283.3	158.383	86277.5	8753.85	1946.12	4280.8	401716	1	1	83022.5	96977.5	59441.7	90558.3	
130	3122.9	86092.5	612.35	63526.4	151.993	82161.3	9124.7	1857.15	4160.3	431679	1	1	86856.8	93143.2	63678.4	86321.6	
140	2899.65	89893.5	551.656	67659.9	145.838	78154.1	9484.63	1770.29	4040.2	460490	1	1	90591	89409	67805.7	82194.3	
150	2699.88	93560	499.824	71656	139.939	74282.7	9831.46	1686.13	3921.43	488161	1	1	94199.8	85800.2	71795.9	78204.1	
160	2521.12	97072.8	455.368	75491.8	134.317	70569	10163.4	1605.15	3804.89	514715	1	1	97662.4	82337.6	75626.1	74373.9	
170	2361.16	100417	417.088	79149.2	128.986	67030.4	10479.1	1527.76	3691.38	540181	1	1	100963	79037.3	79278.2	70721.8	
180	2218.02	103581	384.011	82614.7	123.956	63679.8	10777.5	1454.26	3581.58	564595	1	1	104088	75911.5	82738.6	67261.4	
190	2089.93	106557	355.338	85879	119.231	60525.6	11057.9	1384.86	3476.1	587999	1	1	107032	72968.4	85998.3	64001.7	
200	1975.31	109343	330.409	88937.3	114.814	57572.5	11320.1	1319.7	3375.41	610439	1	1	109788	70212.2	89052.1	60947.9	
210	1872.75	111936	308.678	91788	110.7	54821.4	11564	1258.82	3279.88	631964	1	1	112356	67644.2	91898.7	58101.3	
220	1780.97	114341	289.69	94433	106.883	52270.4	11789.9	1202.21	3189.74	652627	1	1	114738	65262.5	94539.9	55460.1	
230	1698.84	116561	273.062	96876.8	103.354	49914.7	11998.3	1149.79	3105.16	672481	1	1	116937	63062.8	96980.1	53019.9	
240	1625.35	118602	258.47	99125.9	100.102	47747.8	12189.8	1101.46	3026.17	691579	1	1	118961	61039.1	99226	50774	
250	1559.59	120474	245.643	101189	97.1129	45761.3	12365.2	1057.04	2952.73	709976	1	1	120816	59183.6	101286	48714	
260	1500.74	122184	234.348	103075	94.3733	43945.8	12525.4	1016.35	2884.74	727722	1	1	122512	57487.5	103169	46830.5	
270	1448.08	123742	224.386	104795	91.8685	42291	12671.3	979.187	2822.03	744869	1	1	124058	55941.5	104887	45113.1	
280	1400.96	125159	215.587	106360	89.5832	40786.5	12803.8	945.33	2764.38	761465	1	1	125464	54535.6	106449	43550.9	
290	1358.8	126445	207.808	107780	87.5023	39421.4	12924	914.555	2711.55	777556	1	1	126740	53260	107867	42132.9	
300	1321.07	127609	200.92	109066	85.6109	38185.1	13032.8	886.637	2663.27	793186	1	1	127895	52104.6	109152	40848.4	
310	1287.3	128661	194.815	110229	83.8946	37067.4	13131.1	861.356	2619.25	808396	1	1	128940	51059.9	110313	39686.6	
320	1257.09	129612	189.4	111280	82.3394	36058.2	13219.9	838.498	2579.21	823223	1	1	129883	50116.5	111363	38637.4	
330	1230.05	130469	184.592	112228	80.9319	35148.2	13299.8	817.858	2542.85	837703	1	1	130734	49265.9	112309	37691	
340	1205.86	131241	180.319	113082	79.6597	34328.4	13371.8	799.243	2509.89	851869	1	1	131500	48499.5	113162	36838.3	
350	1184.21	131935	176.521	113851	78.5109	33590.7	13436.6	782.473	2480.06	865750	1	1	132190	47809.8	113929	36070.7	
360	1164.84	132560	173.14	114542	77.4746	32927.2	13494.9	767.376	2453.11	879374	1	1	132811	47189.5	114620	35380.3	
370	1147.51	133121	170.131	115164	76.5406	32331	13547.2	753.797	2428.77	892765	1	1	133368	46632	115240	34759.8	
380	1131.99	133626	167.45	115722	75.6993	31795.6	13594.2	741.592	2406.82	905948	1	1	133869	46131.3	115798	34202.4	
390	1118.11	134078	165.062	116223	74.9421	31314.9	13636.3	730.627	2387.05	918941	1	1	134318	45681.9	116298	33702	
400	1105.69	134484	162.932	116673	74.261	30883.6	13674.2	720.782	2369.24	931765	1	1	134721	45278.6	116747	33252.8	
410	1094.58	134849	161.032	117076	73.6488	30496.7	13708.1	711.946	2353.22	944437	1	1	135083	44916.8	117150	32850	
420	1084.63	135175	159.338	117438	73.0986	30149.9	13738.5	704.019	2338.82	956971	1	1	135408	44592.4	117511	32488.7	
430	1075.73	135468	157.825	117763	72.6045	29838.9	13765.8	696.909	2325.88	969382	1	1	135698	44301.6	117835	32164.8	
440	1067.77	135730	156.475	118053	72.1608	29560.2	13790.2	690.534	2314.26	981681	1	1	135959	44040.9	118126	31874.4	
450	1060.64	135966	155.269	118314	71.7626	29310.5	13812.1	684.819	2303.82	993882	1	1	136193	43807.4	118386	31614.3	
460	1054.26	136176	154.193	118547	71.4053	29086.7	13831.7	679.698	2294.46	1.00599e+06	1	1	136402	43598.1	118619	31381.2	
470	1048.56	136365	153.231	118757	71.0849	28886.3	13849.2	675.109	2286.06	1.01802e+06	1	1	136589	43410.7	118828	31172.4	
480	1043.45	136534	152.371	118944	70.7975	28706.8	13865	670.998	2278.52	1.02998e+06	1	1	136757	43242.8	119015	30985.3	
490	1038.88	136685	151.603	119112	70.5399	28546.1	13879.1	667.315	2271.76	1.04188e+06	1	1	136908	43092.4	119182	30817.8	
510	1034.79	136821	150.917	119262	70.309	28402.1	13891.7	664.016	2265.7	1.05372e+06	1	1	137042	42957.8	119332	30667.8	
520	1034.79	136821	150.917	119262	70.309	28402.1	13891.7	664.016	2265.7	1.05372e+06	1	1	137042	42957.8	119332	30667.8	
530	1034.79	136821	150.917	119262	70.309	28402.1	13891.7	664.016	2265.7	1.05372e+06	1	1	137042	42957.8	119332	30667.8	
540	1034.79	136821	150.917	119262	70.309	28402.1	13891.7	664.016	2265.7	1.05372e+06	1	1	137042	42957.8	119332	30667.8	
550	1034.79	136821	150.917	119262	70.309	28402.1	13891.7	664.016	2265.7	1.05372e+06	1	1	137042	42957.8	119332	30667.8	
560	1034.79	136821	150.917	119262	70.309	28402.1	13891.7	664.016	2265.7	1.05372e+06	1	1	137042	42957.8	119332	30667.8	
570	1034.79	136821	150.917	119262	70.309	28402.1	13891.7	664.016	2265.7	1.05372e+06	1	1	137042	42957.8	119332	30667.8	
580	1034.79	136821	150.917	119262	70.309	28402.1	13891.7	664.016	2265.7	1.05372e+06	1	1	137042	42957.8	119332	30667.8	
590	1034.79	136821	150.917	119262	70.309	28402.1	13891.7	664.016	2265.7	1.05372e+06	1	1	137042	42957.8	119332	30667.8	
600	1034.79	136821	150.917	119262	70.309	28402.1	13891.7	664.016	2265.7	1.05372e+06	1	1	137042	42957.8	119332	30667.8	