NON $ % + -
#NON	d	b	a	c
0.0	0.29952939156134795	0.4927863986549067	0.40590829617028745	0.8139481061449861
0.5050505050505051	0.24203392499025034	0.21213691517183597	0.3194250692625561	0.4464386708375705
1.0101010101010102	0.2100169597767545	0.14472841529773772	0.27295775303113157	0.29330080747034026
1.5151515151515151	0.1918655231412824	0.1270963461536626	0.24745809396190374	0.23146888878455069
2.0202020202020203	0.18109683669178886	0.12125350189851979	0.2327838878733984	0.20726369108075857
2.5252525252525255	0.1743630120158694	0.1184809078123347	0.22386519836220478	0.1977110363952939
3.0303030303030303	0.1699771176012862	0.11677091735028435	0.21820172594208626	0.19371092497449882
3.5353535353535355	0.16704713429492515	0.11560461885687283	0.21449939031233112	0.19184743806209595
4.040404040404041	0.16506196279337199	0.11479123552874058	0.21203598599833104	0.19086143689928614
4.545454545454546	0.1637068772397668	0.1142240961351447	0.21037959028872052	0.19027865601127927
5.050505050505051	0.162778308098343	0.11383024373958586	0.20925866401318535	0.1899075542898035
5.555555555555556	0.16214072852403041	0.11355765642692958	0.20849698792768345	0.18966116974677227
6.0606060606060606	0.16170248451318364	0.11336941428511063	0.20797798260476966	0.18949415343033912
6.565656565656566	0.16140107805680914	0.11323959001093019	0.20762362122967992	0.18937985108356015
7.070707070707071	0.16119371889484652	0.11315012501250768	0.20738131357009415	0.18930130743497225
7.575757575757576	0.16105103462141485	0.11308850051560114	0.20721543178834237	0.18924724780614574
8.080808080808081	0.1609528423403667	0.11304606422723758	0.20710176418892015	0.18921002067272463
8.585858585858587	0.1608852649257093	0.11301684654707644	0.2070238177295712	0.1891843832163739
9.090909090909092	0.16083875724826946	0.11299673326501707	0.20697033569422657	0.18916672876263352
9.595959595959597	0.16080674251695184	0.11298288537874328	0.20693361258960477	0.18915457061956276
10.101010101010102	0.16078470835848485	0.11297335243028606	0.20690839206966813	0.18914620134567323
10.606060606060607	0.16076954208330246	0.11296679226490616	0.20689106336046828	0.18914043634522332
11.111111111111112	0.1607591028811698	0.11296227362160478	0.2068791538700603	0.18913647183945834
11.616161616161618	0.1607519170010944	0.11295916308471952	0.20687096591600534	0.18913374354456797
12.121212121212121	0.1607469703113974	0.11295702939677627	0.20686533533524487	0.18913185101813215
12.626262626262626	0.16074356653873498	0.11295554813251583	0.20686146467958302	0.18913057119036775
13.131313131313131	0.16074122323826964	0.11295453398232022	0.20685880182425562	0.18912968173506473
13.636363636363637	0.1607396099664124	0.11295383874743699	0.20685696963921552	0.1891290632269453
14.141414141414142	0.16073849900500364	0.11295335866910469	0.20685570861483718	0.189128639776544
14.646464646464647	0.16073773468305597	0.11295302820044945	0.20685484143615382	0.1891283487237208
15.151515151515152	0.16073720983668338	0.11295280115172895	0.2068542461859546	0.18912814908506292
15.656565656565657	0.16073685102895865	0.1129526458934324	0.20685383937870963	0.1891280126783043
16.161616161616163	0.1607366008568415	0.11295253761945484	0.20685355578944586	0.18912791764182948
16.666666666666668	0.1607364261364798	0.11295246201362975	0.20685335775288083	0.18912785126116086
17.171717171717173	0.1607363055410655	0.11295240987762992	0.20685322110324775	0.18912780531561652
17.67676767676768	0.16073622573776414	0.11295237542767307	0.20685313071077374	0.1891277747465371
18.181818181818183	0.16073616850183495	0.11295235075569905	0.2068530658868163	0.189127752665706
18.68686868686869	0.16073613066046055	0.11295233448584749	0.20685302303141911	0.18912773789505027
19.191919191919194	0.16073610532229612	0.11295232363012993	0.2068529943343126	0.18912772786729692
19.6969696969697	0.16073608801723274	0.11295231624862122	0.2068529747331764	0.1891277209388158
20.202020202020204	0.16073607605099416	0.11295231117707513	0.20685296117748106	0.18912771611049042
20.70707070707071	0.16073606750812644	0.11295230760192362	0.20685295149968255	0.18912771264465925
21.212121212121215	0.16073606146845554	0.11295230515405219	0.20685294465762794	0.18912771013195645
21.71717171717172	0.1607360568061455	0.11295230320215419	0.2068529393788883	0.18912770836083076
22.222222222222225	0.16073605309316463	0.11295230143668321	0.20685293518077755	0.18912770736474319
22.72727272727273	0.16073605072590577	0.11295230014430489	0.20685293251030307	0.18912770711270607
23.232323232323235	0.16073604932220717	0.11295229924281883	0.20685293093176507	0.18912770727284897
23.73737373737374	0.16073604796877025	0.1129522985357807	0.20685292940391897	0.18912770705206072
24.242424242424242	0.16073604726549048	0.11295229815222393	0.20685292861070093	0.18912770697129233
24.747474747474747	0.1607360460079584	0.11295229745306408	0.20685292719276957	0.18912770685672697
25.252525252525253	0.1607360463018098	0.11295229760752719	0.20685292752460394	0.18912770690069913
25.757575757575758	0.16073604659566115	0.1129522977619903	0.20685292785643827	0.1891277069446713
26.262626262626263	0.1607360468895125	0.1129522979164534	0.20685292818827264	0.18912770698864342
26.767676767676768	0.1607360469765933	0.11295229795833958	0.20685292828674176	0.18912770701124657
27.272727272727273	0.16073604704506553	0.11295229799009425	0.2068529283642089	0.18912770703192655
27.77777777777778	0.16073604711353776	0.11295229802184893	0.20685292844167605	0.18912770705260654
28.282828282828284	0.16073604718201	0.11295229805360361	0.2068529285191432	0.18912770707328652
28.78787878787879	0.16073604725048224	0.11295229808535828	0.20685292859661034	0.1891277070939665
29.292929292929294	0.16073604731895447	0.11295229811711296	0.20685292867407748	0.18912770711464652
29.7979797979798	0.1607360473874267	0.11295229814886763	0.20685292875154462	0.1891277071353265
30.303030303030305	0.16073604745589892	0.11295229818062232	0.20685292882901177	0.1891277071560065
30.80808080808081	0.16073604752437118	0.112952298212377	0.2068529289064789	0.18912770717668648
31.313131313131315	0.16073604754048232	0.11295229821952382	0.20685292892471654	0.18912770718236369
31.81818181818182	0.16073604755633808	0.11295229822655062	0.20685292894266524	0.1891277071879677
32.323232323232325	0.16073604757219384	0.11295229823357743	0.2068529289606139	0.18912770719357172
32.82828282828283	0.1607360475880496	0.11295229824060422	0.2068529289785626	0.18912770719917574
33.333333333333336	0.16073604760390536	0.11295229824763102	0.2068529289965113	0.18912770720477975
33.83838383838384	0.16073604761976112	0.11295229825465782	0.20685292901446	0.18912770721038377
34.343434343434346	0.1607360476356169	0.11295229826168461	0.2068529290324087	0.1891277072159878
34.84848484848485	0.16073604765147267	0.1129522982687114	0.2068529290503574	0.1891277072215918
35.35353535353536	0.1607360476662217	0.11295229827524739	0.2068529290670533	0.18912770722680558
35.85858585858586	0.1607360476668872	0.11295229827553738	0.20685292906780672	0.1891277072270533
36.36363636363637	0.1607360476675527	0.11295229827582737	0.20685292906856018	0.18912770722730105
36.86868686868687	0.16073604766821817	0.11295229827611736	0.2068529290693136	0.18912770722754876
37.37373737373738	0.16073604766888366	0.11295229827640736	0.20685292907006705	0.1891277072277965
37.87878787878788	0.16073604766954916	0.11295229827669735	0.20685292907082048	0.18912770722804423
38.38383838383839	0.16073604767021465	0.11295229827698734	0.2068529290715739	0.18912770722829197
38.88888888888889	0.16073604767088012	0.11295229827727733	0.20685292907232736	0.1891277072285397
39.3939393939394	0.16073604767154562	0.11295229827756734	0.20685292907308078	0.18912770722878744
39.8989898989899	0.1607360476722111	0.11295229827785733	0.2068529290738342	0.18912770722903516
40.40404040404041	0.1607360476728766	0.11295229827814732	0.20685292907458766	0.1891277072292829
40.909090909090914	0.16073604767354208	0.11295229827843731	0.20685292907534109	0.18912770722953062
41.41414141414142	0.16073604767420757	0.1129522982787273	0.20685292907609454	0.18912770722977834
41.919191919191924	0.16073604767487307	0.1129522982790173	0.20685292907684796	0.1891277072300261
42.42424242424243	0.16073604767553853	0.11295229827930729	0.2068529290776014	0.1891277072302738
42.929292929292934	0.16073604767620403	0.11295229827959728	0.20685292907835484	0.18912770723052155
43.43434343434344	0.16073604767686953	0.11295229827988727	0.20685292907910827	0.18912770723076927
43.939393939393945	0.16073604767753502	0.11295229828017726	0.2068529290798617	0.18912770723101702
44.44444444444445	0.1607360476782005	0.11295229828046727	0.20685292908061514	0.18912770723126474
44.949494949494955	0.16073604767886598	0.11295229828075726	0.20685292908136857	0.18912770723151248
45.45454545454546	0.16073604767953148	0.11295229828104725	0.20685292908212202	0.1891277072317602
45.959595959595966	0.16073604768019698	0.11295229828133724	0.20685292908287545	0.18912770723200795
46.46464646464647	0.16073604768086244	0.11295229828162723	0.20685292908362887	0.18912770723225567
46.969696969696976	0.16073604768152794	0.11295229828191723	0.20685292908438233	0.1891277072325034
47.47474747474748	0.16073604768219343	0.11295229828220722	0.20685292908513575	0.18912770723275113
47.979797979797986	0.1607360476828589	0.11295229828249721	0.20685292908588918	0.18912770723299888
48.484848484848484	0.1607360476835244	0.1129522982827872	0.20685292908664263	0.1891277072332466
48.98989898989899	0.1607360476841899	0.11295229828307721	0.20685292908739605	0.18912770723349434
49.494949494949495	0.1607360476848554	0.1129522982833672	0.20685292908814948	0.18912770723374206
50.0	0.16073604768552086	0.11295229828365719	0.20685292908890293	0.1891277072339898
