NON $ % + - . 0 1 2 3 4 5 6 7 8 9 : ; < > ? @ A B
#NON	AJUBA	Cytokinesis	AURKAPresent	ENSA	hCPEB	CentrosomeMat	CDC25B	PP2A	NEDD9	PP1	AURKAActive	MTCanAct	WEE1	BORA	TPX2	GSK3B	PLK1	CDK1CCNBComplex	STMN	GWL_MASTL	SpindleAssembly	STMNCanAct	MT
0.0	0.5570558065167965	0.4453076212069075	0.4799226963874279	0.718181549169146	0.27409643378539805	0.3170056323741285	0.05480634313069355	0.1434831031794357	0.9666406360375945	0.6138644908247203	0.12002434930561368	0.8954772871537566	0.3103180618611495	0.8073484234646034	0.5433081135583907	0.9087180428590452	0.20254987923828272	0.4448247676273779	0.527870792120296	0.8585327026109795	0.42939700170506634	0.9090279260852239	0.5500499725082747
0.5050505050505051	0.41656103035560194	0.2638765117434352	0.716731856820349	0.4705078431388045	0.22023480291957592	0.29505740369648775	0.20691733593772862	0.1731455126147897	0.3669133894313844	0.49498511399950745	0.11254147573892992	0.5242008890195334	0.5670846841335752	0.814837196540843	0.3681799106469517	0.3941914645172397	0.39180143791769556	0.573928973770748	0.6873845122674955	0.5872956978466982	0.2974035209473645	0.48646050990809653	0.6468084060421798
1.0101010101010102	0.338102614010182	0.19082495070775954	0.7900498095324052	0.3776413423783747	0.19003669134311865	0.29693330132186274	0.2643786564611217	0.18135217524317707	0.215860079067569	0.4670251365068691	0.10746980080771987	0.3708675563743441	0.6398270316103694	0.8282802080604518	0.28822781430687194	0.226452265311422	0.4061203510940639	0.6236442949637315	0.7686173313177719	0.43792934458335947	0.2563024802215799	0.33982069292707684	0.6881015620192992
1.5151515151515151	0.29253044516587146	0.16188312510072925	0.8126080111583978	0.3348982256215072	0.17255142972613868	0.30144531261654894	0.2825336790470054	0.18522972419197273	0.17617336686052745	0.46458759461135707	0.10269619861792365	0.30378366392712247	0.6659301189244246	0.840077833804888	0.24687571231092967	0.16335514052504982	0.3908526602418227	0.6446785346932408	0.8106064668868066	0.355018338574849	0.2459350055959726	0.2830777081032988	0.7053708410079554
2.0202020202020203	0.2652463682657604	0.15087544913467094	0.8190845778024038	0.3118079008370491	0.16197996912800244	0.3044437823826226	0.28649239200517307	0.18796420264498115	0.16434086360201966	0.46732982742351015	0.09879750558069007	0.2731793084291091	0.6777725475080915	0.8476723546758426	0.22411249211949	0.13692206695375897	0.3768628837973745	0.6530473036763272	0.8328340180080586	0.3087149320820595	0.24449698379009	0.25957808857633413	0.7122575549636259
2.5252525252525255	0.248548774885702	0.14689997313064643	0.8205295425965732	0.2983413040129546	0.15535506083252687	0.30594422777576447	0.2860647808139321	0.1899554534781284	0.15984133510034146	0.4700350778175797	0.09592267298302141	0.2588569083045478	0.6839930911114476	0.8517533237185058	0.21124418375336523	0.1250817831822461	0.3679670091446025	0.655809308686844	0.8449221201774777	0.28269189154513036	0.24498839383064178	0.24949260094176157	0.7147469039207793
3.0303030303030303	0.23817278177917361	0.14555014051801618	0.8205250235501845	0.29032380494369575	0.15110571185051105	0.3065703481730262	0.28473180027800576	0.1913165826664348	0.1575947483786234	0.47188302190696574	0.09393635293951166	0.2520604444749911	0.6874414532297092	0.8536906376404498	0.2039145271870033	0.11957827510019521	0.36286658548006057	0.6563365342976987	0.8516725829122653	0.2679765049840867	0.24556072325018188	0.24508943846585038	0.7154505588213487
3.5353535353535355	0.2316581807023519	0.14512691223806745	0.8202073685675872	0.2855613398162534	0.14834966383467751	0.3067814143281377	0.28353931578896935	0.1921960896240096	0.15626645384747662	0.47303258332668174	0.09262331823786472	0.24881223549936024	0.6893707458079348	0.8545233876993771	0.1997416804292404	0.11697078858078572	0.36003940449656463	0.6561314322296643	0.855530824352047	0.25961023580257203	0.2459045000250026	0.24315192135347918	0.7154868653092649
4.040404040404041	0.22753987072941578	0.14500903799909334	0.8199035486347188	0.28275487313906184	0.14655852306491418	0.30682390289773176	0.2826883408493958	0.19274362679022122	0.15543209158984803	0.4737316234982168	0.09178199322149218	0.24725432855401083	0.6904467811132603	0.8548487007958624	0.19737274448247388	0.11572353938074063	0.35848282183961544	0.6557833568752814	0.8577768097104553	0.2548326873194566	0.24606792135170705	0.2422963355776655	0.7153173899257221
4.545454545454546	0.22492471368796657	0.14498276269741736	0.8196813616776243	0.2811132607958284	0.14539866960594827	0.3068101623129464	0.2821344412728013	0.1930769243560465	0.15490396015696184	0.4741564152129201	0.09125468144126465	0.2465058313434132	0.6910451680979515	0.8549619783897188	0.19603156671504157	0.11512413340793166	0.3576218813948091	0.6554822719184796	0.8591016389587081	0.25209510983755457	0.2461330848882196	0.24191792113318852	0.7151196760592771
5.050505050505051	0.22325922382027077	0.14498001590689963	0.8195345062972869	0.2801581002079451	0.14465247766941455	0.30678474959267016	0.2817900156310906	0.19327720127263848	0.15457274981711164	0.4744155380392516	0.09092921301453906	0.24614591174539976	0.6913780898469847	0.854994780984412	0.19527361785247516	0.1148354096697372	0.35714142832759005	0.6552652150503391	0.8598899912400553	0.2505223526176832	0.24615359447196947	0.24175043378627598	0.7149523068665765
5.555555555555556	0.22219654077977438	0.14498147296078465	0.8194420891700624	0.279604181676315	0.14417603361974016	0.3067623385051465	0.28158098708139	0.1933966742018426	0.15436749578203027	0.4745740017639043	0.0907303733263447	0.24597277402165874	0.6915640185580413	0.8550005949201755	0.19484556143481865	0.11469618409428467	0.3568705725230759	0.6551209618621041	0.8603616479964099	0.2496169904154097	0.2461567249463607	0.24167628206384423	0.71482693076201
6.0606060606060606	0.22151766094058148	0.14498271130384524	0.8193854501512153	0.27928353365710346	0.14387410534265274	0.3067460103849424	0.2814557460715271	0.19346765350391873	0.1542415612320239	0.4746709391563522	0.09060966359565711	0.24588946770284795	0.6916684976841756	0.8549991324851178	0.19460371619603342	0.11462900981525756	0.3567163326090316	0.6550290581992251	0.8606447162469288	0.2490949968448876	0.24615442984000055	0.24164344587683562	0.7147388466548406
6.565656565656566	0.22108362942100135	0.144983254329267	0.8193512544289285	0.2790980666264103	0.14368408586133674	0.3067350830977028	0.28138115718314166	0.1935097247902215	0.15416483619291235	0.47473017069031237	0.09053662958159808	0.24584938123891034	0.6917276543340274	0.854996734604873	0.1944668925532939	0.11459659138974428	0.35662766131931134	0.654971837230169	0.8608148984239216	0.2487936511192083	0.24615126196020357	0.24162890519490468	0.7146793371701711
7.070707070707071	0.2208060008421007	0.14498336881844698	0.8193307892065929	0.27899080877267723	0.1435652120458515	0.30672808822041014	0.2813368172410621	0.19353462788924283	0.15411829068048774	0.4747663026553302	0.09049249032891253	0.2458300911725531	0.6917614255592075	0.8549949655035811	0.19438931744454954	0.11458094438539604	0.35657623214901285	0.6549366550429715	0.8609173188724827	0.2486194940838553	0.24614862567382187	0.24162246580981236	0.7146401702251411
7.575757575757576	0.22062835655649057	0.14498330670134732	0.8193186036398044	0.2789287617705685	0.1434912156429475	0.306723718982237	0.2813104347692259	0.19354935917757307	0.15409010732187728	0.4747883123826114	0.09046579754990905	0.24582080796593977	0.6917808684285346	0.8549939218392927	0.19434520556796692	0.1145733914473327	0.35654615544247487	0.6549151631307435	0.8609790087010303	0.24851873895789586	0.24614675247114828	0.24161961423836184	0.7146148641600418
8.080808080808081	0.22051466552784246	0.14498320090577713	0.8193113705012642	0.27889285268376895	0.14344533755044914	0.30672102638283344	0.2812946962303322	0.19355807252827134	0.154073041716984	0.4748017084592786	0.09044962606019116	0.24581634068937266	0.6917921558394423	0.8549933784550758	0.19432003372032786	0.11456974567361106	0.35652843147847935	0.6549020740867906	0.8610161976668612	0.24846039336906595	0.24614551508507296	0.24161835149971103	0.7145987343753962
8.585858585858587	0.22044189579687412	0.14498310495211486	0.8193070815956047	0.2788720550134783	0.14341697984281845	0.30671937933599386	0.2812852750675227	0.19356322611177776	0.1540626992065778	0.47480986169229916	0.09043980260477423	0.24581419109721872	0.6917987593998906	0.8549931230572626	0.1943056121117122	0.11456798598384764	0.35651791012628126	0.6548941090707471	0.861038640477318	0.24842657523716924	0.2461447291312445	0.2416177924276541	0.7145885581461955
9.090909090909092	0.22039531221563066	0.14498303286464415	0.8193045445805459	0.2788600021638787	0.14339948834181873	0.30671837462488144	0.28127960621982623	0.1935662800336068	0.1540564084476096	0.4748148289832736	0.09043381526685178	0.2458131561205794	0.6918026560982515	0.8549930157550925	0.19429730990669228	0.11456713613751494	0.35651162378089596	0.6548892640681065	0.8610522049491512	0.24840695178661956	0.24614424056560893	0.24161754465559854	0.7145821875367424
9.595959595959597	0.22036549066248462	0.14498298339285118	0.8193030368900266	0.2788530074373599	0.1433887142630748	0.30671776330124806	0.28127618588524417	0.19356808764485936	0.15405258140343184	0.47481785868837	0.09043015306377603	0.24581265836972718	0.6918049675777302	0.854992977989559	0.19429250838152448	0.11456672615143752	0.35650784132035496	0.6548863085416705	0.8610604174677597	0.24839555479235545	0.24614393984205693	0.2416174351243493	0.7145782226619812
10.101010101010102	0.22034639999295882	0.14498295105107237	0.8193021489483089	0.27884894978293223	0.14338208283283677	0.30671739021292016	0.28127410469957964	0.1935691641203007	0.15405023264284876	0.4748197119477563	0.09042790474104727	0.24581241924190775	0.6918063529984925	0.8549929700060097	0.1942897161775057	0.11456652856684517	0.35650555588201066	0.6548845103910793	0.8610653998629716	0.2483889293513101	0.24614375638347546	0.2416173868894681	0.7145757661002808
10.606060606060607	0.22033417732684596	0.14498293054916017	0.819301618360535	0.27884658914006455	0.14337800100267756	0.30671716319873615	0.2812728385608964	0.19356980256005754	0.1540487961186714	0.47482084739175945	0.09042651910253637	0.2458123042427472	0.6918071847518855	0.8549929729695135	0.19428808386743612	0.1145664332503803	0.3565041640644266	0.6548834086333193	0.8610684304784387	0.24838507265668694	0.24614364431806457	0.2416173655669274	0.7145742488560993
11.111111111111112	0.22032635378157636	0.14498291777966255	0.819301303531441	0.2788452162628715	0.14337548830974675	0.3067170245995349	0.28127206265710053	0.19357018340876112	0.15404791071789253	0.4748215452528314	0.09042566223712767	0.2458122489528574	0.6918076884398676	0.8549929788018743	0.19428712425609992	0.11456638728168662	0.35650331350775066	0.6548827346547423	0.8610702782270595	0.24838282590482544	0.24614357608630724	0.24161735614116242	0.7145733142080637
11.616161616161618	0.22032134398969835	0.14498290991310459	0.8193011159839387	0.27884441623720224	0.14337393941097903	0.30671693982187875	0.28127158505073596	0.19357041120801022	0.15404736305713693	0.47482197563604733	0.09042513021905525	0.2458122223171217	0.6918079952085016	0.8549929843587138	0.19428655644832926	0.11456636506855747	0.356502790869088	0.6548823210457628	0.8610714086933982	0.24838151442755127	0.2461435344670756	0.24161735196062128	0.7145727389810389
12.121212121212121	0.2203181296979242	0.14498290507708067	0.8193010037701179	0.2788439482972439	0.14337298137047869	0.30671688773634653	0.28127128918008404	0.19357054816636485	0.15404702233200201	0.47482224246222626	0.09042479810575364	0.2458122094488865	0.6918081834289023	0.8549929887421905	0.19428621772201748	0.11456635430397276	0.35650246766080057	0.6548820661622211	0.861072103941104	0.2483807459263594	0.2461435089904106	0.24161735010209553	0.7145723844161791
12.626262626262626	0.22031608754094356	0.14498290215383797	0.8193009373288244	0.27884367827527184	0.1433723948278847	0.30671685606658533	0.28127110737611355	0.1935706296485945	0.1540468121407756	0.4748224064602621	0.09042459246591181	0.24581220341059953	0.6918082980313738	0.854992991906443	0.19428601726098002	0.11456634923596165	0.3565022692995067	0.6548819105304736	0.8610725277230967	0.24838030158391305	0.24614349355149148	0.24161734930535894	0.7145721684822798
13.131313131313131	0.22031477104057745	0.14498290035004385	0.8193008969552171	0.2788435179823702	0.14337202827918336	0.3067168363731778	0.2812709930850735	0.19357067939663058	0.15404667961423604	0.4748225094821589	0.09042446246423341	0.24581220033368012	0.6918083695645911	0.854992994056526	0.1942858950032257	0.11456634664844809	0.35650214475726605	0.654881813457159	0.8610727920130282	0.248380037306827	0.24614348398962257	0.24161734891678627	0.7145720343977363
13.636363636363637	0.22031392778507378	0.14498289924873214	0.8193008726280241	0.2788434240345806	0.14337180083449277	0.3067168242251475	0.28127092171888873	0.1935707095072189	0.15404659661229372	0.4748225737755303	0.09042438078914541	0.24581219886148514	0.6918084139082187	0.854992995497813	0.19428582102571182	0.11456634540624898	0.35650206705016896	0.6548817532977897	0.8610729557288579	0.24837988208272285	0.24614347810844442	0.24161734874784613	0.7145719517996453
14.141414141414142	0.22031339021170254	0.1449828985826553	0.8193008580833995	0.27884336959845174	0.14337166042757127	0.3067168167767757	0.2812708773741532	0.19357072761643784	0.15404654487871589	0.47482261371142664	0.09042432969971519	0.24581219822811934	0.6918084412632957	0.8549929964557149	0.1942857765272138	0.11456634486814407	0.3565020187834798	0.6548817161833496	0.8610730566588909	0.2483797919254742	0.24614347450899274	0.2416173486917418	0.7145719012189106
14.646464646464647	0.22031304358914808	0.1449828981700837	0.8193008491383136	0.2788433368414928	0.14337157198485634	0.3067168121001814	0.2812708491969241	0.19357073883670595	0.15404651195507205	0.4748226390442252	0.09042429712631252	0.24581219786209088	0.6918084585756972	0.8549929970637661	0.19428574880991265	0.11456634455792179	0.3565019881477176	0.654881692813783	0.8610731203237598	0.24837973756672124	0.24614347225818523	0.24161734865408158	0.7145718696265562
15.151515151515152	0.22031281925166446	0.14498289790843355	0.819300843575434	0.27884331688271397	0.14337151587593341	0.30671680913179045	0.28127083112136	0.19357074585304382	0.15404649081968336	0.47482265524043743	0.09042427622438018	0.2458121976182356	0.691808469642147	0.8549929974414839	0.19428573132887275	0.11456634435274281	0.3565019685642005	0.6548816780290942	0.8610731608070236	0.24837970436640533	0.24614347084470106	0.2416173486198238	0.7145718497546099
15.656565656565657	0.22031267619696177	0.14498289774278175	0.8193008402200675	0.278843305411456	0.14337148112839884	0.3067168072940754	0.28127081979152707	0.19357075006632268	0.15404647754155953	0.47482266535540735	0.09042426311258868	0.2458121975266123	0.6918084765135708	0.8549929976844763	0.19428572075792058	0.11456634427502965	0.35650195636023574	0.6548816689363102	0.8610731858705467	0.24837968518870973	0.24614346998392933	0.24161734860845135	0.7145718375595203
16.161616161616163	0.2203125862359983	0.1449828976420884	0.8193008382567372	0.2788432993498526	0.14337146015928756	0.3067168061969251	0.28127081291030426	0.19357075247448577	0.15404646942101297	0.4748226715052079	0.09042425508429414	0.2458121975752023	0.6918084806130849	0.8549929978529179	0.19428571470963052	0.11456634431332997	0.35650194894847426	0.6548816634711551	0.8610732009326754	0.248379674969411	0.2461434694712944	0.2416173486272605	0.7145718302703377
16.666666666666668	0.22031252829651607	0.14498289758981342	0.8193008370368821	0.278843295830994	0.1433714469871356	0.30671680552965	0.28127080863923337	0.19357075395496653	0.1540464643156467	0.47482267537906314	0.09042424997396838	0.24581219762748177	0.6918084831396373	0.8549929979672103	0.19428571099323796	0.11456634435513324	0.3565019442094294	0.65488165994317	0.8610732104076405	0.2483796690393723	0.2461434691400221	0.2416173486466472	0.7145718257381838
17.171717171717173	0.22031249193737373	0.14498289757729776	0.8193008363156038	0.2788432937205138	0.14337143888544251	0.30671680514791677	0.2812708061168155	0.19357075488412734	0.15404646121471066	0.4748226777557587	0.09042424676583961	0.2458121976296745	0.6918084846531987	0.8549929980417813	0.19428570867488154	0.11456634435661786	0.3565019411846183	0.6548816576062988	0.8610732162879233	0.248379665541175	0.24614346892173658	0.24161734864980744	0.7145718229958026
17.67676767676768	0.2203124696944736	0.14498289758883592	0.819300835964651	0.2788432925328646	0.14337143408768946	0.30671680495357717	0.2812708047579003	0.19357075545821267	0.15404645944788747	0.47482267913689635	0.09042424480989775	0.24581219761126233	0.6918084855157095	0.8549929980985674	0.1942857072982227	0.1145663443418246	0.35650193932597396	0.6548816560474342	0.8610732197981407	0.2483796636488014	0.2461434687816738	0.2416173486427379	0.71457182140277
18.181818181818183	0.2203124557974731	0.14498289760640032	0.8193008358468171	0.2788432918333149	0.14337143116712905	0.3067168048614838	0.28127080403837557	0.1935707558369849	0.15404645846331097	0.4748226799361481	0.09042424359017012	0.24581219759678644	0.6918084860469861	0.8549929981463802	0.1942857064636873	0.11456634433038107	0.3565019382087593	0.6548816549685598	0.8610732219395835	0.24837966261161062	0.24614346868960071	0.24161734863471962	0.7145718204421535
18.68686868686869	0.2203124467420273	0.1449828976169108	0.8193008358518992	0.278843291363676	0.14337142926279917	0.3067168048119644	0.2812708035761331	0.19357075611111169	0.1540464579028133	0.4748226804204455	0.09042424279238127	0.2458121975962546	0.6918084864656909	0.8549929981825778	0.19428570591220753	0.11456634433012265	0.35650193757563664	0.6548816542350065	0.8610732233279079	0.24837966196356318	0.24614346862667452	0.24161734863168155	0.7145718198094593
19.191919191919194	0.22031244067025868	0.14498289761326205	0.8193008358891211	0.2788432910288233	0.14337142795736646	0.30671680476219815	0.28127080309148267	0.19357075631116863	0.15404645754882582	0.4748226807508312	0.09042424225570611	0.24581219760521297	0.691808486902563	0.8549929981971648	0.19428570550395718	0.11456634433730344	0.35650193728273627	0.6548816538535868	0.861073224275646	0.24837966149452045	0.24614346858512676	0.24161734863452478	0.7145718193699938
19.6969696969697	0.2203124364024157	0.14498289759846358	0.8193008358840564	0.2788432908186479	0.1433714270309385	0.3067168046912063	0.28127080251662906	0.19357075643474575	0.15404645724125476	0.47482268103271674	0.09042424188541032	0.24581219761299905	0.691808487323351	0.8549929981931605	0.19428570519301094	0.11456634434346831	0.3565019371461691	0.6548816537921672	0.8610732249509697	0.24837966114180815	0.24614346856591368	0.24161734863835826	0.7145718190601936
20.202020202020204	0.22031243285362592	0.14498289758356506	0.819300835809795	0.2788432906799022	0.14337142626630933	0.3067168046372934	0.2812708021968891	0.19357075649989924	0.15404645686488552	0.47482268128602995	0.09042424158047496	0.24581219761715342	0.6918084874953943	0.8549929981918382	0.19428570497592423	0.11456634434680633	0.35650193688304266	0.654881653665361	0.8610732255090481	0.24837966085926885	0.24614346855705846	0.24161734863958298	0.7145718188062198
20.70707070707071	0.22031243062449746	0.14498289756165358	0.8193008356770495	0.2788432906466113	0.14337142578538048	0.3067168045735551	0.2812708019009939	0.19357075649454095	0.15404645648024584	0.4748226815073979	0.09042424139823368	0.24581219761827997	0.6918084875670566	0.854992998179617	0.19428570485090577	0.11456634434770589	0.35650193666094143	0.6548816537217372	0.8610732258638155	0.24837966067157077	0.2461434685664898	0.24161734864008252	0.7145718186505584
21.212121212121215	0.22031242971503034	0.14498289753272917	0.8193008354858202	0.27884329071877506	0.14337142558815194	0.30671680449999145	0.2812708016289435	0.19357075641867083	0.15404645608733572	0.4748226816968207	0.09042424133868651	0.24581219761637868	0.6918084875383382	0.8549929981564971	0.1942857048179555	0.11456634434616698	0.35650193647986544	0.654881653961296	0.861073226015272	0.24837966057871394	0.2461434685942077	0.2416173486398569	0.7145718185932093
21.71717171717172	0.22031242860382363	0.14498289752014745	0.8193008354034674	0.2788432907130797	0.14337142535012717	0.3067168044629959	0.2812708014631204	0.1935707564076728	0.1540464558716853	0.47482268181821047	0.09042424124972097	0.245812197616317	0.6918084875677223	0.8549929981484385	0.19428570475782717	0.11456634434611164	0.3565019363582918	0.6548816540144707	0.8610732261921539	0.24837966048604845	0.24614346860127675	0.24161734863998657	0.7145718185174706
22.222222222222225	0.22031242803501527	0.1449828975124849	0.819300835348133	0.2788432907191864	0.14337142523002183	0.3067168044398768	0.2812708013632302	0.19357075639532872	0.15404645574254927	0.47482268188921833	0.09042424120573736	0.2458121976157142	0.6918084875776926	0.8549929981427439	0.19428570472884574	0.11456634434562155	0.3565019362871831	0.6548816540620213	0.8610732262825831	0.24837966043986884	0.24614346860674083	0.24161734863994308	0.7145718184804231
22.72727272727273	0.22031242804601842	0.14498289750916712	0.8193008353157012	0.2788432907416032	0.14337142523581572	0.3067168044294933	0.28127080132724697	0.19357075637830937	0.1540464556953652	0.4748226819107317	0.09042424121047629	0.2458121976144506	0.6918084875643518	0.8549929981387749	0.1942857047339436	0.11456634434460025	0.3565019362660849	0.6548816541130359	0.8610732262809346	0.2483796604425027	0.2461434686115574	0.24161734863969986	0.7145718184849362
23.232323232323235	0.22031242750856767	0.14498289750031226	0.8193008352474543	0.278843290757722	0.14337142512362622	0.3067168044025341	0.281270801215486	0.1935707563584827	0.1540464555497981	0.4748226819887389	0.09042424117074697	0.24581219761333759	0.6918084875670081	0.8549929981315695	0.1942857047088572	0.11456634434369865	0.3565019361878216	0.6548816541822303	0.8610732263665408	0.2483796603992027	0.2461434686190781	0.24161734863954878	0.7145718184515033
23.73737373737374	0.2203124278674025	0.14498289750317422	0.8193008352641897	0.27884329076706593	0.1433714252021765	0.3067168044111289	0.28127080125621284	0.19357075635675855	0.15404645560400954	0.4748226819563355	0.0904242412006609	0.24581219761286546	0.6918084875548374	0.854992998132652	0.1942857047292623	0.11456634434331699	0.35650193622140797	0.6548816541816053	0.8610732263092623	0.24837966043052007	0.2461434686182696	0.24161734863942796	0.7145718184775268
24.242424242424242	0.2203124282262373	0.14498289750603618	0.8193008352809251	0.27884329077640985	0.14337142528072677	0.30671680441972365	0.2812708012969397	0.19357075635503437	0.15404645565822095	0.47482268192393207	0.0904242412305748	0.24581219761239334	0.6918084875426668	0.8549929981337344	0.1942857047496674	0.11456634434293532	0.35650193625499427	0.6548816541809802	0.8610732262519838	0.2483796604618374	0.24614346861746111	0.24161734863930714	0.7145718185035503
24.747474747474747	0.22031242846040155	0.14498289750778806	0.8193008352913657	0.2788432907827323	0.14337142533184732	0.306716804425126	0.28127080132289023	0.19357075635363608	0.15404645569254294	0.47482268190319543	0.09042424125013629	0.2458121976120966	0.6918084875345725	0.8549929981343621	0.19428570476301277	0.11456634434269536	0.3565019362766535	0.6548816541814504	0.861073226214694	0.24837966048198992	0.24614346861704609	0.2416173486392317	0.7145718185204757
25.252525252525253	0.22031242851985922	0.14498289750798438	0.8193008352929846	0.27884329078482073	0.14337142534452935	0.30671680442605453	0.28127080132813387	0.1935707563526945	0.15404645569899297	0.47482268189880783	0.09042424125519044	0.24581219761204562	0.6918084875321907	0.8549929981343524	0.19428570476646506	0.11456634434265398	0.3565019362815987	0.6548816541834555	0.861073226205415	0.24837966048649665	0.24614346861718248	0.24161734863921985	0.7145718185246515
25.757575757575758	0.2203124285793169	0.1449828975081807	0.8193008352946036	0.27884329078690917	0.14337142535721134	0.30671680442698307	0.28127080133337756	0.19357075635175292	0.154046455705443	0.47482268189442023	0.09042424126024459	0.24581219761199463	0.691808487529809	0.8549929981343426	0.19428570476991736	0.1145663443426126	0.3565019362865439	0.6548816541854606	0.8610732261961362	0.24837966049100335	0.24614346861731884	0.241617348639208	0.7145718185288272
26.262626262626263	0.2203124286387746	0.144982897508377	0.8193008352962226	0.27884329078899756	0.14337142536989336	0.3067168044279116	0.28127080133862126	0.19357075635081136	0.15404645571189302	0.4748226818900327	0.09042424126529874	0.24581219761194362	0.6918084875274272	0.8549929981343328	0.19428570477336968	0.11456634434257122	0.3565019362914892	0.6548816541874657	0.8610732261868574	0.24837966049551008	0.2461434686174552	0.24161734863919615	0.714571818533003
26.767676767676768	0.22031242869823225	0.14498289750857332	0.8193008352978416	0.278843290791086	0.14337142538257536	0.3067168044288401	0.28127080134386495	0.19357075634986978	0.15404645571834305	0.4748226818856451	0.09042424127035288	0.24581219761189263	0.6918084875250453	0.8549929981343231	0.19428570477682197	0.11456634434252984	0.3565019362964344	0.6548816541894708	0.8610732261775785	0.2483796605000168	0.2461434686175916	0.2416173486391843	0.7145718185371787
27.272727272727273	0.22031242875768994	0.14498289750876964	0.8193008352994605	0.2788432907931744	0.14337142539525738	0.3067168044297686	0.2812708013491086	0.1935707563489282	0.15404645572479306	0.4748226818812575	0.09042424127540703	0.24581219761184164	0.6918084875226636	0.8549929981343133	0.19428570478027427	0.11456634434248847	0.3565019363013796	0.6548816541914758	0.8610732261682997	0.2483796605045235	0.24614346861772796	0.24161734863917247	0.7145718185413544
27.77777777777778	0.2203124288171476	0.14498289750896598	0.8193008353010796	0.2788432907952628	0.1433714254079394	0.30671680443069715	0.2812708013543523	0.19357075634798662	0.1540464557312431	0.47482268187686993	0.09042424128046118	0.24581219761179066	0.6918084875202818	0.8549929981343035	0.19428570478372656	0.11456634434244709	0.3565019363063249	0.6548816541934809	0.8610732261590209	0.24837966050903024	0.24614346861786435	0.24161734863916062	0.7145718185455302
28.282828282828284	0.2203124288766053	0.1449828975091623	0.8193008353026985	0.27884329079735126	0.1433714254206214	0.3067168044316257	0.281270801359596	0.19357075634704504	0.15404645573769313	0.47482268187248233	0.09042424128551534	0.24581219761173967	0.6918084875178999	0.8549929981342937	0.19428570478717885	0.1145663443424057	0.3565019363112701	0.6548816541954859	0.8610732261497421	0.24837966051353697	0.2461434686180007	0.24161734863914877	0.714571818549706
28.78787878787879	0.22031242893606295	0.1449828975093586	0.8193008353043175	0.27884329079943965	0.14337142543330342	0.30671680443255417	0.2812708013648397	0.1935707563461035	0.15404645574414313	0.47482268186809473	0.09042424129056949	0.24581219761168868	0.6918084875155182	0.854992998134284	0.19428570479063118	0.11456634434236433	0.3565019363162153	0.654881654197491	0.8610732261404632	0.24837966051804367	0.24614346861813707	0.24161734863913692	0.7145718185538817
29.292929292929294	0.22031242899552064	0.14498289750955493	0.8193008353059364	0.2788432908015281	0.14337142544598544	0.3067168044334827	0.2812708013700833	0.1935707563451619	0.15404645575059317	0.47482268186370713	0.09042424129562363	0.2458121976116377	0.6918084875131364	0.8549929981342742	0.19428570479408347	0.11456634434232295	0.35650193632116056	0.6548816541994961	0.8610732261311844	0.2483796605225504	0.24614346861827346	0.24161734863912507	0.7145718185580575
29.7979797979798	0.22031242905497833	0.14498289750975124	0.8193008353075554	0.27884329080361653	0.14337142545866743	0.30671680443441124	0.281270801375327	0.19357075634422033	0.15404645575704318	0.4748226818593196	0.09042424130067778	0.2458121976115867	0.6918084875107546	0.8549929981342644	0.19428570479753576	0.11456634434228156	0.3565019363261058	0.6548816542015011	0.8610732261219056	0.24837966052705712	0.24614346861840983	0.24161734863911322	0.7145718185622333
30.303030303030305	0.22031242910822152	0.14498289750992502	0.8193008353089963	0.2788432908054879	0.1433714254700191	0.3067168044352387	0.28127080138001026	0.1935707563433728	0.15404645576280046	0.47482268185539844	0.09042424130520418	0.2458121976115414	0.6918084875086197	0.8549929981342544	0.19428570480062723	0.1145663443422448	0.35650193633052946	0.6548816542033129	0.8610732261135994	0.2483796605310834	0.24614346861853398	0.24161734863910272	0.7145718185659703
30.80808080808081	0.22031242911807342	0.14498289750994128	0.8193008353091935	0.2788432908058445	0.14337142547208187	0.3067168044353609	0.28127080138078037	0.19357075634318202	0.15404645576372067	0.4748226818547342	0.09042424130604586	0.24581219761153592	0.6918084875082084	0.8549929981342431	0.19428570480119928	0.11456634434224032	0.35650193633131194	0.654881654203774	0.8610732261120836	0.2483796605317553	0.24614346861857267	0.24161734863910156	0.7145718185666434
31.313131313131315	0.22031242912792534	0.14498289750995758	0.8193008353093908	0.27884329080620107	0.14337142547414466	0.30671680443548316	0.28127080138155053	0.1935707563429912	0.15404645576464088	0.47482268185407	0.09042424130688753	0.2458121976115304	0.6918084875077971	0.8549929981342318	0.19428570480177132	0.11456634434223582	0.3565019363320944	0.6548816542042349	0.8610732261105678	0.24837966053242722	0.2461434686186114	0.2416173486391004	0.7145718185673167
31.81818181818182	0.22031242913777727	0.14498289750997384	0.819300835309588	0.2788432908065577	0.14337142547620746	0.3067168044356054	0.2812708013823207	0.1935707563428004	0.1540464557655611	0.4748226818534058	0.09042424130772922	0.2458121976115249	0.6918084875073859	0.8549929981342205	0.1942857048023434	0.11456634434223134	0.3565019363328769	0.654881654204696	0.861073226109052	0.24837966053309912	0.2461434686186501	0.24161734863909923	0.7145718185679899
32.323232323232325	0.22031242914762916	0.1449828975099901	0.8193008353097853	0.2788432908069142	0.14337142547827025	0.3067168044357276	0.2812708013830908	0.19357075634260962	0.15404645576648132	0.47482268185274157	0.0904242413085709	0.24581219761151937	0.6918084875069745	0.8549929981342091	0.19428570480291543	0.11456634434222686	0.3565019363336594	0.654881654205157	0.8610732261075362	0.24837966053377103	0.2461434686186888	0.2416173486390981	0.7145718185686631
32.82828282828283	0.2203124291574811	0.14498289751000637	0.8193008353099824	0.2788432908072708	0.14337142548033302	0.3067168044358498	0.28127080138386096	0.1935707563424188	0.15404645576740153	0.4748226818520774	0.09042424130941257	0.24581219761151388	0.6918084875065633	0.8549929981341979	0.19428570480348747	0.11456634434222236	0.3565019363344419	0.6548816542056181	0.8610732261060204	0.24837966053444294	0.24614346861872752	0.24161734863909692	0.7145718185693364
33.333333333333336	0.220312429167333	0.14498289751002266	0.8193008353101797	0.2788432908076274	0.14337142548239581	0.30671680443597205	0.2812708013846311	0.193570756342228	0.15404645576832174	0.4748226818514132	0.09042424131025424	0.24581219761150838	0.6918084875061521	0.8549929981341866	0.19428570480405952	0.11456634434221788	0.35650193633522437	0.654881654206079	0.8610732261045047	0.24837966053511484	0.2461434686187662	0.24161734863909576	0.7145718185700096
33.83838383838384	0.22031242917718494	0.14498289751003893	0.8193008353103769	0.278843290807984	0.1433714254844586	0.3067168044360943	0.2812708013854012	0.19357075634203721	0.15404645576924197	0.47482268185074894	0.09042424131109592	0.24581219761150286	0.6918084875057408	0.8549929981341753	0.19428570480463156	0.1145663443422134	0.3565019363360068	0.6548816542065401	0.8610732261029889	0.24837966053578675	0.24614346861880493	0.2416173486390946	0.7145718185706829
34.343434343434346	0.22031242918703683	0.1449828975100552	0.8193008353105742	0.2788432908083405	0.1433714254865214	0.30671680443621646	0.2812708013861714	0.1935707563418464	0.15404645577016218	0.47482268185008475	0.09042424131193759	0.24581219761149736	0.6918084875053295	0.854992998134164	0.19428570480520363	0.11456634434220891	0.3565019363367893	0.6548816542070011	0.8610732261014732	0.24837966053645866	0.24614346861884365	0.24161734863909343	0.7145718185713561
34.84848484848485	0.22031242919688876	0.14498289751007146	0.8193008353107714	0.27884329080869713	0.1433714254885842	0.3067168044363387	0.2812708013869415	0.1935707563416556	0.1540464557710824	0.47482268184942056	0.09042424131277926	0.24581219761149187	0.6918084875049182	0.8549929981341526	0.19428570480577567	0.11456634434220442	0.35650193633757177	0.6548816542074621	0.8610732260999574	0.24837966053713056	0.24614346861888234	0.2416173486390923	0.7145718185720293
35.35353535353536	0.22031242920674068	0.14498289751008775	0.8193008353109686	0.2788432908090537	0.14337142549064696	0.30671680443646093	0.28127080138771166	0.1935707563414648	0.1540464557720026	0.4748226818487563	0.09042424131362094	0.24581219761148634	0.691808487504507	0.8549929981341413	0.19428570480634771	0.11456634434219994	0.35650193633835425	0.6548816542079232	0.8610732260984416	0.24837966053780247	0.24614346861892106	0.24161734863909112	0.7145718185727026
35.85858585858586	0.22031242921659258	0.14498289751010401	0.8193008353111658	0.2788432908094102	0.14337142549270976	0.30671680443658317	0.2812708013884818	0.193570756341274	0.1540464557729228	0.4748226818480921	0.09042424131446261	0.24581219761148085	0.6918084875040956	0.85499299813413	0.19428570480691976	0.11456634434219545	0.35650193633913674	0.6548816542083842	0.8610732260969258	0.24837966053847435	0.24614346861895978	0.24161734863908996	0.7145718185733758
36.36363636363637	0.22031242921846286	0.14498289751010698	0.8193008353112026	0.27884329080947756	0.14337142549310058	0.3067168044366061	0.28127080138862703	0.19357075634123755	0.15404645577309617	0.47482268184796667	0.0904242413146224	0.24581219761147985	0.6918084875040176	0.8549929981341278	0.19428570480702828	0.11456634434219463	0.3565019363392849	0.6548816542084729	0.8610732260966385	0.24837966053860042	0.24614346861896727	0.24161734863908976	0.7145718185735032
36.86868686868687	0.2203124292187459	0.14498289751010726	0.8193008353112073	0.27884329080948733	0.1433714254931589	0.3067168044366092	0.2812708013886479	0.1935707563412318	0.15404645577312098	0.47482268184794835	0.09042424131464658	0.24581219761147974	0.6918084875040056	0.8549929981341273	0.1942857048070446	0.11456634434219456	0.35650193633930694	0.6548816542084874	0.8610732260965954	0.24837966053861793	0.24614346861896855	0.24161734863908974	0.714571818573522
37.37373737373738	0.2203124292190289	0.14498289751010757	0.8193008353112121	0.2788432908094971	0.14337142549321724	0.3067168044366123	0.28127080138866883	0.19357075634122606	0.1540464557731458	0.47482268184793003	0.09042424131467076	0.24581219761147965	0.6918084875039937	0.854992998134127	0.19428570480706092	0.11456634434219448	0.356501936339329	0.6548816542085021	0.8610732260965523	0.24837966053863547	0.24614346861896982	0.2416173486390897	0.7145718185735409
37.87878787878788	0.22031242921931193	0.14498289751010787	0.819300835311217	0.2788432908095068	0.14337142549327558	0.3067168044366155	0.28127080138868976	0.1935707563412203	0.15404645577317064	0.4748226818479117	0.09042424131469494	0.24581219761147954	0.6918084875039818	0.8549929981341265	0.19428570480707727	0.1145663443421944	0.356501936339351	0.6548816542085166	0.8610732260965093	0.24837966053865299	0.2461434686189711	0.24161734863908968	0.7145718185735598
38.38383838383839	0.22031242921959493	0.14498289751010815	0.8193008353112218	0.2788432908095166	0.14337142549333393	0.3067168044366186	0.2812708013887107	0.19357075634121457	0.15404645577319545	0.4748226818478934	0.09042424131471913	0.24581219761147943	0.6918084875039698	0.8549929981341261	0.1942857048070936	0.11456634434219432	0.35650193633937305	0.6548816542085313	0.8610732260964662	0.2483796605386705	0.24614346861897238	0.24161734863908968	0.7145718185735787
38.88888888888889	0.22031242921987795	0.14498289751010845	0.8193008353112265	0.2788432908095263	0.14337142549339227	0.3067168044366217	0.2812708013887316	0.19357075634120882	0.15404645577322026	0.47482268184787507	0.0904242413147433	0.24581219761147935	0.691808487503958	0.8549929981341258	0.1942857048071099	0.11456634434219425	0.3565019363393951	0.6548816542085458	0.8610732260964231	0.24837966053868804	0.24614346861897365	0.24161734863908965	0.7145718185735975
39.3939393939394	0.22031242922016098	0.14498289751010876	0.8193008353112314	0.27884329080953607	0.1433714254934506	0.30671680443662486	0.2812708013887525	0.19357075634120308	0.15404645577324508	0.47482268184785675	0.09042424131476749	0.24581219761147924	0.6918084875039461	0.8549929981341253	0.19428570480712623	0.11456634434219416	0.3565019363394172	0.6548816542085605	0.86107322609638	0.24837966053870555	0.24614346861897493	0.24161734863908962	0.7145718185736163
39.8989898989899	0.22031242922044397	0.14498289751010904	0.8193008353112362	0.27884329080954584	0.14337142549350895	0.30671680443662797	0.2812708013887734	0.19357075634119733	0.1540464557732699	0.47482268184783843	0.09042424131479167	0.24581219761147916	0.6918084875039342	0.8549929981341249	0.19428570480714255	0.11456634434219408	0.3565019363394392	0.6548816542085751	0.861073226096337	0.24837966053872307	0.2461434686189762	0.24161734863908962	0.7145718185736352
40.40404040404041	0.220312429220727	0.14498289751010934	0.819300835311241	0.27884329080955556	0.1433714254935673	0.3067168044366311	0.28127080138879434	0.19357075634119159	0.1540464557732947	0.4748226818478201	0.09042424131481586	0.24581219761147904	0.6918084875039222	0.8549929981341245	0.1942857048071589	0.114566344342194	0.35650193633946126	0.6548816542085897	0.8610732260962939	0.2483796605387406	0.24614346861897748	0.2416173486390896	0.714571818573654
40.909090909090914	0.22031242922101002	0.14498289751010962	0.8193008353112459	0.2788432908095653	0.14337142549362564	0.30671680443663424	0.2812708013888153	0.19357075634118584	0.15404645577331952	0.4748226818478018	0.09042424131484003	0.24581219761147896	0.6918084875039103	0.8549929981341241	0.19428570480717522	0.11456634434219393	0.3565019363394833	0.6548816542086043	0.8610732260962508	0.24837966053875812	0.24614346861897876	0.24161734863908957	0.7145718185736729
41.41414141414142	0.22031242922129302	0.14498289751010993	0.8193008353112506	0.2788432908095751	0.14337142549368398	0.30671680443663735	0.28127080138883614	0.1935707563411801	0.15404645577334436	0.4748226818477835	0.09042424131486422	0.24581219761147885	0.6918084875038985	0.8549929981341237	0.19428570480719154	0.11456634434219384	0.35650193633950533	0.6548816542086189	0.8610732260962077	0.24837966053877564	0.24614346861898004	0.24161734863908957	0.7145718185736918
41.919191919191924	0.22031242922157604	0.14498289751011023	0.8193008353112554	0.2788432908095848	0.1433714254937423	0.30671680443664046	0.2812708013888571	0.19357075634117435	0.15404645577336917	0.47482268184776516	0.09042424131488841	0.24581219761147877	0.6918084875038866	0.8549929981341233	0.19428570480720786	0.11456634434219376	0.35650193633952737	0.6548816542086335	0.8610732260961647	0.24837966053879318	0.24614346861898131	0.24161734863908954	0.7145718185737105
42.42424242424243	0.22031242922185906	0.1449828975101105	0.8193008353112603	0.2788432908095946	0.14337142549380064	0.3067168044366436	0.281270801388878	0.1935707563411686	0.154046455773394	0.47482268184774684	0.09042424131491258	0.24581219761147866	0.6918084875038746	0.8549929981341229	0.1942857048072242	0.11456634434219368	0.3565019363395494	0.6548816542086481	0.8610732260961216	0.2483796605388107	0.2461434686189826	0.2416173486390895	0.7145718185737294
42.929292929292934	0.2203124292221421	0.14498289751011081	0.8193008353112651	0.27884329080960435	0.14337142549385898	0.30671680443664673	0.28127080138889893	0.19357075634116286	0.1540464557734188	0.4748226818477285	0.09042424131493677	0.24581219761147857	0.6918084875038627	0.8549929981341224	0.19428570480724053	0.11456634434219361	0.35650193633957145	0.6548816542086627	0.8610732260960785	0.2483796605388282	0.24614346861898387	0.24161734863908949	0.7145718185737483
43.43434343434344	0.22031242922242508	0.14498289751011112	0.8193008353112698	0.27884329080961406	0.14337142549391732	0.3067168044366499	0.2812708013889198	0.19357075634115714	0.1540464557734436	0.4748226818477102	0.09042424131496095	0.24581219761147846	0.6918084875038508	0.8549929981341221	0.19428570480725685	0.11456634434219352	0.3565019363395935	0.6548816542086773	0.8610732260960354	0.24837966053884575	0.24614346861898515	0.24161734863908949	0.7145718185737672
43.939393939393945	0.2203124292227081	0.1449828975101114	0.8193008353112747	0.27884329080962383	0.14337142549397566	0.306716804436653	0.2812708013889407	0.1935707563411514	0.15404645577346843	0.4748226818476919	0.09042424131498514	0.24581219761147838	0.6918084875038389	0.8549929981341217	0.19428570480727317	0.11456634434219344	0.3565019363396155	0.6548816542086919	0.8610732260959924	0.24837966053886326	0.24614346861898642	0.24161734863908946	0.714571818573786
44.44444444444445	0.22031242922299113	0.1449828975101117	0.8193008353112795	0.2788432908096336	0.143371425494034	0.3067168044366561	0.28127080138896166	0.19357075634114565	0.15404645577349324	0.47482268184767357	0.09042424131500931	0.24581219761147827	0.691808487503827	0.8549929981341212	0.1942857048072895	0.11456634434219336	0.35650193633963756	0.6548816542087065	0.8610732260959493	0.24837966053888078	0.2461434686189877	0.24161734863908943	0.7145718185738049
44.949494949494955	0.22031242922327413	0.144982897510112	0.8193008353112843	0.2788432908096433	0.14337142549409235	0.3067168044366593	0.2812708013889826	0.1935707563411399	0.15404645577351808	0.47482268184765525	0.0904242413150335	0.24581219761147818	0.6918084875038151	0.8549929981341209	0.19428570480730584	0.11456634434219329	0.3565019363396596	0.6548816542087211	0.8610732260959062	0.24837966053889832	0.24614346861898898	0.24161734863908943	0.7145718185738237
45.45454545454546	0.22031242922355715	0.14498289751011229	0.8193008353112892	0.2788432908096531	0.1433714254941507	0.3067168044366624	0.2812708013890035	0.19357075634113416	0.1540464557735429	0.47482268184763693	0.09042424131505768	0.24581219761147807	0.6918084875038032	0.8549929981341204	0.19428570480732216	0.1145663443421932	0.35650193633968164	0.6548816542087358	0.8610732260958631	0.24837966053891583	0.24614346861899025	0.2416173486390894	0.7145718185738426
45.959595959595966	0.22031242922384017	0.1449828975101126	0.8193008353112939	0.2788432908096628	0.14337142549420903	0.3067168044366655	0.2812708013890244	0.1935707563411284	0.1540464557735677	0.4748226818476186	0.09042424131508187	0.245812197611478	0.6918084875037912	0.85499299813412	0.19428570480733848	0.11456634434219312	0.35650193633970373	0.6548816542087503	0.86107322609582	0.24837966053893334	0.24614346861899153	0.24161734863908937	0.7145718185738614
46.46464646464647	0.22031242922412317	0.14498289751011287	0.8193008353112987	0.2788432908096726	0.14337142549426737	0.30671680443666866	0.2812708013890453	0.19357075634112267	0.15404645577359252	0.4748226818476003	0.09042424131510604	0.24581219761147788	0.6918084875037793	0.8549929981341197	0.1942857048073548	0.11456634434219305	0.35650193633972577	0.654881654208765	0.861073226095777	0.24837966053895089	0.2461434686189928	0.24161734863908937	0.7145718185738803
46.969696969696976	0.2203124292244062	0.14498289751011317	0.8193008353113036	0.27884329080968234	0.14337142549432572	0.30671680443667176	0.28127080138906624	0.19357075634111692	0.15404645577361734	0.474822681847582	0.09042424131513023	0.24581219761147777	0.6918084875037674	0.8549929981341192	0.19428570480737115	0.11456634434219297	0.3565019363397478	0.6548816542087795	0.8610732260957339	0.2483796605389684	0.24614346861899408	0.24161734863908935	0.7145718185738992
47.47474747474748	0.22031242922468922	0.14498289751011348	0.8193008353113084	0.27884329080969206	0.14337142549438403	0.3067168044366749	0.28127080138908717	0.19357075634111118	0.15404645577364215	0.47482268184756365	0.0904242413151544	0.24581219761147768	0.6918084875037556	0.8549929981341189	0.19428570480738747	0.11456634434219289	0.35650193633976984	0.6548816542087942	0.8610732260956908	0.2483796605389859	0.24614346861899536	0.24161734863908932	0.7145718185739179
47.979797979797986	0.2203124292249722	0.14498289751011376	0.8193008353113131	0.2788432908097018	0.14337142549444237	0.30671680443667804	0.28127080138910804	0.19357075634110543	0.154046455773667	0.47482268184754534	0.0904242413151786	0.24581219761147757	0.6918084875037436	0.8549929981341184	0.1942857048074038	0.1145663443421928	0.3565019363397919	0.6548816542088087	0.8610732260956477	0.24837966053900346	0.24614346861899664	0.2416173486390893	0.7145718185739368
48.484848484848484	0.22031242922525524	0.14498289751011406	0.819300835311318	0.2788432908097116	0.14337142549450071	0.30671680443668115	0.28127080138912897	0.1935707563410997	0.1540464557736918	0.474822681847527	0.09042424131520277	0.2458121976114775	0.6918084875037317	0.854992998134118	0.1942857048074201	0.11456634434219273	0.3565019363398139	0.6548816542088234	0.8610732260956047	0.24837966053902097	0.2461434686189979	0.2416173486390893	0.7145718185739557
48.98989898989899	0.22031242922553826	0.14498289751011437	0.8193008353113228	0.2788432908097213	0.14337142549455906	0.30671680443668425	0.2812708013891499	0.19357075634109394	0.15404645577371662	0.4748226818475087	0.09042424131522696	0.24581219761147738	0.6918084875037198	0.8549929981341177	0.19428570480743643	0.11456634434219265	0.35650193633983596	0.6548816542088379	0.8610732260955616	0.24837966053903848	0.2461434686189992	0.24161734863908926	0.7145718185739746
49.494949494949495	0.22031242922582128	0.14498289751011464	0.8193008353113276	0.2788432908097311	0.1433714254946174	0.3067168044366874	0.2812708013891708	0.1935707563410882	0.15404645577374143	0.4748226818474904	0.09042424131525113	0.2458121976114773	0.6918084875037079	0.8549929981341172	0.19428570480745277	0.11456634434219257	0.356501936339858	0.6548816542088526	0.8610732260955185	0.24837966053905602	0.24614346861900047	0.24161734863908924	0.7145718185739934
50.0	0.22031242922610428	0.14498289751011495	0.8193008353113325	0.27884329080974085	0.14337142549467574	0.3067168044366905	0.28127080138919175	0.19357075634108245	0.15404645577376624	0.47482268184747206	0.09042424131527532	0.24581219761147718	0.691808487503696	0.8549929981341168	0.1942857048074691	0.11456634434219248	0.35650193633988003	0.6548816542088672	0.8610732260954754	0.24837966053907354	0.24614346861900174	0.24161734863908924	0.7145718185740122
