NON $ % + -
#NON	c	a	d	b
0.0	0.16730060495734578	0.026088577382330502	0.14013126941868614	0.22033326940204456
0.5050505050505051	0.11305307852809476	0.06241130781152017	0.13211491238805426	0.17929712952851876
1.0101010101010102	0.12173689711425723	0.10086187559182817	0.15508920749700153	0.1602894417867285
1.5151515151515151	0.13912553516063547	0.13581304146084505	0.17749653139270405	0.15436199846175838
2.0202020202020203	0.1542016317815391	0.1652122156021612	0.19432842809411768	0.1539174154341933
2.5252525252525255	0.1656486217607688	0.18885447780686257	0.2062518193123964	0.1552419102070507
3.0303030303030303	0.17405090381341848	0.20734021266383013	0.21463692565228065	0.15684825171952818
3.5353535353535355	0.18017063311418982	0.22152979787137894	0.22057703058644107	0.15824457395640137
4.040404040404041	0.18462658772467586	0.23228614635039962	0.2248260240671443	0.15932905628407373
4.545454545454546	0.18787625032288935	0.24036939843210067	0.2278905319138564	0.16013123011106278
5.050505050505051	0.19025038844129216	0.24640674026139198	0.23011427204573182	0.16071177919026733
5.555555555555556	0.1919875136788283	0.25089633894188806	0.2317347688606649	0.16112833773413168
6.0606060606060606	0.1932600521359309	0.2542244977065706	0.2329190482668756	0.1614266840886351
6.565656565656566	0.19419309396931564	0.25668607185176523	0.233786188632098	0.1616406962521714
7.070707070707071	0.19487767206668707	0.2585037058044439	0.23442192332947842	0.1617946825802488
7.575757575757576	0.19538019641307672	0.2598442275831576	0.2348883962207621	0.16190586311566288
8.080808080808081	0.19574921700013173	0.2608320068705692	0.23523086720133835	0.1619864083584568
8.585858585858587	0.19602027417735218	0.2615593789792804	0.23548239660366885	0.1620449312665977
9.090909090909092	0.19621941684787664	0.26209476763753203	0.23566718382229998	0.16208756652055972
9.595959595959597	0.196365740427069	0.2624886984721397	0.23580295641550256	0.16211868887400407
10.101010101010102	0.19647326955279437	0.262778476699587	0.23590273232112952	0.16214144471483727
10.606060606060607	0.1965522958476958	0.26299159791953225	0.23597606104011634	0.16215810436657668
11.111111111111112	0.19661037561492084	0.26314831354916335	0.23602995413546285	0.16217031271229002
11.616161616161618	0.19665306249867553	0.2632635406966368	0.23606956444157326	0.16217926603308108
12.121212121212121	0.19668443905161148	0.2633482620359299	0.23609867990919217	0.16218583642206721
12.626262626262626	0.1967075077169703	0.2634105638850636	0.23612008632147155	0.16219066124611198
13.131313131313131	0.19672446234124205	0.2634563614798284	0.23613581937384615	0.16219420414896213
13.636363636363637	0.19673692435564644	0.263490026969011	0.23614738357187678	0.16219680644265752
14.141414141414142	0.19674608512262873	0.2635147762452066	0.23615588437090287	0.16219871840172456
14.646464646464647	0.19675281549686433	0.26353296527248626	0.23616213011109724	0.16220012333616005
15.151515151515152	0.19675776011532306	0.2635463315213912	0.23616671920939641	0.16220115568505292
15.656565656565657	0.19676140330239272	0.2635561689726537	0.23617010017259818	0.16220191437583095
16.161616161616163	0.1967640869935427	0.2635633998819678	0.2361725884041898	0.16220247064289872
16.666666666666668	0.196766050315511	0.26356870979854957	0.23617440770495934	0.16220288134147165
17.171717171717173	0.1967674824310534	0.2635726083501961	0.23617573754586366	0.1622031849155695
17.67676767676768	0.19676854327676574	0.263575474725987	0.23617672454987929	0.16220340529854735
18.181818181818183	0.19676933000210356	0.2635775847695065	0.23617745548728386	0.16220356615375803
18.68686868686869	0.196769907484955	0.2635791378480453	0.23617799079398932	0.16220368535052374
19.191919191919194	0.19677032823019486	0.2635802797314153	0.23617838072031463	0.16220377409947445
19.6969696969697	0.19677063630813277	0.26358111856940064	0.236178666768638	0.16220383941056457
20.202020202020204	0.19677086446842232	0.26358173504276333	0.23617887892241632	0.1622038868173761
20.70707070707071	0.1967710340244448	0.2635821887359704	0.2361790364019114	0.16220392130289976
21.212121212121215	0.19677115849638788	0.26358252295608364	0.23617915165335804	0.16220394694763607
21.71717171717172	0.1967712484525593	0.26358276886796533	0.23617923496723678	0.16220396626940803
22.222222222222225	0.19677131321454416	0.2635829491009791	0.23617929510893304	0.16220398069900843
22.72727272727273	0.19677136185840063	0.26358308132241304	0.23617934031576568	0.16220399093478274
23.232323232323235	0.1967713978012119	0.263583177571531	0.23617937383510587	0.16220399819292625
23.73737373737374	0.196771425734851	0.26358324886177	0.23617939973778285	0.1622040032548594
24.242424242424242	0.1967714462259015	0.2635833014810179	0.23617941871939527	0.16220400705045612
24.747474747474747	0.19677146086439043	0.26358334073100687	0.23617943222343651	0.16220401009827873
25.252525252525253	0.1967714710711964	0.2635833699597875	0.2361794416786534	0.16220401254480077
25.757575757575758	0.19677147830946554	0.2635833915790687	0.23617944839354366	0.16220401442982327
26.262626262626263	0.1967714840900392	0.26358340738350383	0.23617945378029942	0.1622040156437537
26.767676767676768	0.19677148863159657	0.2635834189141065	0.2361794580082292	0.16220401643749735
27.272727272727273	0.19677149228805962	0.26358342663370354	0.23617946146873148	0.16220401675390073
27.77777777777778	0.1967714947052434	0.26358343243883203	0.23617946373565096	0.1622040171159267
28.282828282828284	0.1967714965305164	0.26358343649880933	0.23617946544868335	0.1622040173341532
28.78787878787879	0.19677149767493712	0.26358343964506353	0.23617946650832644	0.16220401759405983
29.292929292929294	0.19677149822823387	0.26358344238777803	0.23617946699019016	0.16220401796700154
29.7979797979798	0.19677149872158964	0.2635834445759297	0.23617946741649556	0.16220401824883113
30.303030303030305	0.19677149913081166	0.26358344645764004	0.23617946776301185	0.16220401849161883
30.80808080808081	0.1967714995098672	0.2635834480362889	0.23617946808825985	0.16220401868257478
31.313131313131315	0.19677149999400756	0.2635834491608008	0.2361794685323198	0.1622040187454061
31.81818181818182	0.19677150034063615	0.2635834500366104	0.2361794688509182	0.16220401880331276
32.323232323232325	0.19677150060435664	0.26358345056076865	0.23617946910363288	0.1622040188185302
32.82828282828283	0.19677150117803088	0.26358345132236255	0.23617946965094935	0.1622040187722655
33.333333333333336	0.19677150165136725	0.263583451908473	0.2361794701063661	0.16220401872486367
33.83838383838384	0.19677150190901574	0.26358345227414703	0.23617947035769726	0.16220401870760792
34.343434343434346	0.19677150183562633	0.26358345237443165	0.23617947029275696	0.16220401875178145
34.84848484848485	0.19677150165354182	0.2635834523468745	0.23617947012378834	0.1622040188081727
35.35353535353536	0.19677150173387245	0.2635834524094223	0.2361794702059588	0.16220401879210888
35.85858585858586	0.19677150173266064	0.26358345239357484	0.23617947020745408	0.1622040187893657
36.36363636363637	0.1967715016335933	0.2635834523079019	0.23617947011123525	0.16220401880761917
36.86868686868687	0.19677150142035735	0.26358345216097356	0.23617946990026345	0.16220401885454547
37.37373737373738	0.1967715012870057	0.2635834520198371	0.23617946976957876	0.16220401887402272
37.87878787878788	0.1967715011876782	0.263583451884849	0.23617946967235462	0.16220401888268784
38.38383838383839	0.19677150110367692	0.2635834517639163	0.23617946958914787	0.16220401888894012
38.88888888888889	0.1967715010464606	0.26358345167332886	0.23617946953091762	0.1622040188920333
39.3939393939394	0.19677150106626495	0.2635834516991614	0.23617946954933686	0.1622040188905728
39.8989898989899	0.19677150098662696	0.2635834515644069	0.23617946946916696	0.16220401889270336
40.40404040404041	0.1967715009369982	0.26358345147325346	0.23617946941920345	0.1622040188925754
40.909090909090914	0.1967715009173786	0.2635834514257011	0.2361794693994463	0.16220401889018887
41.41414141414142	0.1967715009277682	0.2635834514217499	0.23617946940989554	0.16220401888554378
41.919191919191924	0.19677150087153997	0.26358345132487776	0.23617946935341094	0.16220401888665725
42.42424242424243	0.1967715007807883	0.2635834511804302	0.2361794692622574	0.16220401889086644
42.929292929292934	0.19677150070228822	0.2635834510544944	0.23617946918345833	0.16220401889429042
43.43434343434344	0.19677150063603968	0.2635834509470703	0.23617946911701368	0.1622040188969292
43.939393939393945	0.1967715005820427	0.26358345085815804	0.23617946906292347	0.16220401889878278
44.44444444444445	0.1967715005402973	0.2635834507877575	0.2361794690211877	0.16220401889985112
44.949494949494955	0.19677150051080347	0.2635834507358688	0.23617946899180634	0.16220401890013428
45.45454545454546	0.1967715004935612	0.26358345070249184	0.23617946897477943	0.1622040188996322
45.959595959595966	0.1967715004885705	0.2635834506876266	0.23617946897010697	0.16220401889834496
46.46464646464647	0.19677150049583136	0.2635834506912732	0.23617946897778894	0.16220401889627248
46.969696969696976	0.1967715005153438	0.26358345071343153	0.23617946899782533	0.1622040188934148
47.47474747474748	0.19677150054710782	0.26358345075410167	0.23617946903021617	0.1622040188897719
47.979797979797986	0.1967715005911234	0.2635834508132835	0.23617946907496146	0.1622040188853438
48.484848484848484	0.19677150064739052	0.2635834508909772	0.23617946913206114	0.1622040188801305
48.98989898989899	0.1967715007159092	0.26358345098718255	0.2361794692015153	0.16220401887413197
49.494949494949495	0.1967715007966795	0.26358345110189974	0.2361794692833239	0.16220401886734825
50.0	0.19677150081232575	0.2635834511238261	0.23617946929919736	0.16220401886595753
