NON $ % + -
#NON	a	b	c	d
0.0	0.02757310954976766	0.2819337721476124	0.3133838050062524	0.4683322692716465
0.5050505050505051	0.15150154791452583	0.22155007325170717	0.315432598867454	0.2867764991278597
1.0101010101010102	0.1780147865556323	0.19154082020524132	0.29578335507309306	0.21188941431784764
1.5151515151515151	0.1793482304719441	0.17539364418500572	0.2765330355744678	0.18083314496628128
2.0202020202020203	0.17598740341890798	0.16592157973240312	0.2624517119647258	0.16778515705534794
2.5252525252525255	0.17306805568580502	0.160012041552686	0.25335584427014096	0.16233340173207295
3.0303030303030303	0.17129050139944355	0.15622048980021763	0.24787459471717393	0.16009618066723633
3.5353535353535355	0.17035336944667945	0.15377896137058977	0.24471089529176027	0.15920026223569056
4.040404040404041	0.1698984847859639	0.15222083818966847	0.242935479850362	0.1588514095586413
4.545454545454546	0.16968976639798383	0.1512401928914172	0.24195767833939877	0.15871977089961262
5.050505050505051	0.16959802734575796	0.15063206385331476	0.24142591795095164	0.15867186563298363
5.555555555555556	0.16955911456526607	0.15026017331462824	0.24113915077498613	0.15865518857393382
6.0606060606060606	0.1695431273696822	0.15003557549629584	0.24098535357825462	0.1586497192612425
6.565656565656566	0.16953675535788507	0.14990140566702911	0.24090315504160897	0.15864808085601476
7.070707070707071	0.16953429283722027	0.14982200786814046	0.24085931361135435	0.1586476665065853
7.575757575757576	0.16953337241526809	0.14977540240556544	0.24083595615017092	0.15864760277963108
8.080808080808081	0.1695330412823516	0.14974823696486417	0.2408235182640418	0.15864761878291606
8.585858585858587	0.16953292719888152	0.14973249663401567	0.2408168938531356	0.1586476417036217
9.090909090909092	0.1695328908862675	0.14972342388143714	0.24081336594166602	0.15864765746492482
9.595959595959597	0.16953288047175463	0.1497182185273037	0.24081148707836209	0.15864766637012007
10.101010101010102	0.1695328780510686	0.14971524194213273	0.24081048432232185	0.15864767077564365
10.606060606060607	0.16953287821440943	0.14971354840596376	0.24080995182707401	0.158647672887884
11.111111111111112	0.16953287835867004	0.14971258725469772	0.24080966754300598	0.15864767379915523
11.616161616161618	0.16953287864959923	0.14971204398462942	0.24080951618123683	0.15864767416690914
12.121212121212121	0.16953287875859246	0.14971173630554271	0.24080943489735834	0.15864767435399163
12.626262626262626	0.16953287875762438	0.14971156231638136	0.24080939125524173	0.1586476743863976
13.131313131313131	0.16953287883853832	0.14971146313944528	0.24080936775362088	0.15864767443557032
13.636363636363637	0.16953287887131424	0.1497114099696052	0.24080935604726145	0.1586476744623852
14.141414141414142	0.1695328788430019	0.1497113808311136	0.2408093499696184	0.15864767444758998
14.646464646464647	0.1695328788186933	0.14971136388839354	0.24080934644017626	0.15864767442603736
15.151515151515152	0.1695328788199086	0.14971135395424223	0.24080934435768256	0.15864767442366584
15.656565656565657	0.16953287882541965	0.14971134826794005	0.24080934319819386	0.15864767443228925
16.161616161616163	0.16953287882347814	0.14971134504645292	0.24080934257585485	0.15864767443599817
16.666666666666668	0.16953287882123833	0.14971134320518026	0.24080934223643158	0.15864767443361588
17.171717171717173	0.1695328788228789	0.14971134215562917	0.24080934204760468	0.1586476744318835
17.67676767676768	0.16953287882433543	0.14971134156121468	0.24080934194159836	0.1586476744324725
18.181818181818183	0.16953287882384244	0.14971134120129248	0.2408093418781104	0.15864767443324412
18.68686868686869	0.169532878825905	0.14971134078990592	0.2408093418048081	0.15864767443467975
19.191919191919194	0.16953287882718912	0.1497113404970628	0.24080934175318702	0.15864767443556577
19.6969696969697	0.16953287882769474	0.14971134032276312	0.24080934172324717	0.15864767443590216
20.202020202020204	0.16953287882742193	0.14971134026700686	0.2408093417149885	0.15864767443568897
20.70707070707071	0.16953287882637066	0.14971134032979405	0.2408093417284111	0.15864767443492617
21.212121212121215	0.16953287882523033	0.14971134042011605	0.2408093417465779	0.15864767443410888
21.71717171717172	0.16953287882514262	0.14971134038725173	0.2408093417414394	0.15864767443405703
22.222222222222225	0.1695328788249541	0.14971134038347111	0.2408093417413334	0.15864767443394223
22.72727272727273	0.16953287882466478	0.1497113404087742	0.24080934174625993	0.1586476744337645
23.232323232323235	0.16953287882427467	0.14971134046316098	0.24080934175621896	0.15864767443352387
23.73737373737374	0.16953287882378373	0.14971134054663146	0.2408093417712105	0.1586476744332203
24.242424242424242	0.16953287882300483	0.1497113406104409	0.24080934178403143	0.1586476744327199
24.747474747474747	0.16953287882297885	0.1497113406351487	0.24080934178795163	0.15864767443271907
25.252525252525253	0.16953287882295284	0.14971134065985656	0.24080934179187183	0.1586476744327182
25.757575757575758	0.16953287882292684	0.1497113406845644	0.24080934179579203	0.15864767443271738
26.262626262626263	0.16953287882290083	0.14971134070927225	0.24080934179971222	0.15864767443271655
26.767676767676768	0.16953287882287482	0.14971134073398007	0.24080934180363242	0.15864767443271569
27.272727272727273	0.16953287882286902	0.14971134073976103	0.24080934180454455	0.15864767443271555
27.77777777777778	0.1695328788228686	0.14971134074046574	0.24080934180464988	0.1586476744327156
28.282828282828284	0.1695328788228682	0.14971134074117048	0.24080934180475524	0.15864767443271563
28.78787878787879	0.16953287882286777	0.1497113407418752	0.2408093418048606	0.15864767443271569
29.292929292929294	0.16953287882286736	0.1497113407425799	0.24080934180496594	0.1586476744327157
29.7979797979798	0.16953287882286694	0.14971134074328463	0.2408093418050713	0.15864767443271577
30.303030303030305	0.16953287882286652	0.14971134074398934	0.24080934180517663	0.1586476744327158
30.80808080808081	0.1695328788228661	0.14971134074469405	0.240809341805282	0.15864767443271585
31.313131313131315	0.1695328788228657	0.14971134074539877	0.24080934180538735	0.1586476744327159
31.81818181818182	0.16953287882286527	0.14971134074610348	0.24080934180549268	0.15864767443271593
32.323232323232325	0.16953287882286486	0.1497113407468082	0.24080934180559804	0.158647674432716
32.82828282828283	0.16953287882286444	0.1497113407475129	0.24080934180570338	0.15864767443271602
33.333333333333336	0.16953287882286402	0.14971134074821763	0.24080934180580874	0.15864767443271607
33.83838383838384	0.1695328788228636	0.14971134074892234	0.2408093418059141	0.1586476744327161
34.343434343434346	0.1695328788228632	0.14971134074962705	0.24080934180601943	0.15864767443271616
34.84848484848485	0.16953287882286278	0.14971134075033177	0.2408093418061248	0.1586476744327162
35.35353535353536	0.16953287882286236	0.14971134075103648	0.24080934180623012	0.15864767443271624
35.85858585858586	0.16953287882286192	0.1497113407517412	0.24080934180633548	0.1586476744327163
36.36363636363637	0.1695328788228615	0.1497113407524459	0.24080934180644084	0.15864767443271632
36.86868686868687	0.16953287882286108	0.14971134075315062	0.24080934180654617	0.15864767443271638
37.37373737373738	0.16953287882286067	0.14971134075385534	0.24080934180665153	0.1586476744327164
37.87878787878788	0.16953287882286025	0.14971134075456005	0.24080934180675687	0.15864767443271646
38.38383838383839	0.16953287882285983	0.14971134075526477	0.24080934180686223	0.1586476744327165
38.88888888888889	0.16953287882285942	0.14971134075596948	0.2408093418069676	0.15864767443271655
39.3939393939394	0.169532878822859	0.14971134075667422	0.24080934180707292	0.1586476744327166
39.8989898989899	0.16953287882285858	0.14971134075737894	0.24080934180717828	0.15864767443271663
40.40404040404041	0.16953287882285817	0.14971134075808365	0.24080934180728364	0.15864767443271668
40.909090909090914	0.16953287882285775	0.14971134075878836	0.24080934180738897	0.1586476744327167
41.41414141414142	0.16953287882285734	0.14971134075949308	0.24080934180749433	0.15864767443271677
41.919191919191924	0.16953287882285692	0.1497113407601978	0.24080934180759966	0.1586476744327168
42.42424242424243	0.1695328788228565	0.1497113407609025	0.24080934180770502	0.15864767443271685
42.929292929292934	0.1695328788228561	0.14971134076160722	0.24080934180781038	0.15864767443271688
43.43434343434344	0.16953287882285567	0.14971134076231193	0.24080934180791572	0.15864767443271693
43.939393939393945	0.16953287882285525	0.14971134076301665	0.24080934180802108	0.158647674432717
44.44444444444445	0.16953287882285484	0.14971134076372136	0.2408093418081264	0.15864767443271702
44.949494949494955	0.16953287882285442	0.14971134076442608	0.24080934180823177	0.15864767443271707
45.45454545454546	0.169532878822854	0.1497113407651308	0.24080934180833713	0.1586476744327171
45.959595959595966	0.1695328788228536	0.1497113407658355	0.24080934180844246	0.15864767443271716
46.46464646464647	0.16953287882285317	0.14971134076654022	0.24080934180854782	0.15864767443271718
46.969696969696976	0.16953287882285276	0.14971134076724493	0.24080934180865315	0.15864767443271724
47.47474747474748	0.16953287882285234	0.14971134076794965	0.24080934180875851	0.1586476744327173
47.979797979797986	0.16953287882285192	0.14971134076865436	0.24080934180886387	0.15864767443271732
48.484848484848484	0.1695328788228515	0.14971134076935907	0.2408093418089692	0.15864767443271738
48.98989898989899	0.1695328788228511	0.1497113407700638	0.24080934180907457	0.1586476744327174
49.494949494949495	0.16953287882285067	0.1497113407707685	0.2408093418091799	0.15864767443271746
50.0	0.16953287882285023	0.14971134077147322	0.24080934180928526	0.1586476744327175
