NON $ % + - . 0 1 2 3 4 5 6 7 8 9 : ; < > ? @ A B
#NON	CDK1CCNBComplex	STMNCanAct	AJUBA	AURKAActive	PLK1	Cytokinesis	GWL_MASTL	AURKAPresent	CentrosomeMat	hCPEB	BORA	GSK3B	MTCanAct	NEDD9	TPX2	CDC25B	WEE1	STMN	PP1	SpindleAssembly	MT	ENSA	PP2A
0.0	0.820290261505159	0.7828253324101752	0.6948336153791228	0.816519110745875	0.5284918139936557	0.5506130714950344	0.3954662748710621	0.5406328609188165	0.24615364306962062	0.498605625271199	0.08331637221263444	0.5739269999310783	0.2728432378999872	0.9921985678178296	0.12050417463468299	0.14175003455591673	0.5936964917594166	0.17265581440571642	0.8578147117416705	0.5839254907313947	0.7008820597790079	0.7794418008839309	0.9696688067635694
0.5050505050505051	0.7082171602070821	0.583790771049341	0.4796012307335141	0.3314980217854183	0.5442809960039537	0.35346808936360885	0.300881225080925	0.635866979279587	0.22935879201502457	0.32841253750843175	0.3619006841428227	0.4136187192334914	0.2012835885614149	0.5095109172032797	0.27998806386398745	0.3436851022593576	0.6773424718024815	0.4735784044415376	0.5109654849739769	0.2280165185433059	0.7266359019217603	0.41256321855961625	0.45100254583584154
1.0101010101010102	0.6639755604503141	0.4701950106860633	0.3994008216251776	0.20197258711001756	0.5073748724027137	0.24979351578997216	0.2851793019914442	0.7009787727697366	0.2275177518156096	0.24149750278212403	0.5383011911761637	0.3569627717297666	0.1724024778302591	0.3191020178663853	0.3181519457133809	0.39061427361310946	0.7170920282574675	0.6475245077516855	0.4087919213793259	0.1517199727182921	0.7097520974771554	0.30915364313871	0.31170580966193767
1.5151515151515151	0.6485044423122205	0.40311829276524497	0.36787581766860855	0.16770370695142878	0.4691810960646512	0.20162276184718766	0.2839716062144251	0.7360781396320841	0.2275917700183964	0.2027348025376422	0.650988502073251	0.3355721254068367	0.160051611472674	0.24390283796011017	0.32237488735481284	0.40041690516950396	0.7394479026292373	0.7397984194321938	0.38648565886673303	0.13749428017998688	0.6896581009124841	0.28127025241711795	0.273424731774784
2.0202020202020203	0.6439582135999322	0.36240625078499267	0.35513914874663294	0.15872057767502648	0.44226501507609134	0.18162688717406866	0.2844011856408628	0.7522112000519516	0.2274772813340004	0.18793685119360093	0.72201935270266	0.3272468922433454	0.15460861007327892	0.21568430585744283	0.31871184401815295	0.4018904903495056	0.7533152683706379	0.7850031137148562	0.38525330727373464	0.13579865041349568	0.6746909442531052	0.27411780007902237	0.26375786428376574
2.5252525252525255	0.6429318707236118	0.3371779811650747	0.3499285324772509	0.15638098661402874	0.4254981262538553	0.17389214829847852	0.2846579226744929	0.7588335152755777	0.2272952290577906	0.18287704072769945	0.7658840123636689	0.32396485420910054	0.15217476119918585	0.20563321328409562	0.3145234868311377	0.4013873394359685	0.7621480065447698	0.8060512315449836	0.3875661341822474	0.1360304968972996	0.6651456276347236	0.27236498623594124	0.2619200158280676
3.0303030303030303	0.6428024004556011	0.3213096674042371	0.3477853335757104	0.15576965880169408	0.41548515930004076	0.17102214723020603	0.2847285454030471	0.7613140805601536	0.22716933228892608	0.18126371349999307	0.7925063944129119	0.32266419713360023	0.15107904901901223	0.20218864468468287	0.3114131327321184	0.40048717523824306	0.7677390162868918	0.8155714372037022	0.38944689468056176	0.13630415553951153	0.6595280194555274	0.27194773679666207	0.26191904024025275
3.5353535353535355	0.6428051459936485	0.31122468384207447	0.3469018073038147	0.1556045033182867	0.40956219625719914	0.16998291114392453	0.28472522800964567	0.7621626496897315	0.22710222981277317	0.1807703171820259	0.808472016676181	0.32214766843501286	0.15058422260934262	0.20103818181922067	0.3093824733845013	0.39966803320497934	0.7712296234608869	0.8198089740614498	0.3905152173303635	0.136440927763943	0.6563819614671865	0.2718451461326285	0.2621801719544266
4.040404040404041	0.6427812907408408	0.3047699974193113	0.34653723464245484	0.15555532866005953	0.4060427430249812	0.16961182387861043	0.28470272282407494	0.7624211037486929	0.227068373149813	0.18062189538375187	0.8179746362748853	0.32194236861576575	0.1503604406402317	0.20065933289598076	0.30812177257644047	0.3990501686148321	0.7733835340335435	0.8216791930453317	0.39104794415760025	0.1364960404500979	0.6546783604355978	0.2718141991437475	0.26237676723383924
4.545454545454546	0.6427289835707422	0.30061933415195846	0.3463867406212817	0.15553766981958472	0.4039299940218218	0.16948028161210732	0.28467966943236545	0.7624850690772111	0.22704947196541841	0.18057649265255432	0.8236046904950259	0.32186074243345164	0.15025917139850214	0.20053469967324758	0.3073530439571576	0.39862362045338834	0.7747031002350645	0.8225013809398265	0.39129844379484474	0.13651545829984216	0.6537778803968701	0.2718001364984293	0.26248811140449346
5.050505050505051	0.6426690871342625	0.2979419455752571	0.3463246066714057	0.15552956338933097	0.402646471630357	0.169433746815959	0.28466085591978374	0.7624927748514441	0.2270369805275724	0.18056159804025737	0.8269313715279412	0.3218282835849997	0.1502133297646794	0.20049295007936896	0.30688551133238234	0.39834257862212363	0.7755092683698109	0.8228625292157377	0.3914138377518061	0.13652099454584177	0.653310407689786	0.27179118828193344	0.2625447688317377
5.555555555555556	0.6426152640825081	0.29621135935426146	0.34629895163028507	0.15552491815234812	0.40185751684128135	0.16941719932324956	0.2846467073490767	0.7624879948371823	0.2270277372830725	0.18055593965793232	0.828894020323818	0.3218153753535218	0.1501925757449082	0.20047824764023198	0.3065997994875065	0.39816182097035724	0.7760021622390143	0.8230214433735262	0.39146743409994467	0.13652154616051448	0.6530710452454528	0.2717847631434246	0.2625723765333974
6.0606060606060606	0.6425725695573614	0.29509126097405336	0.3462883585617876	0.15552182410945797	0.40136736913060583	0.16941119933300902	0.28463649926015444	0.7624826262162584	0.22702069271369216	0.18055327454645145	0.8300509784414561	0.3218102420299215	0.1501831791818326	0.2004725181640696	0.3064238130844317	0.39804683073712893	0.7763045289085503	0.8230917097624552	0.39149318888717644	0.1365205423332283	0.6529497839098198	0.27178008934106257	0.2625857556491957
6.565656565656566	0.6425411021764	0.29436565975290213	0.34628398444170283	0.15551957989098414	0.40106003122187767	0.16940891581367734	0.2846293310376879	0.7624789124328596	0.2270154085555493	0.18055171623664867	0.8307327352607122	0.3218082005025972	0.1501789246325175	0.20046989107189722	0.30631446235932885	0.3979739172097184	0.7764909511527043	0.8231230776320442	0.39150626952788325	0.13651925426233383	0.6528888572412009	0.2717767429037208	0.2625923935257234
7.070707070707071	0.6425189626898816	0.29389534693938607	0.34628217836493247	0.1555178858118774	0.4008658154398409	0.1694079616276528	0.28462439917804655	0.7624766726748278	0.22701156062397584	0.18055065844301246	0.831134435977833	0.3218073886561642	0.15017699827927394	0.2004684338261175	0.3062459448073356	0.3979276358400814	0.7766065761178559	0.8231373202793596	0.3915133753123448	0.13651811338742917	0.6528584333283445	0.27177439476099	0.26259584154736915
7.575757575757576	0.6425038530090587	0.29359039473963167	0.3462814325999228	0.155516591500878	0.4007422984788806	0.1694075038537632	0.2846210604350173	0.7624753836022321	0.22700883978215428	0.18054988358185545	0.8313711415510292	0.3218070657691595	0.15017612611089634	0.20046748893738334	0.3062026919279605	0.397898166414582	0.7766787427048134	0.8231439714322684	0.3915174987154104	0.13651722660218238	0.6528433055883177	0.2717727771533266	0.26259773981886847
8.080808080808081	0.6424937480679568	0.29339261114521686	0.34628112436881325	0.15551560637269968	0.4006633344345469	0.16940724980201333	0.284618828931079	0.7624746451076381	0.22700696312496496	0.18054930042979112	0.8315106631491409	0.3218069372111227	0.1501757310060199	0.2004668188153049	0.30617521228248495	0.3978793269869558	0.7767240675691478	0.8231472146954005	0.3915200254260389	0.13651658215586876	0.6528357968498565	0.27177168028001525	0.26259884823404517
8.585858585858587	0.642487079773953	0.293264315210913	0.34628099720437816	0.15551486482813975	0.4006126468884818	0.169407093268379	0.2846173520682641	0.7624742142198421	0.2270056936655418	0.1805488600468157	0.8315929255305258	0.32180688614588665	0.15017555216389067	0.20046632567138792	0.3061576625454447	0.39786723533171003	0.776752699597312	0.8231488885900641	0.39152163299726406	0.13651613198063922	0.6528320689586633	0.27177094558399423	0.26259952721438884
9.090909090909092	0.6424827176171976	0.2931810871070803	0.3462809449805672	0.15551431518135314	0.4005800063519172	0.16940699097904105	0.2846163820166715	0.7624739557302788	0.22700484751279346	0.1805485295989362	0.831641444293221	0.3218068660230364	0.15017547131146725	0.20046595975875234	0.3061464070139242	0.3978594459963674	0.7767708808750079	0.8231498128681777	0.39152268063329015	0.13651582614969984	0.6528302119132231	0.27177045866404476	0.26259995829815325
9.595959595959597	0.6424798794813578	0.29312708889713596	0.3462809230547005	0.1555139127975183	0.400558933625544	0.1694069225540304	0.2846157478237848	0.762473796565943	0.2270042891813026	0.18054828586419475	0.8316700802937836	0.3218068577923038	0.15017543452297533	0.2004656894805919	0.3061391637420265	0.39785441474365985	0.7767824801438485	0.8231503610356609	0.39152337245439156	0.1365156212879517	0.6528292785541654	0.27177013787719145	0.2626002375352643
10.101010101010102	0.6424780385016482	0.2930920548086456	0.3462809143627831	0.15551362365403454	0.4005453044216293	0.16940687653759132	0.2846153351737077	0.7624736956861758	0.2270039238831137	0.18054810815530073	0.831686986273706	0.32180685475299864	0.15017541802568185	0.20046549215563042	0.30613449022467887	0.3978511552851389	0.7767899080649314	0.8231507036683311	0.39152383218265774	0.1365154867586494	0.6528288046368992	0.2717699286746554	0.2626004215412581
10.606060606060607	0.6424768466325539	0.2930693237931383	0.3462809105555892	0.1555134170687862	0.4005364772437778	0.16940684624963528	0.2846150666042883	0.7624736308799592	0.22700368545323218	0.18054797872460834	0.8316969741393446	0.32180685338583404	0.1501754104867681	0.20046534972255112	0.30613146945831204	0.3978490412173409	0.7767946804369018	0.8231509280683891	0.39152413828256943	0.1365153977949244	0.6528285593320484	0.2717697910840714	0.2626005422205086
11.111111111111112	0.6424760749649493	0.2930545749796428	0.34628090914520454	0.15551327226515868	0.4005307539942031	0.16940682591159945	0.2846148925192926	0.7624735885073733	0.22700353083914743	0.18054788895818766	0.8317028777731789	0.3218068529484642	0.15017540714327604	0.20046524843925445	0.3061295132505219	0.397847668041511	0.7767977545448694	0.8231510784659216	0.3915243422381003	0.13651534034048987	0.6528284294784356	0.27176970264124206	0.2626006228585947
11.616161616161618	0.642475575703867	0.293045005712047	0.3462809085651573	0.1555131715245424	0.40052704059085303	0.16940681246740052	0.28461477971857096	0.7624735607931823	0.22700343056422764	0.18054782449786835	0.8317063696968321	0.32180685277740056	0.1501754056304976	0.20046517665762995	0.3061282454175832	0.397846774240857	0.7767997388470244	0.8231511812050294	0.3915244781150135	0.13651530303362314	0.6528283585967884	0.27176964493654	0.26260067641430285
12.121212121212121	0.6424752524700345	0.2930387971191432	0.34628090832548064	0.15551310190538817	0.4005246301078645	0.16940680370205935	0.284614706496671	0.7624735424687942	0.2270033655834691	0.18054777988929901	0.8317084367201932	0.3218068527092539	0.1501754049455706	0.20046512665619204	0.3061274230191839	0.3978461929231859	0.7768010218403602	0.8231512516505133	0.3915245684264173	0.13651527880524011	0.6528283185518224	0.2717696075128044	0.2626007118647311
12.626262626262626	0.642475042824845	0.29303476396297407	0.34628090822608126	0.15551305414200825	0.4005230629006459	0.16940679798662003	0.2846146589240316	0.7624735303344364	0.2270033234337528	0.1805477490228337	0.8317096633785211	0.3218068526819581	0.15017540463455803	0.20046509202371937	0.3061268886074437	0.39784581407859504	0.7768018534799613	0.8231513000604236	0.39152462843240293	0.1365152630790254	0.6528282950976456	0.27176958317684013	0.2626007353489978
13.131313131313131	0.6424749075121847	0.29303215841477465	0.34628090818615037	0.15551302171988227	0.4005220493160208	0.16940679428664113	0.2846146281746283	0.7624735223356417	0.22700329624284657	0.18054772793386928	0.8317103856567043	0.32180685267142733	0.1501754044966356	0.20046506830789657	0.30612654310415294	0.3978455684788992	0.7768023900664113	0.8231513331326715	0.3915246680454464	0.136515252933828	0.6528282810363297	0.2717695674513288	0.2626007508206419
13.636363636363637	0.642474819375879	0.2930304611590181	0.3462809081678044	0.15551299973296112	0.4005213882646726	0.1694067918766814	0.28461460812887274	0.762473517030694	0.22700327854832794	0.18054771357743177	0.8317108181843071	0.32180685266664866	0.15017540443025734	0.20046505210604057	0.3061263178089434	0.39784540795905005	0.7768027394990569	0.8231513557688562	0.39152469433388093	0.13651524633359943	0.6528282721797769	0.27176955720936935	0.26260076108263647
14.141414141414142	0.6424747620885606	0.2930293584009227	0.34628090816004814	0.15551298491138213	0.40052095822135775	0.1694067903115756	0.28461459508657183	0.7624735135206153	0.22700326705605253	0.18054770384052066	0.8317110760025753	0.3218068526646981	0.15017540439968202	0.20046504111039812	0.306126171263978	0.39784530330720724	0.7768029665483815	0.8231513711685158	0.39152471171969816	0.13651524204883983	0.6528282665415586	0.27176955054094415	0.26260076785829606
14.646464646464647	0.6424747250222704	0.29302864541043977	0.346280908158259	0.15551297498318503	0.4005206798252047	0.1694067892990463	0.2846145866284675	0.7624735112033307	0.22700325962412557	0.18054769726386616	0.8317112277802076	0.3218068526643998	0.15017540438840443	0.2004650337008464	0.3061260764082566	0.39784523541022004	0.7768031133688519	0.8231513815683679	0.3915247231594301	0.13651523928002893	0.6528282629649368	0.27176954622375327	0.262600772300248
15.151515151515152	0.6424747008532399	0.2930281811947933	0.3462809081569838	0.15551296834784026	0.4005204983371194	0.16940678863977673	0.2846145810982742	0.7624735096669768	0.2270032547831946	0.1805476928574209	0.8317113194129206	0.32180685266412723	0.15017540438197785	0.20046502872490274	0.3061260145671865	0.39784519107492683	0.7768032090534815	0.8231513885901799	0.3915247307122081	0.13651523747797356	0.652828260582535	0.2717695434360828	0.2626007752335247
15.656565656565657	0.6424746849537744	0.2930278763880677	0.346280908154953	0.1555129639072842	0.40052037902862747	0.1694067882076594	0.2846145774617959	0.7624735086538316	0.2270032516034402	0.18054768993015424	0.8317113761433211	0.32180685266350795	0.150175404376338	0.20046502537774277	0.3061259739052796	0.3978451618965193	0.7768032719669211	0.8231513933429705	0.3915247357273085	0.13651523629343376	0.6528282589466925	0.27176954163734374	0.26260077720521785
16.161616161616163	0.6424746745952683	0.2930276781294194	0.34628090815367085	0.15551296094508002	0.4005203013356262	0.16940678792871508	0.28461457512003757	0.7624735080107835	0.22700324953373224	0.1805476880078834	0.8317114099339047	0.3218068526630596	0.15017540437355115	0.20046502312920497	0.306125947425502	0.39784514286786954	0.7768033129142208	0.8231513965389778	0.3915247390362391	0.1365152355188959	0.6528282578750593	0.27176954046405416	0.26260077854351044
16.666666666666668	0.6424746679414098	0.2930275509111933	0.3462809081548409	0.15551295896687828	0.4005202514358907	0.16940678775320184	0.2846145736630814	0.7624735076183554	0.22700324820081225	0.18054768673022503	0.8317114284717896	0.3218068526634288	0.15017540437556112	0.20046502162400662	0.3061259304266227	0.3978451306130425	0.7768033391634236	0.8231513986608273	0.39152474120080183	0.13651523501679858	0.6528282572414823	0.27176953961908495	0.2626007794318598
17.171717171717173	0.6424746637119292	0.29302747014308494	0.3462809081570505	0.15551295765915923	0.40052021972891205	0.16940678764314943	0.28461457276312363	0.7624735073510549	0.22700324734881785	0.18054768585606817	0.8317114385702425	0.32180685266422565	0.15017540437885338	0.20046502065246954	0.3061259196297999	0.39784512280127243	0.7768033558307512	0.8231514000383202	0.39152474259411923	0.13651523469929838	0.6528282568547678	0.27176953890283245	0.2626007799354136
17.67676767676768	0.642474660868042	0.29302741588005615	0.3462809081582521	0.15551295675982077	0.4005201984059817	0.169406787563976	0.2846145721273508	0.762473507089843	0.22700324677506548	0.18054768521629552	0.8317114450344854	0.3218068526647297	0.1501754043801437	0.2004650200276395	0.30612591236306225	0.3978451175420727	0.7768033670630594	0.823151400971744	0.39152474352884686	0.1365152344964764	0.6528282565607143	0.27176953822126865	0.26260078011123933
18.181818181818183	0.642474658693466	0.2930273744818449	0.3462809081586541	0.15551295609052038	0.40052018212109075	0.1694067875047277	0.28461457161495785	0.7624735069415959	0.22700324633986424	0.18054768474522617	0.8317114498192456	0.321806852664865	0.15017540438085084	0.20046501950743809	0.3061259068159729	0.39784511352287194	0.7768033756295022	0.8231514017104868	0.39152474425362527	0.13651523433465632	0.6528282563380495	0.27176953800839243	0.26260078039980106
18.68686868686869	0.6424746574778579	0.29302735146486564	0.3462809081580526	0.15551295572289833	0.40052017303423576	0.169406787469302	0.28461457127936673	0.7624735068585432	0.22700324610015193	0.180547684470922	0.8317114521024153	0.32180685266461556	0.15017540438027308	0.20046501919024654	0.3061259037192056	0.3978451112748015	0.7768033804115891	0.8231514021558499	0.3915247446681397	0.13651523424418285	0.6528282561933866	0.27176953808729415	0.2626007806170094
19.191919191919194	0.6424746565839028	0.29302733455844293	0.3462809081576506	0.15551295544895682	0.40052016635861365	0.1694067874434849	0.2846145710399568	0.7624735067951982	0.22700324592356463	0.18054768427173445	0.8317114537223299	0.3218068526644512	0.15017540437986954	0.20046501895984423	0.30612590144353474	0.397845109623549	0.7768033839264821	0.8231514024830414	0.3915247449728322	0.13651523417789765	0.6528282560855554	0.2717695381094681	0.2626007807650539
19.6969696969697	0.6424746561152637	0.2930273257584744	0.3462809081572524	0.15551295530252798	0.40052016287282605	0.16940678742958842	0.2846145709098414	0.7624735067589596	0.22700324583163212	0.1805476841674503	0.8317114543799737	0.32180685266429554	0.1501754043794029	0.2004650188351351	0.3061259002539633	0.39784510876012336	0.7768033857647499	0.8231514026635628	0.3915247451350998	0.13651523414347128	0.6528282560212525	0.27176953813160076	0.2626007808435783
20.202020202020204	0.6424746558772418	0.2930273213371907	0.3462809081569121	0.15551295522612768	0.4005201611129378	0.1694067874222684	0.284614570839944	0.7624735067386977	0.22700324578539893	0.1805476841138879	0.8317114545675267	0.3218068526641653	0.15017540437897725	0.20046501876844233	0.3061258996525046	0.3978451083230553	0.776803386695003	0.8231514027622091	0.3915247452195504	0.13651523412618882	0.6528282559827455	0.2717695381534195	0.26260078088542593
20.70707070707071	0.6424746557419401	0.2930273188424302	0.3462809081567161	0.15551295518101102	0.4005201601175468	0.1694067874181768	0.28461457080199554	0.7624735067266518	0.22700324575903472	0.1805476840831638	0.831711454619574	0.32180685266409204	0.1501754043787164	0.20046501873042322	0.3061258993120739	0.3978451080753375	0.7768033872222021	0.8231514028197147	0.3915247452680772	0.13651523411643413	0.6528282559592231	0.2717695381575035	0.26260078090694805
21.212121212121215	0.6424746557395349	0.29302731886054	0.3462809081565889	0.1555129551766676	0.4005201601145502	0.16940678741794657	0.28461457079973296	0.762473506724315	0.22700324575888015	0.18054768408166813	0.8317114544329858	0.3218068526640466	0.15017540437852647	0.20046501872658107	0.30612589931002987	0.39784510807297674	0.776803387226814	0.8231514028284341	0.3915247452713145	0.1365152341165026	0.6528282559519284	0.2717695381587736	0.2626007809069414
21.71717171717172	0.6424746557332879	0.2930273187851278	0.34628090815651463	0.15551295517235816	0.4005201600781711	0.16940678741768975	0.2846145707971692	0.7624735067227265	0.22700324575780306	0.18054768407921892	0.8317114543179447	0.3218068526640203	0.1501754043784128	0.20046501872275446	0.3061258992970411	0.3978451080627519	0.7768033872479381	0.8231514028357804	0.39152474527507125	0.13651523411616542	0.6528282559467323	0.27176953815984956	0.2626007809081046
22.222222222222225	0.6424746557829865	0.29302731975721924	0.34628090815649504	0.1555129551858261	0.4005201604572128	0.1694067874190957	0.2846145708099302	0.762473506725707	0.22700324576768524	0.1805476840890517	0.8317114541343823	0.3218068526640151	0.15017540437836613	0.20046501873380299	0.3061258994259113	0.39784510815543944	0.7768033870497771	0.8231514028212373	0.3915247452593732	0.13651523411990624	0.6528282559496169	0.2717695381597569	0.2626007809004808
22.72727272727273	0.6424746558125842	0.293027320339128	0.34628090815647744	0.15551295519383085	0.40052016068366025	0.169406787419913	0.2846145708170851	0.7624735067274541	0.22700324577359307	0.18054768409470662	0.8317114540174146	0.3218068526640096	0.1501754043783307	0.20046501874007902	0.3061258995028849	0.3978451082106999	0.7768033869314626	0.823151402812979	0.3915247452501612	0.13651523412213007	0.6528282559510757	0.27176953816139054	0.2626007808964228
23.232323232323235	0.6424746558537948	0.2930273211304109	0.34628090815648377	0.15551295520606434	0.4005201609943922	0.16940678742108053	0.28461457082736263	0.7624735067303875	0.22700324578175426	0.18054768410304795	0.8317114539106945	0.3218068526640128	0.1501754043783298	0.20046501874977618	0.3061258996087636	0.39784510828705894	0.7768033867682478	0.823151402799256	0.39152474523661707	0.13651523412517017	0.6528282559550734	0.27176953816354316	0.2626007808907792
23.73737373737374	0.6424746558882969	0.2930273217961598	0.3462809081564827	0.1555129552161363	0.40052016125531714	0.16940678742204865	0.2846145708358496	0.7624735067327421	0.22700324578860304	0.18054768410995714	0.8317114538116999	0.3218068526640132	0.15017540437831967	0.20046501875771455	0.3061258996976232	0.3978451083510901	0.7768033866313429	0.8231514027881697	0.39152474522540426	0.1365152341277263	0.65282825595807	0.2717695381655654	0.26260078088608546
24.242424242424242	0.6424746559107558	0.29302732221907063	0.34628090815649337	0.15551295522340225	0.4005201614225685	0.1694067874226701	0.28461457084117336	0.7624735067344647	0.22700324579305492	0.18054768411475283	0.8317114537786652	0.32180685266401715	0.15017540437833385	0.2004650187633261	0.30612589975470617	0.3978451083924587	0.7768033865430858	0.8231514027798306	0.39152474521772307	0.13651523412936617	0.6528282559610473	0.2717695381680005	0.2626007808832259
24.747474747474747	0.642474655923509	0.29302732245894725	0.3462809081564985	0.15551295522754205	0.40052016151744924	0.16940678742302037	0.28461457084417524	0.7624735067354262	0.22700324579558717	0.18054768411750338	0.8317114537605292	0.321806852664019	0.1501754043783408	0.20046501876652575	0.30612589978708477	0.3978451084159427	0.7768033864930153	0.823151402775088	0.3915247452133529	0.13651523413030053	0.6528282559627336	0.271769538169414	0.2626007808815833
25.252525252525253	0.6424746559311688	0.2930273226027702	0.34628090815650064	0.1555129552300413	0.400520161574351	0.16940678742322832	0.2846145708459587	0.7624735067359883	0.22700324579711204	0.18054768411918065	0.8317114537502119	0.3218068526640197	0.1501754043783439	0.20046501876845965	0.30612589980649896	0.3978451084300412	0.7768033864629843	0.8231514027722328	0.3915247452107203	0.1365152341308647	0.6528282559637425	0.2717695381702913	0.26260078088057925
25.757575757575758	0.6424746559388286	0.2930273227465932	0.34628090815650275	0.15551295523254055	0.40052016163125276	0.1694067874234363	0.28461457084774217	0.7624735067365505	0.2270032457986369	0.18054768412085795	0.8317114537398946	0.3218068526640205	0.150175404378347	0.20046501877039355	0.30612589982591315	0.39784510844413973	0.7768033864329533	0.8231514027693776	0.3915247452080876	0.13651523413142885	0.6528282559647515	0.27176953817116867	0.2626007808795752
26.262626262626263	0.6424746559464883	0.29302732289041616	0.3462809081565049	0.1555129552350398	0.4005201616881545	0.16940678742364426	0.2846145708495256	0.7624735067371126	0.22700324580016173	0.18054768412253522	0.8317114537295773	0.32180685266402126	0.15017540437835014	0.20046501877232745	0.30612589984532734	0.39784510845823823	0.7768033864029225	0.8231514027665224	0.391524745205455	0.136515234131993	0.6528282559657604	0.271769538172046	0.2626007808785712
26.767676767676768	0.6424746559532918	0.2930273230181376	0.3462809081565068	0.1555129552372605	0.40052016173868726	0.1694067874238289	0.2846145708511091	0.7624735067376113	0.22700324580151632	0.1805476841240263	0.8317114537204611	0.3218068526640219	0.15017540437835283	0.20046501877404604	0.30612589986256833	0.3978451084707595	0.7768033863762528	0.8231514027639857	0.3915247452031161	0.13651523413249428	0.6528282559666564	0.2717695381728261	0.2626007808776786
27.272727272727273	0.6424746559559031	0.2930273230670487	0.3462809081565072	0.15551295523811764	0.40052016175804617	0.1694067874238993	0.2846145708517132	0.7624735067377997	0.22700324580203743	0.18054768412460595	0.831711453717223	0.3218068526640221	0.15017540437835353	0.20046501877471076	0.30612589986917244	0.3978451084755612	0.7768033863660347	0.8231514027630076	0.3915247452022149	0.1365152341326876	0.6528282559669994	0.2717695381731307	0.2626007808773311
27.77777777777778	0.6424746559585146	0.29302732311595986	0.34628090815650764	0.1555129552389748	0.40052016177740507	0.16940678742396975	0.28461457085231734	0.7624735067379882	0.2270032458025585	0.1805476841251856	0.8317114537139849	0.3218068526640222	0.1501754043783542	0.20046501877537548	0.30612589987577654	0.3978451084803629	0.7768033863558168	0.8231514027620294	0.39152474520131375	0.13651523413288094	0.6528282559673426	0.27176953817343535	0.26260078087698363
28.282828282828284	0.6424746559611261	0.293027323164871	0.3462809081565081	0.15551295523983194	0.40052016179676403	0.1694067874240402	0.2846145708529215	0.7624735067381766	0.22700324580307962	0.18054768412576525	0.8317114537107467	0.32180685266402237	0.1501754043783549	0.2004650187760402	0.3061258998823807	0.3978451084851646	0.7768033863455988	0.8231514027610511	0.3915247452004126	0.13651523413307426	0.6528282559676858	0.27176953817373994	0.2626007808766362
28.78787878787879	0.6424746559637375	0.2930273232137821	0.3462809081565085	0.1555129552406891	0.40052016181612293	0.16940678742411064	0.28461457085352565	0.7624735067383651	0.2270032458036007	0.1805476841263449	0.8317114537075087	0.32180685266402254	0.15017540437835555	0.20046501877670492	0.3061258998889848	0.3978451084899663	0.7768033863353808	0.823151402760073	0.3915247451995114	0.13651523413326758	0.652828255968029	0.27176953817404453	0.2626007808762887
29.292929292929294	0.6424746559646732	0.29302732323130465	0.34628090815650864	0.15551295524099648	0.4005201618230587	0.16940678742413587	0.28461457085374214	0.7624735067384326	0.2270032458037875	0.1805476841265529	0.8317114537063618	0.3218068526640226	0.15017540437835578	0.2004650187769434	0.30612589989135086	0.39784510849168675	0.7768033863317199	0.8231514027597222	0.3915247451991883	0.13651523413333688	0.652828255968152	0.27176953817415384	0.262600780876164
29.7979797979798	0.6424746559648331	0.29302732323429004	0.3462809081565087	0.15551295524104927	0.40052016182424094	0.16940678742414017	0.284614570853779	0.762473506738444	0.22700324580381945	0.18054768412658875	0.8317114537061835	0.3218068526640226	0.1501754043783558	0.20046501877698442	0.30612589989175415	0.3978451084919803	0.7768033863310958	0.8231514027596619	0.3915247451991329	0.13651523413334876	0.652828255968173	0.2717695381741726	0.2626007808761425
30.303030303030305	0.642474655964993	0.29302732323727537	0.3462809081565087	0.1555129552411021	0.40052016182542316	0.1694067874241445	0.2846145708538159	0.7624735067384556	0.2270032458038514	0.1805476841266246	0.8317114537060051	0.3218068526640226	0.15017540437835583	0.20046501877702547	0.30612589989215744	0.3978451084922738	0.7768033863304717	0.8231514027596016	0.39152474519907743	0.13651523413336064	0.6528282559681939	0.27176953817419136	0.26260078087612104
30.80808080808081	0.6424746559651527	0.29302732324026076	0.3462809081565087	0.15551295524115488	0.4005201618266054	0.1694067874241488	0.28461457085385283	0.762473506738467	0.22700324580388334	0.18054768412666047	0.8317114537058268	0.3218068526640226	0.15017540437835586	0.20046501877706652	0.3061258998925607	0.3978451084925673	0.7768033863298477	0.8231514027595412	0.39152474519902203	0.13651523413337252	0.652828255968215	0.2717695381742102	0.26260078087609956
31.313131313131315	0.6424746559653126	0.29302732324324615	0.3462809081565087	0.15551295524120767	0.4005201618277876	0.1694067874241531	0.28461457085388975	0.7624735067384785	0.2270032458039153	0.18054768412669633	0.8317114537056484	0.3218068526640226	0.15017540437835586	0.20046501877710754	0.306125899892964	0.3978451084928608	0.7768033863292236	0.823151402759481	0.39152474519896663	0.1365152341333844	0.652828255968236	0.27176953817422894	0.2626007808760781
31.81818181818182	0.6424746559654725	0.2930273232462315	0.34628090815650875	0.1555129552412605	0.4005201618289698	0.1694067874241574	0.2846145708539266	0.76247350673849	0.22700324580394723	0.1805476841267322	0.8317114537054701	0.32180685266402265	0.1501754043783559	0.2004650187771486	0.3061258998933673	0.39784510849315435	0.7768033863285996	0.8231514027594207	0.39152474519891123	0.13651523413339625	0.6528282559682571	0.2717695381742477	0.2626007808760566
32.323232323232325	0.6424746559656322	0.2930273232492169	0.34628090815650875	0.15551295524131328	0.40052016183015204	0.16940678742416174	0.2846145708539635	0.7624735067385014	0.22700324580397918	0.18054768412676805	0.8317114537052918	0.32180685266402265	0.15017540437835591	0.2004650187771896	0.3061258998937706	0.39784510849344784	0.7768033863279755	0.8231514027593604	0.3915247451988558	0.13651523413340813	0.6528282559682781	0.27176953817426647	0.2626007808760351
32.82828282828283	0.6424746559657921	0.29302732325220227	0.34628090815650875	0.15551295524136607	0.40052016183133426	0.16940678742416604	0.28461457085400044	0.762473506738513	0.22700324580401113	0.18054768412680391	0.8317114537051133	0.32180685266402265	0.15017540437835594	0.20046501877723066	0.3061258998941739	0.39784510849374133	0.7768033863273515	0.8231514027593001	0.3915247451988004	0.13651523413342	0.6528282559682991	0.2717695381742853	0.26260078087601363
33.333333333333336	0.642474655965952	0.2930273232551876	0.34628090815650875	0.15551295524141887	0.4005201618325165	0.16940678742417034	0.2846145708540373	0.7624735067385244	0.22700324580404307	0.18054768412683975	0.831711453704935	0.32180685266402265	0.15017540437835597	0.20046501877727171	0.30612589989457717	0.39784510849403487	0.7768033863267274	0.8231514027592398	0.391524745198745	0.1365152341334319	0.6528282559683202	0.27176953817430405	0.2626007808759921
33.83838383838384	0.6424746559661118	0.293027323258173	0.34628090815650875	0.15551295524147168	0.40052016183369876	0.16940678742417464	0.2846145708540742	0.762473506738536	0.22700324580407502	0.1805476841268756	0.8317114537047566	0.32180685266402265	0.150175404378356	0.20046501877731274	0.30612589989498046	0.39784510849432836	0.7768033863261034	0.8231514027591795	0.39152474519868957	0.13651523413344377	0.6528282559683412	0.2717695381743228	0.2626007808759706
34.343434343434346	0.6424746559662716	0.2930273232611584	0.3462809081565088	0.15551295524152448	0.400520161834881	0.16940678742417897	0.2846145708541111	0.7624735067385474	0.22700324580410697	0.18054768412691147	0.8317114537045783	0.32180685266402265	0.15017540437835603	0.2004650187773538	0.30612589989538375	0.3978451084946219	0.7768033863254792	0.8231514027591191	0.3915247451986341	0.13651523413345565	0.6528282559683622	0.27176953817434163	0.2626007808759491
34.84848484848485	0.6424746559664315	0.2930273232641437	0.3462809081565088	0.15551295524157727	0.4005201618360632	0.16940678742418327	0.28461457085414804	0.762473506738559	0.22700324580413891	0.18054768412694733	0.8317114537043999	0.32180685266402265	0.15017540437835603	0.2004650187773948	0.30612589989578703	0.3978451084949154	0.7768033863248551	0.8231514027590588	0.3915247451985787	0.13651523413346753	0.6528282559683832	0.2717695381743604	0.26260078087592764
35.35353535353536	0.6424746559665913	0.2930273232671291	0.3462809081565088	0.15551295524163009	0.4005201618372454	0.16940678742418758	0.2846145708541849	0.7624735067385704	0.22700324580417086	0.1805476841269832	0.8317114537042216	0.32180685266402265	0.15017540437835605	0.20046501877743586	0.3061258998961903	0.39784510849520893	0.7768033863242311	0.8231514027589986	0.3915247451985233	0.1365152341334794	0.6528282559684042	0.27176953817437915	0.26260078087590616
35.85858585858586	0.6424746559667511	0.2930273232701145	0.3462809081565088	0.15551295524168288	0.40052016183842765	0.16940678742419188	0.2846145708542218	0.7624735067385818	0.2270032458042028	0.18054768412701905	0.8317114537040432	0.32180685266402265	0.15017540437835608	0.20046501877747688	0.30612589989659356	0.3978451084955024	0.776803386323607	0.8231514027589383	0.3915247451984679	0.13651523413349126	0.6528282559684253	0.271769538174398	0.2626007808758847
36.36363636363637	0.642474655966911	0.2930273232730999	0.34628090815650886	0.15551295524173567	0.40052016183960987	0.1694067874241962	0.28461457085425873	0.7624735067385934	0.22700324580423475	0.1805476841270549	0.8317114537038649	0.32180685266402265	0.1501754043783561	0.20046501877751793	0.30612589989699684	0.3978451084957959	0.776803386322983	0.823151402758878	0.39152474519841246	0.13651523413350314	0.6528282559684463	0.27176953817441674	0.2626007808758632
36.86868686868687	0.6424746559670708	0.2930273232760852	0.34628090815650886	0.1555129552417885	0.4005201618407921	0.1694067874242005	0.2846145708542956	0.7624735067386048	0.2270032458042667	0.18054768412709077	0.8317114537036866	0.32180685266402265	0.15017540437835614	0.20046501877755898	0.30612589989740013	0.39784510849608945	0.7768033863223589	0.8231514027588177	0.39152474519835706	0.13651523413351502	0.6528282559684674	0.2717695381744355	0.2626007808758417
37.37373737373738	0.6424746559672306	0.2930273232790706	0.34628090815650886	0.15551295524184128	0.4005201618419743	0.1694067874242048	0.2846145708543325	0.7624735067386164	0.22700324580429865	0.18054768412712663	0.8317114537035082	0.32180685266402265	0.15017540437835616	0.2004650187776	0.3061258998978034	0.39784510849638294	0.7768033863217348	0.8231514027587573	0.39152474519830166	0.1365152341335269	0.6528282559684884	0.27176953817445426	0.2626007808758202
37.87878787878788	0.6424746559673905	0.293027323282056	0.34628090815650886	0.15551295524189407	0.40052016184315653	0.16940678742420912	0.2846145708543694	0.7624735067386278	0.22700324580433062	0.1805476841271625	0.8317114537033299	0.32180685266402265	0.1501754043783562	0.20046501877764106	0.3061258998982067	0.3978451084966765	0.7768033863211108	0.823151402758697	0.3915247451982462	0.13651523413353878	0.6528282559685094	0.2717695381744731	0.2626007808757987
38.38383838383839	0.6424746559675503	0.29302732328504133	0.34628090815650886	0.15551295524194686	0.40052016184433875	0.16940678742421342	0.28461457085440633	0.7624735067386393	0.22700324580436257	0.18054768412719835	0.8317114537031515	0.32180685266402265	0.15017540437835622	0.20046501877768208	0.30612589989861	0.39784510849696997	0.7768033863204867	0.8231514027586367	0.3915247451981908	0.13651523413355066	0.6528282559685304	0.27176953817449184	0.2626007808757772
38.88888888888889	0.6424746559677101	0.2930273232880267	0.3462809081565089	0.15551295524199968	0.40052016184552097	0.16940678742421775	0.2846145708544432	0.7624735067386508	0.22700324580439452	0.1805476841272342	0.8317114537029732	0.32180685266402265	0.15017540437835622	0.20046501877772313	0.3061258998990133	0.3978451084972635	0.7768033863198627	0.8231514027585765	0.3915247451981354	0.13651523413356254	0.6528282559685514	0.2717695381745106	0.2626007808757557
39.3939393939394	0.64247465596787	0.2930273232910121	0.3462809081565089	0.15551295524205247	0.4005201618467032	0.16940678742422205	0.2846145708544801	0.7624735067386623	0.22700324580442646	0.18054768412727007	0.8317114537027948	0.32180685266402265	0.15017540437835625	0.20046501877776415	0.3061258998994166	0.397845108497557	0.7768033863192386	0.8231514027585162	0.39152474519808	0.13651523413357441	0.6528282559685725	0.2717695381745294	0.26260078087573424
39.8989898989899	0.6424746559680298	0.29302732329399744	0.3462809081565089	0.15551295524210526	0.4005201618478854	0.16940678742422635	0.284614570854517	0.7624735067386738	0.2270032458044584	0.18054768412730593	0.8317114537026165	0.32180685266402265	0.15017540437835628	0.2004650187778052	0.30612589989981986	0.39784510849785054	0.7768033863186146	0.8231514027584559	0.39152474519802455	0.13651523413358627	0.6528282559685935	0.2717695381745482	0.26260078087571276
40.40404040404041	0.6424746559681896	0.29302732329698283	0.3462809081565089	0.15551295524215808	0.40052016184906764	0.16940678742423065	0.2846145708545539	0.7624735067386852	0.22700324580449036	0.1805476841273418	0.831711453702438	0.32180685266402265	0.1501754043783563	0.20046501877784625	0.30612589990022315	0.39784510849814403	0.7768033863179905	0.8231514027583956	0.39152474519796915	0.13651523413359815	0.6528282559686145	0.27176953817456695	0.2626007808756913
40.909090909090914	0.6424746559683495	0.2930273232999682	0.3462809081565089	0.15551295524221087	0.40052016185024986	0.16940678742423498	0.2846145708545908	0.7624735067386967	0.2270032458045223	0.18054768412737765	0.8317114537022597	0.32180685266402265	0.15017540437835633	0.20046501877788728	0.30612589990062644	0.3978451084984375	0.7768033863173665	0.8231514027583352	0.39152474519791375	0.13651523413361003	0.6528282559686356	0.27176953817458577	0.2626007808756698
41.41414141414142	0.6424746559685093	0.29302732330295356	0.34628090815650897	0.15551295524226366	0.4005201618514321	0.16940678742423929	0.2846145708546277	0.7624735067387082	0.22700324580455425	0.1805476841274135	0.8317114537020814	0.32180685266402265	0.15017540437835636	0.20046501877792833	0.30612589990102973	0.39784510849873106	0.7768033863167424	0.8231514027582749	0.39152474519785835	0.1365152341336219	0.6528282559686566	0.27176953817460453	0.26260078087564825
41.919191919191924	0.6424746559686692	0.29302732330593895	0.34628090815650897	0.15551295524231645	0.4005201618526143	0.1694067874242436	0.28461457085466463	0.7624735067387197	0.2270032458045862	0.18054768412744937	0.831711453701903	0.3218068526640227	0.1501754043783564	0.20046501877796935	0.306125899901433	0.39784510849902455	0.7768033863161183	0.8231514027582146	0.3915247451978029	0.13651523413363378	0.6528282559686777	0.2717695381746233	0.26260078087562677
42.42424242424243	0.642474655968829	0.29302732330892434	0.34628090815650897	0.15551295524236927	0.4005201618537965	0.1694067874242479	0.2846145708547015	0.7624735067387312	0.22700324580461814	0.18054768412748523	0.8317114537017247	0.3218068526640227	0.1501754043783564	0.2004650187780104	0.3061258999018363	0.3978451084993181	0.7768033863154942	0.8231514027581543	0.3915247451977475	0.13651523413364566	0.6528282559686986	0.27176953817464206	0.2626007808756053
42.929292929292934	0.6424746559689888	0.29302732331190967	0.34628090815650897	0.15551295524242206	0.40052016185497874	0.16940678742425222	0.2846145708547384	0.7624735067387427	0.2270032458046501	0.1805476841275211	0.8317114537015463	0.3218068526640227	0.15017540437835641	0.20046501877805145	0.30612589990223954	0.3978451084996116	0.7768033863148701	0.8231514027580941	0.3915247451976921	0.13651523413365754	0.6528282559687196	0.2717695381746609	0.2626007808755838
43.43434343434344	0.6424746559691487	0.29302732331489506	0.346280908156509	0.15551295524247485	0.40052016185616096	0.16940678742425652	0.2846145708547753	0.7624735067387541	0.22700324580468204	0.18054768412755692	0.831711453701368	0.3218068526640227	0.15017540437835644	0.20046501877809247	0.30612589990264283	0.3978451084999051	0.7768033863142461	0.8231514027580338	0.3915247451976367	0.13651523413366942	0.6528282559687407	0.27176953817467964	0.2626007808755623
43.939393939393945	0.6424746559693085	0.29302732331788045	0.346280908156509	0.15551295524252767	0.4005201618573432	0.16940678742426082	0.2846145708548122	0.7624735067387657	0.22700324580471398	0.18054768412759278	0.8317114537011896	0.3218068526640227	0.15017540437835647	0.20046501877813352	0.3061258999030461	0.3978451085001986	0.776803386313622	0.8231514027579735	0.39152474519758124	0.13651523413368127	0.6528282559687617	0.2717695381746984	0.26260078087554084
44.44444444444445	0.6424746559694683	0.29302732332086584	0.346280908156509	0.15551295524258046	0.4005201618585254	0.16940678742426513	0.2846145708548491	0.7624735067387771	0.22700324580474593	0.18054768412762864	0.8317114537010113	0.3218068526640227	0.1501754043783565	0.20046501877817455	0.3061258999034494	0.3978451085004921	0.776803386312998	0.8231514027579131	0.39152474519752584	0.13651523413369315	0.6528282559687827	0.2717695381747172	0.26260078087551936
44.949494949494955	0.6424746559696282	0.2930273233238512	0.346280908156509	0.15551295524263326	0.4005201618597076	0.16940678742426943	0.284614570854886	0.7624735067387886	0.22700324580477788	0.1805476841276645	0.8317114537008329	0.3218068526640227	0.15017540437835653	0.2004650187782156	0.3061258999038527	0.39784510850078564	0.7768033863123739	0.8231514027578528	0.39152474519747044	0.13651523413370503	0.6528282559688038	0.271769538174736	0.2626007808754979
45.45454545454546	0.642474655969788	0.29302732332683656	0.346280908156509	0.15551295524268607	0.40052016186088985	0.16940678742427376	0.2846145708549229	0.7624735067388001	0.22700324580480982	0.18054768412770036	0.8317114537006546	0.3218068526640227	0.15017540437835655	0.20046501877825662	0.306125899904256	0.3978451085010791	0.7768033863117498	0.8231514027577925	0.391524745197415	0.1365152341337169	0.6528282559688248	0.27176953817475474	0.26260078087547634
45.959595959595966	0.6424746559699478	0.29302732332982195	0.3462809081565091	0.15551295524273887	0.40052016186207207	0.16940678742427806	0.2846145708549598	0.7624735067388115	0.22700324580484177	0.18054768412773622	0.8317114537004763	0.3218068526640227	0.15017540437835655	0.20046501877829767	0.30612589990465927	0.39784510850137267	0.7768033863111258	0.8231514027577322	0.3915247451973596	0.1365152341337288	0.6528282559688459	0.2717695381747735	0.26260078087545485
46.46464646464647	0.6424746559701077	0.2930273233328073	0.3462809081565091	0.15551295524279166	0.4005201618632543	0.16940678742428236	0.2846145708549967	0.7624735067388231	0.22700324580487372	0.18054768412777208	0.8317114537002979	0.3218068526640227	0.15017540437835658	0.20046501877833872	0.30612589990506256	0.39784510850166616	0.7768033863105017	0.823151402757672	0.3915247451973042	0.13651523413374067	0.6528282559688668	0.2717695381747923	0.26260078087543337
46.969696969696976	0.6424746559702497	0.2930273233354605	0.3462809081565091	0.1555129552428386	0.4005201618643049	0.16940678742428622	0.2846145708550295	0.7624735067388333	0.2270032458049021	0.18054768412780395	0.8317114537001395	0.3218068526640227	0.15017540437835664	0.2004650187783752	0.30612589990542094	0.397845108501927	0.776803386309947	0.8231514027576183	0.39152474519725494	0.1365152341337512	0.6528282559688856	0.27176953817480903	0.2626007808754143
47.47474747474748	0.6424746559702594	0.29302732333564274	0.3462809081565091	0.15551295524284184	0.4005201618643771	0.16940678742428647	0.2846145708550318	0.7624735067388341	0.22700324580490408	0.18054768412780617	0.8317114537001296	0.3218068526640227	0.15017540437835664	0.20046501877837772	0.3061258999054456	0.39784510850194493	0.7768033863099089	0.8231514027576147	0.3915247451972515	0.13651523413375194	0.6528282559688869	0.2717695381748102	0.26260078087541294
47.979797979797986	0.6424746559702692	0.29302732333582493	0.3462809081565091	0.15551295524284509	0.4005201618644493	0.16940678742428675	0.284614570855034	0.7624735067388347	0.22700324580490602	0.18054768412780836	0.8317114537001197	0.3218068526640227	0.15017540437835664	0.20046501877838024	0.3061258999054702	0.3978451085019629	0.7768033863098708	0.823151402757611	0.3915247451972481	0.13651523413375266	0.6528282559688882	0.27176953817481136	0.2626007808754116
48.484848484848484	0.642474655970279	0.2930273233360072	0.3462809081565091	0.15551295524284833	0.4005201618645215	0.169406787424287	0.2846145708550363	0.7624735067388354	0.227003245804908	0.18054768412781058	0.8317114537001098	0.3218068526640227	0.15017540437835664	0.20046501877838277	0.3061258999054948	0.39784510850198085	0.7768033863098327	0.8231514027576072	0.39152474519724473	0.13651523413375338	0.6528282559688895	0.2717695381748125	0.2626007808754103
48.98989898989899	0.6424746559702889	0.29302732333618936	0.3462809081565091	0.15551295524285158	0.40052016186459366	0.16940678742428728	0.28461457085503855	0.7624735067388362	0.22700324580490994	0.18054768412781277	0.8317114537000998	0.3218068526640227	0.15017540437835664	0.2004650187783853	0.30612589990551947	0.3978451085019988	0.7768033863097946	0.8231514027576036	0.3915247451972413	0.1365152341337541	0.6528282559688908	0.27176953817481364	0.262600780875409
49.494949494949495	0.6424746559702986	0.2930273233363716	0.3462809081565091	0.15551295524285483	0.4005201618646659	0.16940678742428752	0.28461457085504077	0.7624735067388368	0.22700324580491188	0.180547684127815	0.8317114537000899	0.3218068526640227	0.15017540437835664	0.20046501877838782	0.30612589990554406	0.3978451085020167	0.7768033863097564	0.8231514027575998	0.3915247451972379	0.13651523413375485	0.652828255968892	0.2717695381748148	0.26260078087540767
50.0	0.6424746559703084	0.29302732333655385	0.3462809081565091	0.15551295524285808	0.40052016186473804	0.1694067874242878	0.28461457085504305	0.7624735067388375	0.22700324580491385	0.18054768412781722	0.83171145370008	0.3218068526640227	0.15017540437835664	0.20046501877839035	0.3061258999055687	0.39784510850203464	0.7768033863097183	0.8231514027575961	0.3915247451972345	0.13651523413375558	0.6528282559688934	0.27176953817481597	0.26260078087540634
