NON $ % + - . 0 1 2 3 4 5 6 7 8
#NON	m	i	l	g	f	d	k	h	a	n	e	j	c	b
0.0	0.2847448562919972	0.9276089705720287	0.7074105494702372	0.03197686577327319	0.5919022221946414	0.9250008468332555	0.7903453760129209	0.36049403703189165	0.6942471589215827	0.37441052587034473	0.521099842994714	0.3291460765484826	0.45978653161144367	0.7618816797654048
0.5050505050505051	0.27005228569678574	0.5622915534740537	0.3511514383989592	0.08478054623948525	0.28294999302313534	0.5801149094510385	0.4569352815119782	0.16862657923667276	0.4429436403520019	0.28344992681079373	0.251069318236081	0.27266628782747815	0.15127010095647667	0.5593941285459405
1.0101010101010102	0.22102169642008912	0.3704781491140577	0.18211429324566855	0.10559077000753876	0.13798400929774932	0.38348278155519155	0.31683571372593294	0.08622648706065532	0.3039635974657799	0.24901868442722813	0.12360597821282791	0.2433194009426789	0.06668742556002469	0.42895012210320854
1.5151515151515151	0.1749591302288802	0.27041049189030364	0.10122743163222406	0.11435144199742354	0.0700923134272548	0.27194251616258375	0.254768264422826	0.04994269672556157	0.22769481127340652	0.23695949399587332	0.06359422808521659	0.22466831666404755	0.039491213861577786	0.33919148240792174
2.0202020202020203	0.1396919568041217	0.21865757053113183	0.062319293279799	0.11851781127283659	0.03835241261577779	0.20900094831175933	0.2260375471673002	0.03366533963071483	0.18622829374115846	0.23356105744069333	0.03540824169958181	0.21300566184653089	0.029261686359069606	0.2753984743591841
2.5252525252525255	0.11542510000962554	0.19214833574648565	0.043538334695553856	0.12077874917470335	0.023513931632664836	0.17364413663615633	0.21234858199348036	0.026241434209993905	0.1638915210510661	0.23324707996984284	0.022174733148013288	0.20617520025579814	0.024928377556619162	0.23028309479900497
3.0303030303030303	0.10011035901515229	0.17870580469097253	0.0344449682412618	0.12212416320666568	0.01656439174337197	0.15385563104315264	0.2057190888722687	0.022799667586038776	0.15196383596245622	0.23382176707440236	0.015950460027556485	0.20239687951920918	0.022947145341412373	0.19940073893599228
3.5353535353535355	0.09114510933925163	0.171961041193722	0.03002875765334971	0.12295914234407357	0.013299478453055963	0.14281250498825726	0.2024822644708599	0.0211786388072185	0.14564629164743198	0.23449390151301128	0.01301334466476149	0.2003914195666807	0.02200017810731376	0.17919451639926923
4.040404040404041	0.08620437257003616	0.16861520960948	0.02787766668319684	0.12348160271324429	0.011759679520131246	0.1366637805688458	0.20089654165564913	0.020404254963448436	0.14232603896763696	0.23503139421247815	0.011621709467836352	0.19935683536972018	0.021536549328632405	0.16655645165641284
4.545454545454546	0.08359799656787058	0.16697634192338967	0.02682702834737236	0.12380578318542895	0.011030433203326091	0.13324622179442966	0.2001190727934149	0.02002995186940874	0.14059416568672953	0.2354052286942959	0.010959444868549134	0.19883338592940245	0.021306826480506493	0.15895148187812397
5.050505050505051	0.08226226152724672	0.166185207615671	0.026312660232062086	0.12400400346671547	0.01068361737520647	0.13134922636889335	0.19973810373899825	0.01984739559734816	0.13969759146353836	0.23564685857562456	0.010642922367494192	0.19857206140317268	0.02119241997395488	0.15451412486377325
5.555555555555556	0.08158979529291728	0.16580989176978989	0.026060338425787102	0.12412327980996068	0.010518013404516672	0.13029727844751554	0.1995516544166282	0.019757785098420477	0.1392370050757434	0.23579612051262075	0.01049102965600678	0.1984428073854556	0.02113536694019094	0.15198641347984576
6.0606060606060606	0.08125470258536943	0.16563566718388184	0.025936373526618806	0.12419396355588237	0.010438647284797249	0.12971433076097447	0.19946054904564114	0.019713615808721642	0.13900230056275215	0.23588553234814302	0.010417876274103873	0.19837929964353518	0.021106935585354092	0.15057314593180735
6.565656565656566	0.08108866122611087	0.16555706025578826	0.025875401201632505	0.12423527606441914	0.010400485442342556	0.1293914157458077	0.1994161079001279	0.019691793042534763	0.13888373673899387	0.23593791518371982	0.010382533708763166	0.19834824743291565	0.021092791858099043	0.14979450379334014
7.070707070707071	0.08100663451512145	0.16552298186394146	0.02584539249744423	0.12425912837515632	0.010382085438643017	0.12921258323181808	0.19939446970561248	0.019681001280538228	0.13882442106731813	0.23596809237260763	0.010365415262337372	0.19833312230743935	0.021085772079638427	0.14937055022299187
7.575757575757576	0.08096617337933264	0.16550907855354594	0.025830617456589794	0.1242727531468122	0.010373192208496768	0.1291135466583344	0.19938395279195528	0.019675664599916463	0.13879507023016474	0.23598524973631566	0.010357105906910977	0.1983257770636957	0.021082296574714204	0.14914193636220563
8.080808080808081	0.08094622678419579	0.1655039757247767	0.025823341480540503	0.12428046421603327	0.010368884945062539	0.1290586874814136	0.19937884946882842	0.019673027179959245	0.1387807295783594	0.2359949033115186	0.010353065353344066	0.1983222182648828	0.021080579911586773	0.14901962616272846
8.585858585858587	0.08093639824931291	0.1655025020232126	0.025819759604845727	0.12428479295270939	0.010366795887084796	0.1290282921092181	0.1993763776876711	0.019671725510790564	0.1387738311589845	0.2360002881313661	0.010351098441939481	0.19832049792687417	0.02107973418653733	0.14895463430800238
9.090909090909092	0.08093156066785896	0.16550238512832288	0.02581799621315429	0.12428720603719515	0.010365780852208769	0.12901144211404464	0.19937518193184567	0.01967108373219862	0.13877057533382609	0.23600327051725012	0.01035013958276428	0.1983196676820711	0.02107931835086987	0.14892029697279918
9.595959595959597	0.08092917544925614	0.16550268156322423	0.025817129023009353	0.12428854291616445	0.010365287604151882	0.12900209686504696	0.1993746047038033	0.019670768038104264	0.13876907746148162	0.23600491249754768	0.010349672218518237	0.19831926775837913	0.021079114444411327	0.14890224601736674
10.101010101010102	0.08092800578713523	0.16550303112183576	0.025816702831423576	0.12428927963326249	0.01036504774079509	0.1289969103662982	0.19937432647971642	0.01967061299261219	0.13876841200855433	0.23600581193221995	0.01034944432616887	0.19831907551038205	0.021079014656893696	0.1488927985593129
10.606060606060607	0.08092742879404015	0.16550331955131606	0.02581649360884978	0.12428968365286042	0.010364931091397018	0.12899403021516023	0.19937419263132808	0.019670537008721234	0.13876813155315543	0.23600630240701337	0.010349333232034465	0.19831898324703523	0.021078965943908942	0.1488878743752341
11.111111111111112	0.08092714614637092	0.1655035274885214	0.025816391021416946	0.12428990423504875	0.010364874371936847	0.12899242992784432	0.1993741283512123	0.01967049985421663	0.1387680233376133	0.23600656878977297	0.010349279099973765	0.1983189390407107	0.021078942217019985	0.14888531756083712
11.616161616161618	0.08092700755804186	0.16550366700538646	0.02581634066450977	0.12429002434833429	0.010364846729758345	0.1289915391422523	0.19937409745349735	0.0196704816774836	0.13876798831064663	0.23600671314010857	0.010349252671811564	0.19831891785750877	0.02107893065538822	0.1488839924838323
12.121212121212121	0.08092693927866144	0.1655037566284304	0.02581631599620229	0.12429008953512251	0.010364833277863148	0.12899104292356595	0.19937408264116274	0.019670472811221258	0.13876798222691317	0.23600679113241635	0.010349239790500179	0.19831890772447924	0.02107892503855219	0.14888330794720114
12.626262626262626	0.08092690597574818	0.1655038125364998	0.025816303950994178	0.12429012479694412	0.010364826749166202	0.12899076631803547	0.1993740755687038	0.01967046850345052	0.13876798600711224	0.23600683314659052	0.010349233530100062	0.19831890289868284	0.021078922320485482	0.1488829556373009
13.131313131313131	0.08092688991578477	0.1655038466638976	0.025816298179946035	0.12429014367539302	0.010364823640543967	0.12899061291853728	0.19937407226586332	0.01967046645217503	0.13876799211490257	0.23600685554737136	0.010349230545206502	0.19831890065130553	0.02107892103207156	0.14888277691278046
13.636363636363637	0.08092688231920596	0.16550386688126187	0.025816295449701425	0.12429015364396888	0.010364822177820242	0.12899052862956434	0.19937407074311778	0.019670465488372237	0.13876799754767105	0.23600686733165846	0.01034922913920463	0.19831889961828167	0.021078920429329333	0.14888268752504225
14.141414141414142	0.0809268784638394	0.1655038786686321	0.02581629404191359	0.12429015906653462	0.010364821423243055	0.12899048110698996	0.19937406996342036	0.01967046499330939	0.13876800136317877	0.23600687373006712	0.01034922841418978	0.1983188990897395	0.021078920119990654	0.14888264050940764
14.646464646464647	0.08092687647826811	0.16550388549469802	0.025816293309891224	0.12429016202172641	0.01036482103056006	0.12899045425530029	0.19937406955995404	0.019670464736685784	0.13876800389709773	0.23600687721171995	0.010349228037071154	0.19831889881628337	0.021078919959744723	0.1488826156694109
15.151515151515152	0.08092687544362782	0.16550388945772754	0.02581629294280065	0.12429016362477495	0.010364820834464819	0.12899043912553698	0.19937406936125357	0.019670464608556856	0.13876800556121682	0.23600687909638154	0.010349227848597117	0.1983188986818188	0.021078919879990898	0.14888260272058765
15.656565656565657	0.08092687488763016	0.1655038917549701	0.025816292758499605	0.12429016449759146	0.01036482073650505	0.12899043056325765	0.19937406926349718	0.019670464544530742	0.13876800662620317	0.23600688012050536	0.010349227754351122	0.19831889861581714	0.021078919840267676	0.14888259594554662
16.161616161616163	0.08092687461332927	0.16550389307624766	0.025816292664434207	0.12429016497250006	0.010364820686537643	0.12899042571157368	0.199374069214198	0.019670464512015862	0.13876800729057795	0.23600688067681938	0.010349227706286632	0.19831889858260512	0.021078919820122884	0.14888259239290602
16.666666666666668	0.0809268745049333	0.16550389383112835	0.025816292616732857	0.12429016522946823	0.01036482066118599	0.128990422970446	0.19937406918948428	0.019670464495616484	0.13876800769882172	0.23600688097734013	0.010349227681912357	0.19831889856598647	0.021078919809979228	0.14888259054371614
17.171717171717173	0.08092687445945143	0.1655038942606988	0.025816292592821366	0.12429016536819312	0.010364820648511207	0.1289904214233667	0.19937406917729608	0.019670464487433606	0.13876800794672692	0.23600688113932983	0.010349227669722664	0.1983188985577931	0.021078919804933895	0.14888258958459488
17.67676767676768	0.08092687441840651	0.165503894504199	0.025816292580831717	0.124290165443065	0.01036482064217951	0.12899042054973003	0.19937406917128353	0.019670464483347534	0.13876800809555268	0.2360068812266444	0.010349227663630037	0.1983188985537491	0.021078919802421926	0.14888258908677046
18.181818181818183	0.08092687438000735	0.16550389464207096	0.025816292574798994	0.12429016548350348	0.01036482063899795	0.1289904200551281	0.19937406916830167	0.01967046448130347	0.138768008184373	0.2360068812737411	0.010349227660568845	0.19831889855174975	0.021078919801166766	0.14888258882846403
18.68686868686869	0.08092687435002528	0.16550389479969904	0.025816292567415033	0.12429016553101777	0.010364820635104546	0.12899041948969728	0.19937406916462144	0.01967046447879098	0.1387680082829238	0.23600688132912484	0.010349227656821709	0.1983188985492714	0.021078919799624087	0.1488825885176321
19.191919191919194	0.08092687433105046	0.16550389491075665	0.025816292562393626	0.12429016556401568	0.010364820632457639	0.1289904190910116	0.1993740691621295	0.01967046447708519	0.13876800835352085	0.2360068813675725	0.010349227654274337	0.19831889854759513	0.021078919798577195	0.1488825883043615
19.6969696969697	0.08092687432308286	0.16550389497524381	0.02581629255973477	0.12429016558249721	0.01036482063105723	0.12899041885907112	0.1993740691608258	0.019670464476186103	0.13876800839616418	0.23600688138908407	0.010349227652926727	0.19831889854672094	0.02107891979802609	0.14888258818865224
20.202020202020204	0.08092687432612251	0.16550389499316054	0.02581629255943847	0.12429016558646239	0.010364820630903318	0.12899041879387577	0.1993740691607104	0.019670464476093715	0.13876800841085377	0.23600688139365955	0.010349227652778882	0.1983188985466489	0.02107891979797077	0.14888258817050432
20.70707070707071	0.08092687434016939	0.1655038949645068	0.02581629256150472	0.12429016557591119	0.010364820631995904	0.1289904188954256	0.19937406916178327	0.01967046447680803	0.1387680083975896	0.2360068813812989	0.0103492276538308	0.1983188985473789	0.021078919798411238	0.14888258824991776
21.212121212121215	0.08092687434778281	0.16550389495346962	0.025816292562498303	0.12429016557131134	0.01036482063252166	0.1289904189339178	0.19937406916230593	0.019670464477153354	0.1387680083938225	0.2360068813758968	0.010349227654337085	0.1983188985477357	0.021078919798624467	0.14888258828686424
21.71717171717172	0.08092687434810972	0.16550389496318857	0.025816292562251188	0.12429016557366399	0.010364820632391893	0.12899041889811222	0.19937406916219336	0.019670464477072186	0.13876800840138426	0.2360068813786219	0.010349227654212369	0.19831889854766174	0.021078919798575083	0.14888258827449463
22.222222222222225	0.0809268743500673	0.1655038949608456	0.02581629256251976	0.12429016557250423	0.010364820632533732	0.12899041890550408	0.1993740691623344	0.019670464477165635	0.1387680084011268	0.23600688137725728	0.010349227654349048	0.198318898547758	0.02107891979863277	0.14888258828440365
22.72727272727273	0.08092687435365556	0.16550389494644077	0.025816292563304026	0.12429016556783208	0.01036482063294718	0.12899041895609334	0.19937406916272912	0.01967046447743371	0.13876800839305006	0.2360068813718029	0.010349227654747122	0.19831889854802442	0.021078919798797526	0.14888258831659126
23.232323232323235	0.08092687435887451	0.165503894919974	0.025816292564603983	0.12429016555964752	0.010364820633632234	0.12899041904988004	0.19937406916337744	0.0196704644778764	0.13876800837715408	0.23600688136225875	0.010349227655406593	0.19831889854846108	0.021078919799069347	0.14888258837105753
23.73737373737374	0.08092687436806502	0.16550389489143275	0.025816292566427358	0.12429016554967244	0.010364820634594842	0.12899041914956572	0.19937406916430933	0.019670464478503166	0.1387680083629098	0.23600688135059233	0.010349227656333452	0.19831889854909196	0.021078919799455295	0.1488825884433932
24.242424242424242	0.08092687436875289	0.16550389488094588	0.0258162925667649	0.1242901655469032	0.0103648206347718	0.12899041918710658	0.1993740691644675	0.01967046447861558	0.13876800835544834	0.23600688134737768	0.010349227656503755	0.19831889854919715	0.0210789197995238	0.14888258845932809
24.747474747474747	0.08092687436944074	0.165503894870459	0.025816292567102442	0.12429016554413397	0.010364820634948759	0.12899041922464743	0.1993740691646257	0.019670464478727997	0.13876800834798686	0.23600688134416303	0.010349227656674058	0.19831889854930237	0.021078919799592304	0.14888258847526298
25.252525252525253	0.0809268743701286	0.1655038948599721	0.025816292567439985	0.12429016554136472	0.010364820635125716	0.12899041926218827	0.19937406916478387	0.01967046447884041	0.13876800834052538	0.23600688134094838	0.010349227656844361	0.19831889854940757	0.021078919799660804	0.14888258849119787
25.757575757575758	0.08092687437081646	0.16550389484948522	0.025816292567777527	0.1242901655385955	0.010364820635302674	0.12899041929972913	0.19937406916494205	0.019670464478952827	0.1387680083330639	0.2360068813377337	0.010349227657014664	0.19831889854951276	0.02107891979972931	0.14888258850713276
26.262626262626263	0.08092687437150431	0.16550389483899836	0.025816292568115067	0.12429016553582625	0.010364820635479633	0.12899041933726998	0.19937406916510023	0.019670464479065244	0.13876800832560243	0.23600688133451905	0.010349227657184967	0.19831889854961796	0.021078919799797813	0.14888258852306765
26.767676767676768	0.08092687437162166	0.16550389483719927	0.02581629256817128	0.12429016553535639	0.010364820635509092	0.12899041934373115	0.19937406916512646	0.019670464479083938	0.13876800832430722	0.23600688133397374	0.010349227657213318	0.1983188985496354	0.021078919799809196	0.1488825885257425
27.272727272727273	0.08092687437164199	0.16550389483687727	0.025816292568179657	0.12429016553527744	0.010364820635513472	0.12899041934490815	0.19937406916513026	0.019670464479086696	0.13876800832406033	0.23600688133388228	0.010349227657217533	0.1983188985496379	0.021078919799810872	0.1488825885261629
27.77777777777778	0.08092687437166232	0.16550389483655528	0.025816292568188036	0.12429016553519849	0.010364820635517852	0.12899041934608516	0.19937406916513406	0.019670464479089454	0.13876800832381347	0.2360068813337908	0.010349227657221747	0.19831889854964044	0.021078919799812544	0.14888258852658331
28.282828282828284	0.08092687437168265	0.16550389483623326	0.025816292568196415	0.12429016553511955	0.010364820635522232	0.12899041934726216	0.19937406916513786	0.019670464479092216	0.13876800832356662	0.23600688133369932	0.010349227657225962	0.19831889854964296	0.021078919799814216	0.14888258852700373
28.78787878787879	0.080926874371703	0.16550389483591127	0.025816292568204793	0.1242901655350406	0.010364820635526614	0.1289904193484392	0.19937406916514167	0.019670464479094974	0.13876800832331976	0.23600688133360787	0.010349227657230177	0.19831889854964546	0.021078919799815892	0.14888258852742414
29.292929292929294	0.08092687437172333	0.16550389483558928	0.025816292568213172	0.12429016553496165	0.010364820635530994	0.1289904193496162	0.19937406916514547	0.019670464479097736	0.1387680083230729	0.23600688133351638	0.010349227657234391	0.198318898549648	0.021078919799817564	0.14888258852784456
29.7979797979798	0.08092687437174366	0.16550389483526728	0.02581629256822155	0.12429016553488272	0.010364820635535375	0.1289904193507932	0.19937406916514927	0.019670464479100494	0.13876800832282604	0.2360068813334249	0.010349227657238606	0.1983188985496505	0.02107891979981924	0.14888258852826497
30.303030303030305	0.08092687437176399	0.1655038948349453	0.02581629256822993	0.12429016553480376	0.010364820635539757	0.1289904193519702	0.19937406916515307	0.019670464479103252	0.13876800832257916	0.23600688133333345	0.010349227657242822	0.19831889854965304	0.021078919799820912	0.14888258852868538
30.80808080808081	0.08092687437178434	0.1655038948346233	0.025816292568238308	0.12429016553472481	0.010364820635544137	0.1289904193531472	0.19937406916515688	0.019670464479106014	0.1387680083223323	0.23600688133324196	0.010349227657247035	0.19831889854965556	0.021078919799822585	0.1488825885291058
31.313131313131315	0.08092687437180467	0.1655038948343013	0.025816292568246687	0.12429016553464588	0.010364820635548517	0.12899041935432423	0.19937406916516068	0.019670464479108772	0.13876800832208544	0.23600688133315048	0.01034922765725125	0.1983188985496581	0.02107891979982426	0.1488825885295262
31.81818181818182	0.080926874371825	0.16550389483397931	0.025816292568255066	0.12429016553456693	0.010364820635552899	0.12899041935550123	0.19937406916516448	0.01967046447911153	0.13876800832183858	0.23600688133305903	0.010349227657255466	0.1983188985496606	0.021078919799825933	0.14888258852994662
32.323232323232325	0.08092687437184533	0.16550389483365732	0.025816292568263444	0.12429016553448799	0.010364820635557279	0.12899041935667824	0.19937406916516828	0.019670464479114292	0.13876800832159172	0.23600688133296754	0.01034922765725968	0.19831889854966311	0.02107891979982761	0.14888258853036704
32.82828282828283	0.08092687437186567	0.16550389483333533	0.025816292568271823	0.12429016553440904	0.01036482063556166	0.12899041935785524	0.19937406916517209	0.01967046447911705	0.13876800832134487	0.23600688133287606	0.010349227657263895	0.19831889854966564	0.02107891979982928	0.14888258853078745
33.333333333333336	0.080926874371886	0.16550389483301334	0.025816292568280202	0.12429016553433009	0.010364820635566041	0.12899041935903227	0.1993740691651759	0.01967046447911981	0.13876800832109798	0.2360068813327846	0.01034922765726811	0.19831889854966817	0.021078919799830953	0.14888258853120787
33.83838383838384	0.08092687437190633	0.16550389483269135	0.02581629256828858	0.12429016553425115	0.010364820635570421	0.12899041936020927	0.1993740691651797	0.01967046447912257	0.13876800832085112	0.23600688133269312	0.010349227657272324	0.1983188985496707	0.02107891979983263	0.14888258853162828
34.343434343434346	0.08092687437192667	0.16550389483236935	0.02581629256829696	0.1242901655341722	0.010364820635574801	0.12899041936138628	0.1993740691651835	0.01967046447912533	0.13876800832060426	0.23600688133260164	0.01034922765727654	0.1983188985496732	0.0210789197998343	0.1488825885320487
34.84848484848485	0.08092687437194701	0.16550389483204733	0.025816292568305338	0.12429016553409325	0.010364820635579183	0.12899041936256328	0.1993740691651873	0.019670464479128087	0.1387680083203574	0.23600688133251016	0.010349227657280755	0.19831889854967572	0.021078919799835977	0.1488825885324691
35.35353535353536	0.08092687437196734	0.16550389483172534	0.025816292568313717	0.12429016553401431	0.010364820635583563	0.12899041936374028	0.1993740691651911	0.019670464479130848	0.13876800832011055	0.2360068813324187	0.010349227657284969	0.19831889854967824	0.02107891979983765	0.14888258853288952
35.85858585858586	0.08092687437198767	0.16550389483140335	0.025816292568322095	0.12429016553393536	0.010364820635587944	0.1289904193649173	0.1993740691651949	0.019670464479133606	0.1387680083198637	0.23600688133232722	0.010349227657289184	0.19831889854968077	0.02107891979983932	0.14888258853330993
36.36363636363637	0.080926874372008	0.16550389483108136	0.025816292568330474	0.12429016553385641	0.010364820635592324	0.12899041936609432	0.1993740691651987	0.019670464479136365	0.1387680083196168	0.23600688133223574	0.0103492276572934	0.1983188985496833	0.021078919799840997	0.14888258853373035
36.86868686868687	0.08092687437202835	0.16550389483075936	0.025816292568338853	0.12429016553377747	0.010364820635596706	0.12899041936727132	0.1993740691652025	0.019670464479139126	0.13876800831936995	0.23600688133214429	0.010349227657297613	0.19831889854968582	0.02107891979984267	0.14888258853415076
37.37373737373738	0.08092687437204868	0.16550389483043737	0.02581629256834723	0.12429016553369852	0.010364820635601086	0.12899041936844832	0.1993740691652063	0.019670464479141885	0.1387680083191231	0.2360068813320528	0.010349227657301828	0.19831889854968832	0.02107891979984434	0.14888258853457115
37.87878787878788	0.08092687437206901	0.16550389483011538	0.02581629256835561	0.12429016553361957	0.010364820635605466	0.12899041936962533	0.1993740691652101	0.019670464479144643	0.13876800831887623	0.23600688133196132	0.010349227657306042	0.19831889854969084	0.021078919799846017	0.14888258853499156
38.38383838383839	0.08092687437208934	0.16550389482979339	0.02581629256836399	0.12429016553354064	0.010364820635609848	0.12899041937080236	0.1993740691652139	0.019670464479147404	0.13876800831862937	0.23600688133186987	0.010349227657310257	0.19831889854969337	0.02107891979984769	0.14888258853541197
38.88888888888889	0.08092687437210969	0.1655038948294714	0.025816292568372368	0.12429016553346169	0.010364820635614228	0.12899041937197936	0.19937406916521772	0.019670464479150163	0.1387680083183825	0.23600688133177838	0.010349227657314473	0.1983188985496959	0.021078919799849365	0.1488825885358324
39.3939393939394	0.08092687437213002	0.1655038948291494	0.025816292568380746	0.12429016553338275	0.010364820635618608	0.12899041937315636	0.19937406916522152	0.01967046447915292	0.13876800831813563	0.2360068813316869	0.010349227657318686	0.19831889854969842	0.021078919799851038	0.1488825885362528
39.8989898989899	0.08092687437215035	0.1655038948288274	0.025816292568389125	0.1242901655333038	0.01036482063562299	0.12899041937433336	0.19937406916522532	0.019670464479155682	0.13876800831788877	0.23600688133159545	0.010349227657322902	0.19831889854970092	0.02107891979985271	0.14888258853667322
40.40404040404041	0.08092687437217068	0.16550389482850542	0.025816292568397504	0.12429016553322485	0.01036482063562737	0.12899041937551037	0.19937406916522915	0.01967046447915844	0.1387680083176419	0.23600688133150396	0.010349227657327117	0.19831889854970344	0.021078919799854386	0.14888258853709363
40.909090909090914	0.08092687437219102	0.1655038948281834	0.025816292568405882	0.12429016553314591	0.01036482063563175	0.1289904193766874	0.19937406916523295	0.019670464479161202	0.13876800831739505	0.23600688133141248	0.01034922765733133	0.19831889854970597	0.021078919799856058	0.14888258853751404
41.41414141414142	0.08092687437221135	0.1655038948278614	0.02581629256841426	0.12429016553306696	0.010364820635636133	0.1289904193778644	0.19937406916523676	0.01967046447916396	0.1387680083171482	0.23600688133132103	0.010349227657335546	0.1983188985497085	0.021078919799857734	0.14888258853793446
41.919191919191924	0.08092687437223169	0.1655038948275394	0.02581629256842264	0.12429016553298801	0.010364820635640513	0.1289904193790414	0.19937406916524056	0.01967046447916672	0.13876800831690134	0.23600688133122955	0.010349227657339762	0.19831889854971102	0.021078919799859406	0.14888258853835487
42.42424242424243	0.08092687437225202	0.16550389482721742	0.02581629256843102	0.12429016553290907	0.010364820635644893	0.1289904193802184	0.19937406916524436	0.01967046447916948	0.13876800831665445	0.23600688133113806	0.010349227657343975	0.19831889854971355	0.021078919799861078	0.14888258853877528
42.929292929292934	0.08092687437227236	0.16550389482689543	0.025816292568439397	0.12429016553283012	0.010364820635649273	0.12899041938139544	0.19937406916524816	0.01967046447917224	0.1387680083164076	0.2360068813310466	0.01034922765734819	0.19831889854971604	0.021078919799862754	0.1488825885391957
43.43434343434344	0.08092687437229269	0.16550389482657343	0.025816292568447776	0.12429016553275117	0.010364820635653655	0.12899041938257244	0.19937406916525197	0.019670464479174997	0.13876800831616073	0.23600688133095513	0.010349227657352406	0.19831889854971857	0.021078919799864426	0.1488825885396161
43.939393939393945	0.08092687437231302	0.16550389482625144	0.025816292568456155	0.12429016553267223	0.010364820635658035	0.12899041938374944	0.19937406916525577	0.01967046447917776	0.13876800831591388	0.23600688133086364	0.01034922765735662	0.1983188985497211	0.021078919799866102	0.14888258854003653
44.44444444444445	0.08092687437233335	0.16550389482592945	0.025816292568464533	0.12429016553259328	0.010364820635662415	0.12899041938492645	0.19937406916525957	0.019670464479180517	0.13876800831566702	0.2360068813307722	0.010349227657360835	0.19831889854972362	0.021078919799867774	0.14888258854045694
44.949494949494955	0.0809268743723537	0.16550389482560746	0.025816292568472912	0.12429016553251433	0.010364820635666797	0.12899041938610345	0.19937406916526337	0.019670464479183275	0.13876800831542016	0.2360068813306807	0.01034922765736505	0.19831889854972615	0.021078919799869446	0.14888258854087735
45.45454545454546	0.08092687437237403	0.16550389482528546	0.02581629256848129	0.1242901655324354	0.010364820635671177	0.12899041938728048	0.19937406916526718	0.019670464479186037	0.13876800831517327	0.23600688133058922	0.010349227657369264	0.19831889854972867	0.021078919799871122	0.14888258854129777
45.959595959595966	0.08092687437239436	0.16550389482496347	0.02581629256848967	0.12429016553235644	0.010364820635675558	0.12899041938845748	0.19937406916527098	0.019670464479188795	0.13876800831492642	0.23600688133049777	0.01034922765737348	0.19831889854973117	0.021078919799872795	0.14888258854171818
46.46464646464647	0.08092687437241469	0.16550389482464148	0.02581629256849805	0.12429016553227751	0.01036482063567994	0.1289904193896345	0.19937406916527478	0.019670464479191553	0.13876800831467956	0.2360068813304063	0.010349227657377695	0.1983188985497337	0.02107891979987447	0.1488825885421386
46.969696969696976	0.08092687437243504	0.1655038948243195	0.025816292568506427	0.12429016553219856	0.01036482063568432	0.1289904193908115	0.19937406916527858	0.019670464479194315	0.1387680083144327	0.2360068813303148	0.010349227657381908	0.19831889854973622	0.021078919799876143	0.148882588542559
47.47474747474748	0.08092687437245537	0.16550389482399747	0.025816292568514806	0.1242901655321196	0.0103648206356887	0.1289904193919885	0.19937406916528239	0.019670464479197073	0.13876800831418584	0.23600688133022335	0.010349227657386124	0.19831889854973875	0.021078919799877815	0.14888258854297942
47.979797979797986	0.0809268743724757	0.16550389482367547	0.025816292568523184	0.12429016553204067	0.010364820635693082	0.12899041939316552	0.1993740691652862	0.01967046447919983	0.13876800831393898	0.23600688133013187	0.010349227657390339	0.19831889854974127	0.02107891979987949	0.14888258854339984
48.484848484848484	0.08092687437249603	0.16550389482335348	0.025816292568531563	0.12429016553196172	0.010364820635697462	0.12899041939434253	0.19937406916529	0.019670464479202593	0.1387680083136921	0.23600688133004039	0.010349227657394553	0.19831889854974377	0.021078919799881163	0.14888258854382025
48.98989898989899	0.08092687437251637	0.1655038948230315	0.025816292568539942	0.12429016553188277	0.010364820635701842	0.12899041939551953	0.1993740691652938	0.01967046447920535	0.13876800831344524	0.23600688132994893	0.010349227657398768	0.1983188985497463	0.02107891979988284	0.14888258854424066
49.494949494949495	0.0809268743725367	0.1655038948227095	0.02581629256854832	0.12429016553180383	0.010364820635706222	0.12899041939669653	0.1993740691652976	0.01967046447920811	0.13876800831319838	0.23600688132985745	0.010349227657402984	0.19831889854974882	0.02107891979988451	0.14888258854466108
50.0	0.08092687437255704	0.1655038948223875	0.0258162925685567	0.12429016553172488	0.010364820635710604	0.12899041939787353	0.1993740691653014	0.01967046447921087	0.13876800831295152	0.23600688132976597	0.010349227657407197	0.19831889854975135	0.021078919799886183	0.1488825885450815
