NON $ % + - . 0 1 2 3 4 5 6 7 8 9 : ; < > ? @ A
#NON	b	c	l	n	g	m	i	v	r	s	o	h	d	e	u	t	q	j	k	f	p	a
0.0	0.8991285790720775	0.5652758105122239	0.11276586288207668	0.6270519489625557	0.29565950761542037	0.7173191256297495	0.5461217334021394	0.801061397458678	0.22515459177380903	0.7761819581948972	0.15619020527880567	0.3319182171241706	0.35172584035459276	0.723608561202698	0.2409224708390576	0.0041005163347649365	0.6966121969128485	0.8887296920325893	0.6251086266391029	0.4134593998857571	0.6098409294447359	0.9149808845628328
0.5050505050505051	0.3143092432514405	0.32090703407349536	0.2046263304726916	0.3612950263246673	0.23552499405439775	0.38598719258298786	0.30810921866888946	0.3391441648301067	0.27482534743212134	0.45227388925564466	0.06116777895159911	0.24657260905601708	0.2721356186861766	0.4499045395506278	0.2679753131749009	0.016047253997593203	0.3182738945656409	0.5382742581351944	0.4318643685194915	0.1967261897893485	0.20721255719916531	0.4483824809861946
1.0101010101010102	0.1489665202927868	0.23308684421647285	0.2101747617919232	0.23189941245533724	0.20121762390730308	0.22799862916215013	0.17672579323177606	0.1880070403149089	0.249128503541452	0.34932469365306446	0.05025820610298189	0.20838212448420154	0.24362954358186656	0.3196641767880079	0.25323579952395725	0.0316098546347658	0.18680469493205992	0.3260051771444457	0.32389169216295927	0.11024037877979845	0.1239475546755986	0.2339497644986648
1.5151515151515151	0.1103657047506622	0.1959267160693956	0.19490550140455512	0.171655686030775	0.17959194703622677	0.15583408087234887	0.10296772382600847	0.14779896921353106	0.21576148376365373	0.311133654349045	0.058655922495176406	0.1886095917259829	0.2291286988394176	0.2514373821318802	0.22996144289120424	0.046571822920587744	0.14868668890570752	0.19749472625442147	0.2610251028062047	0.06855417105246374	0.1194517449263509	0.13833973976149785
2.0202020202020203	0.10740527076113267	0.17763641550048564	0.18004029121512855	0.14546436663939724	0.1657661748187824	0.12497819027936181	0.06143300637447037	0.14410677198808902	0.19188136894631624	0.29407830124358264	0.06905651365002397	0.17751021163679026	0.22054327228604717	0.21497723033353616	0.21069547471487723	0.05892955400083207	0.14335608396134328	0.12011114070623843	0.2246536871781272	0.04608402693817621	0.13045248090128217	0.09764676290552111
2.5252525252525255	0.11263301727261373	0.16809283866498936	0.17047652088826207	0.1354499356377659	0.15740924010096427	0.11331046399580222	0.0381237871375749	0.150370136648925	0.17847882020753827	0.28570398167460087	0.07748717754796369	0.17143588347291303	0.2157714596483852	0.1964303061597198	0.19826896527087584	0.06830479134100412	0.1478631209391995	0.07381912349529819	0.2045721973818091	0.03345155936145506	0.141579460129136	0.08167679096351722
3.0303030303030303	0.11834071518708203	0.1633877637071455	0.16561125426800052	0.13270336559001025	0.15290039058772953	0.11008080285397781	0.02503111964413919	0.1577533831628628	0.17232283007786503	0.2818562122259266	0.08355077413940173	0.16856193383143814	0.21367293655305913	0.18790305834355023	0.19156258892128258	0.07504346121501143	0.15403778924013117	0.04623507940209065	0.19427250591149092	0.026142312525422786	0.14995389011601917	0.07639244256052558
3.5353535353535355	0.12276614308441633	0.16146628731651763	0.16369769038730722	0.1329092926783485	0.15088937541880995	0.11021372301641987	0.01759430149887113	0.16376618681353436	0.17020128964898573	0.2805617610207377	0.08767879383786398	0.16765126730215307	0.21324605559770882	0.18461507386980056	0.18856157901846932	0.07970033731518496	0.15933437364371708	0.029795943714580254	0.18950197094183513	0.021721626711062446	0.15569055348064278	0.07541121281846022
4.040404040404041	0.1258266679267838	0.16104023236281287	0.16330341381644667	0.1340733754227007	0.15031863970601472	0.1114212495811108	0.013283239990680474	0.16806650203079107	0.16997522708582363	0.2806060888226635	0.0903949879769001	0.16780900235071564	0.2136854194141579	0.18381197942736452	0.18759461689922766	0.08281886328952016	0.16324593650752867	0.019964627343511576	0.18763086580165642	0.018911524990647934	0.1594475810006713	0.07593372643811788
4.545454545454546	0.12782773576761663	0.16130938893540261	0.16355138519815526	0.13534659787316222	0.15046168509240818	0.11275239447828327	0.01072130736523154	0.1709430422884681	0.17046969022969596	0.2812297305485565	0.09213728814503948	0.16843851141422436	0.21445321309270277	0.18403186834244328	0.18758489186249755	0.08485276543840238	0.1659270324824436	0.014052784231521927	0.1871493981039512	0.017057299256251404	0.16183983516693395	0.07680640950931107
5.050505050505051	0.1290920740706188	0.1618198868804102	0.1639883559831391	0.13642217026249365	0.15088137479169	0.11387211515218605	0.009160618325605696	0.17278852991728724	0.17112552936901226	0.28200361706203625	0.0932316487221272	0.16918863030766487	0.2152492498104827	0.1845671577495864	0.18793625205286396	0.08614944293861379	0.16768293741007173	0.010474669034854797	0.18725331271770865	0.015809530324849403	0.16333116652680343	0.07760748448850836
5.555555555555556	0.12987162405409422	0.16234534835429926	0.16441411187619856	0.13723282639648415	0.1513479583403717	0.11471033463613323	0.008188815383488758	0.17393795475159995	0.1717168591122788	0.28272054299180877	0.09390650945304377	0.1698828054320443	0.21593790091220846	0.18511316540953937	0.18835888982517518	0.08695972262579131	0.16879704272498125	0.008293907616291344	0.18754720802076483	0.01496424516444322	0.16424438358095322	0.07822296842031824
6.0606060606060606	0.13034283831219726	0.1627929132651556	0.1647593315476272	0.13780456451214065	0.15176000881779347	0.11529715116609096	0.0075727443518387805	0.1746373349029363	0.17217774295254035	0.2833042181890565	0.09431571356589336	0.17045267713864637	0.21647916256117047	0.18556294577384616	0.18873330029592164	0.08745695068487705	0.16948687880233904	0.006955260077131525	0.18785597575114782	0.014391589341918457	0.16479452708433603	0.07865575811159072
6.565656565656566	0.13062264631026496	0.1631391690706665	0.1650142684575557	0.13819009043015842	0.1520860296937183	0.11568990830402648	0.007176648407071141	0.1750543817242589	0.172509654017113	0.2837453732627296	0.09455983642838538	0.17088820617244896	0.21687991687741343	0.18589753990310556	0.18902465810764674	0.08775691366888853	0.16990532665665944	0.006127587279221109	0.18811496109176584	0.014004473348538438	0.16512071584459173	0.0789438670311672
7.070707070707071	0.13078591824972793	0.1633917765653721	0.16519187768776633	0.13844145306112646	0.15232767613997453	0.1159441238483872	0.006919206010619701	0.17529837953912378	0.1727367830761846	0.2840631312740805	0.09470309534436923	0.17120562786723592	0.21716494465769767	0.18613158831211501	0.18923515044271713	0.08793486406934446	0.17015443770085698	0.005612149678091951	0.18831029755950132	0.013743360599344211	0.16531097060383562	0.07912837930097888
7.575757575757576	0.13087944159542858	0.16356894337545125	0.1653106295393827	0.13860091785750153	0.15249920184060467	0.11610425950425576	0.006750470708017249	0.17543837105855814	0.17288655954006948	0.2842845103947174	0.09478569621303577	0.17142938851497733	0.21736201998333674	0.1862884731223126	0.18937984003574768	0.08803861920678024	0.17030002498553323	0.005288854161910188	0.18844847872714846	0.013567481453724441	0.16541997225002064	0.07924300640846525
8.080808080808081	0.13093189582129203	0.16368977492204323	0.16538754715384346	0.13869969380132982	0.1526173018747133	0.1162027714738379	0.006639144353283369	0.17551696590922167	0.17298247657804708	0.28443510040926806	0.0948323823853742	0.17158337327032755	0.21749554772339172	0.18639027016558643	0.18947569592794097	0.08809798160119452	0.17038346211511643	0.005084641993217683	0.18854198130821836	0.013449060077569209	0.16548114488126162	0.07931237991086124
8.585858585858587	0.1309605705151567	0.16377050528192813	0.16543606529960148	0.13875952375431605	0.15269682233111248	0.11626204371353532	0.006565301993712024	0.17555995772709387	0.17304238398934493	0.2845357502400382	0.09485814482071117	0.1716874842606725	0.21758468889489208	0.18645456910481073	0.18953734489708585	0.08813121018284141	0.1704302290309106	0.004954756198175171	0.18860313909252263	0.013369290609043124	0.16551461622565455	0.07935334589684863
9.090909090909092	0.1309757282467456	0.16382361985418614	0.1654659520694012	0.13879495923905819	0.15274948144335992	0.11629691931915298	0.006516105983022499	0.1755826941912582	0.17307895142652424	0.28460215700306385	0.09487193104467728	0.1717569713584969	0.21764357965007075	0.18649422175628136	0.18957599370822414	0.08814931463269832	0.17045574005177597	0.00487159000215985	0.1886420331693073	0.01331550550677499	0.16553233225487665	0.07937693482085431
9.595959595959597	0.13098336684733317	0.1638581557157748	0.16548394824091361	0.13881544639361232	0.15278391297216662	0.11631695189676143	0.0064832062631248995	0.1755941579183854	0.1731007746758346	0.28464554724013513	0.09487900094641498	0.17180291182143553	0.21768218336539835	0.18651812308929935	0.1895996596807334	0.08815883247434789	0.1704691682091994	0.004817992613701835	0.18866615897132524	0.013279190059981663	0.16554127615623962	0.07939014078198293
10.101010101010102	0.13098693319169452	0.16388041071132173	0.16549453317836813	0.13882696363210345	0.15280620948610235	0.11632813943641496	0.006461134081470599	0.17559951474540134	0.17311349137326165	0.28467369828345074	0.09488239686650239	0.1718330797297119	0.2177073571036533	0.18653219567340137	0.18961381771534497	0.08816358307432076	0.17047588088019006	0.0047832400345485205	0.18868077184996043	0.013254633605217506	0.16554546397588646	0.07939728296552256
10.606060606060607	0.13098837602732277	0.16389466054394997	0.16550060403026548	0.1388332206950673	0.1528205482002898	0.11633417559017117	0.006446279541801335	0.17560168633840356	0.17312070912104982	0.28469187741334734	0.09488385119457671	0.17185280557062654	0.2177237230184425	0.18654027564975917	0.18962208724644106	0.08816576528514529	0.17047897173486176	0.0047605663388441445	0.18868941515087126	0.01323799765823232	0.16554716804434877	0.07940097438494953
11.111111111111112	0.13098876362415088	0.1639037368480987	0.16550397854255425	0.13883645805288738	0.1528297175709095	0.11633727449761902	0.006436260571703891	0.1756022745194139	0.17312467020281713	0.28470357451521616	0.09488432182915893	0.17186566322288505	0.21773433963385205	0.18654477275208464	0.18962678275751196	0.08816661060975473	0.17048017515403338	0.0047456995398441285	0.18869439146604183	0.013226713174296927	0.16554763531286135	0.07940275098905188
11.616161616161618	0.13098867402935255	0.1639095001097003	0.1655057825609249	0.13883801581529448	0.1528355612062659	0.11633875136233685	0.006429486174686291	0.1756021460776158	0.1731267520671458	0.28471108908626797	0.09488433248330269	0.17187403420086342	0.217741224559785	0.1865471809146342	0.18962936117013565	0.0881668025745627	0.1704804546156011	0.004735897936120997	0.1886971692660215	0.013219046141379767	0.16554754133287475	0.07940350640756076
12.121212121212121	0.13098840240931858	0.16391315209152832	0.16550669413148933	0.1388386708192219	0.15283927699233488	0.11633936295238478	0.006424896797900813	0.1756017436855768	0.17312777720515932	0.28471591317396033	0.0948841546454376	0.17187948265064903	0.21774569057085666	0.18654840074169546	0.1896307144675501	0.08816670322158582	0.17048032098686675	0.004729406729347496	0.18869865909126596	0.013213829107288657	0.1655472316381863	0.07940374208951868
12.626262626262626	0.1309880923137374	0.16391546333136658	0.16550711281063507	0.13883886328391074	0.15284163615861707	0.11633953507379018	0.006421783509263565	0.17560128264330183	0.17312822633787592	0.2847190106157651	0.09488392325626542	0.17188303032069138	0.21774859126456592	0.1865489633936057	0.1896313763898219	0.08816649790487097	0.1704800361048105	0.004725091738911588	0.1886994119327162	0.013210277569727025	0.1655468746931409	0.07940373209290574
13.131313131313131	0.13098780942786797	0.1639169298302402	0.16550727316243177	0.13883884091423673	0.152843137051801	0.11633950572322656	0.0064196656427838285	0.17560086152128684	0.17312837927639294	0.28472100683109786	0.0948837022901323	0.17188534786435442	0.21775048479456785	0.18654918097648898	0.18963166503815596	0.08816627858618858	0.17047973009401127	0.004722206825078198	0.1886997596592001	0.013207855108404923	0.16554654789103554	0.07940362449183799
13.636363636363637	0.13098757344097223	0.16391785455592475	0.16550730284039156	0.13883872927733992	0.15284408699298305	0.11633939430083187	0.006418227307372023	0.1756005101147108	0.1731283863505233	0.2847222861760772	0.09488351338814478	0.17188685648485746	0.2177517116084334	0.18654922357595638	0.18963175738686427	0.08816608099315675	0.1704794537375727	0.004720278627667503	0.18869988969699766	0.013206203556062166	0.16554627463359906	0.07940348916774544
14.141414141414142	0.1309873881722744	0.16391844231852143	0.16550727571692164	0.13883859655391995	0.1528446927366807	0.11633926507785144	0.006417247030330651	0.17560023425195742	0.17312833365257474	0.2847231129892514	0.09488336290808272	0.1718878459700491	0.21775251147928015	0.18654918971073756	0.18963175773590873	0.08816591903542259	0.1704792269265158	0.004718982059229669	0.18869991376105075	0.013205075579113915	0.16554605972532366	0.07940336121787671
14.646464646464647	0.13098724857350827	0.16391882108263217	0.16550722859973288	0.13883847264174504	0.15284508263701346	0.11633914575160617	0.006416577860027697	0.17560002619397297	0.17312826298919776	0.28472365584960546	0.09488324845817452	0.17188850071060366	0.21775304858085517	0.18654912858823197	0.18963171992452174	0.08816579329337355	0.17047905068317776	0.004718106994682611	0.1886998906936067	0.01320430591336832	0.1655458978037582	0.07940325335152817
15.151515151515152	0.13098714530892266	0.16391906346584026	0.16550717909185209	0.13883836786077822	0.15284533269765577	0.11633904556730837	0.0064161204593628585	0.1755998722023374	0.17312819366482793	0.2847240093138617	0.09488316328571081	0.17188893228713656	0.21775340733102067	0.18654906382174097	0.189631670953435	0.08816569833474105	0.17047891751529534	0.004717514910886113	0.1886998508212172	0.013203777818727945	0.16554577811634758	0.079403167454105
15.656565656565657	0.13098706944425542	0.1639192169211887	0.16550713459653246	0.1388382836438142	0.15284549260774732	0.11633896547991791	0.006415807641293646	0.1755997593032623	0.1731281335555818	0.28472423636604266	0.09488310030558751	0.1718892163877558	0.21775363284036625	0.18654900537780197	0.18963162307437223	0.08816562775910809	0.1704788185027984	0.004717113754622683	0.18869980848218512	0.013203415269383928	0.16554568986982798	0.07940310117326349
16.161616161616163	0.1309870151228625	0.1639193170072419	0.16550709768859823	0.1388382188090556	0.1528455965998491	0.11633890407159896	0.0064155939650136365	0.1755996784087054	0.1731280846644226	0.2847243872830303	0.09488305501278169	0.17188940608305875	0.2177537854213784	0.18654895679283318	0.18963158156863238	0.08816557654441298	0.1704787466267705	0.004716841920622707	0.1886997703117455	0.013203168004705931	0.16554562668258857	0.07940305162555122
16.666666666666668	0.13098697652241317	0.1639193818639431	0.16550706871250526	0.13883817027121767	0.15284566414172063	0.11633885826767654	0.006415447736389554	0.17559962092338507	0.1731280467422227	0.284724486686835	0.09488302274105566	0.17188953244183397	0.21775388769780954	0.18654891859727	0.18963154809258803	0.08816553982992016	0.17047869508841895	0.004716657122659117	0.18869973882322547	0.013202998522999426	0.1655455817916577	0.07940301534171544
17.171717171717173	0.13098694891731158	0.16391942477338972	0.16550704631455584	0.13883813405462128	0.152845708850335	0.11633882419341529	0.0064153462859451085	0.17559957980341367	0.17312801768070413	0.2847245535298238	0.09488299960650509	0.17188961811326606	0.2177539575059102	0.18654888904464026	0.18963152173161327	0.08816551337137088	0.17047865793951406	0.004716529671392588	0.18869971365224272	0.013202880849580009	0.165545549693417	0.0794029887371166
17.67676767676768	0.1309869300167382	0.16391945138826267	0.16550702958834862	0.13883810800741467	0.15284573657254963	0.11633879977044112	0.006415279294834496	0.17559955163443405	0.17312799616381194	0.28472459595913946	0.094882983726865	0.17188967302183944	0.21775400305554168	0.1865488669542851	0.18963150167806817	0.08816549508314878	0.17047863225598436	0.0047164461511151595	0.18869969422258667	0.013202803075947726	0.1655455277345455	0.07940296997533196
18.181818181818183	0.13098691703920948	0.16391946857232026	0.16550701743307436	0.13883808951654933	0.1528457544146606	0.1163387824775713	0.0064152342029767905	0.1755995322719904	0.17312798059400164	0.2847246238644987	0.09488297281822974	0.17188970923352972	0.21775403436925572	0.18654885089216913	0.1896314869486587	0.08816548243512481	0.17047861449058785	0.0047163902293509185	0.18869967983002767	0.013202750703966707	0.16554551269475343	0.07940295682956958
18.68686868686869	0.13098690808624844	0.16391948047126811	0.1655070088684905	0.13883807659328506	0.15284576669194902	0.11633877041552088	0.006415202898199312	0.17559951889001466	0.1731279696177385	0.28472464331304004	0.09488296531896832	0.17188973427775878	0.2177540580249653	0.18654883957357282	0.18963147653712667	0.08816547367700313	0.17047860218837887	0.0047163514405823195	0.18869966962472992	0.013202714352743835	0.16554550238207974	0.07940294769349691
19.191919191919194	0.13098690182864994	0.16391948862900918	0.16550700327804238	0.13883806793485562	0.15284577548122666	0.11633876235397919	0.006415180763076113	0.17559950964648913	0.17312796252213547	0.2847246562586167	0.09488296000485363	0.1718897519932628	0.21775406838709224	0.18654883218346785	0.18963146974300654	0.0881654677012954	0.17047859379677457	0.004716323865299548	0.18869966297870727	0.013202688580576962	0.16554549496842966	0.07940294154897348
19.6969696969697	0.1309868974658889	0.16391949433114794	0.16550699929775448	0.13883806182123118	0.15284578157481063	0.1163387566668549	0.00641516531200286	0.17559950318803924	0.17312795746445053	0.2847246653739841	0.09488295631068892	0.17188976433265726	0.21775407656128457	0.1865488269216064	0.18963146489553184	0.08816546351517307	0.17047858791790768	0.004716304644777303	0.18869965822650642	0.013202670601076922	0.16554548982903297	0.07940293722732815
20.202020202020204	0.13098689421845858	0.16391949855412657	0.16550699625691523	0.13883805719814357	0.15284578604614563	0.11633875236886665	0.00641515384432793	0.17559949836851324	0.17312795359650027	0.2847246721902117	0.09488295356836536	0.17188977345327922	0.21775408331587914	0.18654882290141844	0.18963146118297272	0.08816546038032809	0.1704785835150635	0.0047162904092098576	0.18869965457809412	0.013202657263594977	0.16554548602662708	0.07940293397338855
20.70707070707071	0.13098689194951604	0.16391950144824835	0.16550699406949418	0.13883805391058013	0.15284578909087898	0.11633874931548291	0.0064151458859025646	0.17559949499533026	0.17312795081552304	0.2847246769124118	0.09488295165409343	0.17188977973400785	0.2177540882431152	0.18654882000904857	0.18963145850221333	0.08816545817816221	0.17047858042187766	0.004716280557130343	0.18869965193518115	0.013202648009784757	0.16554548337939476	0.07940293167268789
21.212121212121215	0.13098689039006067	0.1639195033889683	0.1655069925189471	0.13883805160803298	0.15284579112001234	0.11633874717940784	0.006415140459580708	0.17559949267320593	0.1731279488459871	0.28472468011757796	0.09488295033922775	0.17188978397631344	0.2177540917454993	0.18654881795842307	0.18963145659403685	0.08816545665628535	0.17047857828403049	0.0047162738606664565	0.18869965004747852	0.01320264170133641	0.1655454815658328	0.07940293007152098
21.71717171717172	0.13098688928218769	0.1639195047365531	0.16550699139947594	0.13883804995613158	0.1528457925290223	0.11633874564837805	0.006415136627563613	0.1755994910234599	0.17312794742611343	0.2847246823578563	0.09488294940449579	0.17188978695004456	0.21775409420224828	0.18654881647767052	0.18963145521230804	0.08816545557318685	0.17047857676248468	0.004716269140699503	0.18869964867754332	0.013202637245570713	0.16554548027732807	0.07940292892754616
22.222222222222225	0.13098688812593093	0.16391950612730521	0.1655069902143169	0.1388380482167286	0.15284579397773446	0.11633874403694015	0.006415132643810452	0.17559948930010805	0.1731279459232569	0.2847246846843453	0.09488294842935978	0.17188979002804824	0.2177540968185251	0.186548814909921	0.1896314537470448	0.08816545443958246	0.17047857516991405	0.0047162642413327615	0.18869964722275823	0.013202632613961584	0.1655454789350071	0.07940292772627597
22.72727272727273	0.13098688805681924	0.16391950614480041	0.16550699010063757	0.13883804807409292	0.15284579399297937	0.11633874390807672	0.0064151324537194505	0.1755994891961989	0.17312794578319537	0.2847246847500005	0.09488294837021077	0.17188979012573108	0.21775409694772	0.1865488147590509	0.18963145359761166	0.08816545436660539	0.1704785750672229	0.004716264028560787	0.18869964706764764	0.013202632391772324	0.16554547885596543	0.07940292763856058
23.232323232323235	0.13098688799422825	0.16391950616113643	0.16550698999809874	0.13883804794529397	0.15284579400745046	0.11633874379172485	0.006415132280901983	0.1755994891021379	0.17312794565687226	0.28472468480988733	0.09488294831663467	0.17188979021505624	0.21775409706355342	0.18654881462296619	0.18963145346283852	0.08816545430060493	0.17047857497435087	0.004716263834853931	0.18869964692776683	0.013202632189762023	0.1655454787843184	0.07940292755932218
23.73737373737374	0.13098688796655897	0.1639195061712644	0.16550698995522276	0.13883804789059762	0.15284579401777748	0.11633874374237875	0.006415132200592998	0.17559948906081874	0.17312794560412514	0.2847246848388815	0.09488294829290417	0.17188979025962212	0.21775409710782934	0.18654881456606448	0.1896314534065771	0.08816545427196783	0.17047857493406537	0.004716263743250401	0.18869964686944932	0.013202632095820238	0.16554547875227343	0.07940292752548248
24.242424242424242	0.13098688793888966	0.16391950618139242	0.16550698991234675	0.13883804783590128	0.1528457940281045	0.11633874369303265	0.006415132120284013	0.17559948901949957	0.17312794555137806	0.28472468486787567	0.09488294826917365	0.17188979030418802	0.21775409715210522	0.18654881450916277	0.18963145335031567	0.08816545424333071	0.17047857489377988	0.004716263651646873	0.1886996468111318	0.013202632001878453	0.16554547872022843	0.07940292749164277
24.747474747474747	0.13098688791122037	0.16391950619152043	0.16550698986947077	0.13883804778120495	0.15284579403843152	0.11633874364368656	0.006415132039975029	0.17559948897818042	0.17312794549863098	0.2847246848968698	0.09488294824544313	0.1718897903487539	0.21775409719638114	0.18654881445226107	0.18963145329405423	0.0881654542146936	0.17047857485349438	0.004716263560043344	0.18869964675281428	0.013202631907936668	0.16554547868818345	0.07940292745780306
25.252525252525253	0.13098688789200044	0.16391950619930112	0.16550698984012663	0.13883804774360836	0.15284579404645648	0.11633874360977066	0.006415131983378164	0.17559948894950267	0.1731279454625211	0.2847246849178377	0.0948829482289646	0.17188979038082872	0.21775409722709987	0.18654881441331966	0.18963145325558647	0.08816545419487651	0.17047857482561846	0.004716263495195415	0.18869964671296563	0.01320263184174423	0.16554547866589375	0.079402927434491
25.757575757575758	0.1309868878808743	0.16391950620483334	0.1655069898237448	0.13883804772239172	0.15284579405227622	0.11633874359063551	0.006415131949495347	0.17559948893293423	0.17312794544234827	0.2847246849311172	0.09488294821943279	0.1718897904009382	0.2177540972448321	0.1865488143915826	0.18963145323416344	0.08816545418350821	0.17047857480962977	0.0047162634559769125	0.18869964669080846	0.013202631802133134	0.1655454786529488	0.07940292742126348
26.262626262626263	0.1309868878697481	0.16391950621036555	0.16550698980736295	0.13883804770117505	0.15284579405809598	0.11633874357150036	0.0064151319156125295	0.17559948891636576	0.17312794542217544	0.2847246849443967	0.09488294820990097	0.1718897904210477	0.21775409726256437	0.18654881436984555	0.1896314532127404	0.08816545417213992	0.1704785747936411	0.00471626341675841	0.1886996466686513	0.01320263176252204	0.16554547864000385	0.07940292740803598
26.767676767676768	0.13098688785862192	0.16391950621589776	0.1655069897909811	0.13883804767995842	0.1528457940639157	0.1163387435523652	0.006415131881729713	0.17559948889979732	0.1731279454020026	0.28472468495767617	0.09488294820036915	0.1718897904411572	0.2177540972802966	0.1865488143481085	0.18963145319131733	0.08816545416077161	0.1704785747776524	0.004716263377539907	0.18869964664649413	0.013202631722910946	0.1655454786270589	0.07940292739480846
27.272727272727273	0.13098688785649287	0.16391950621707158	0.16550698978790693	0.13883804767595306	0.15284579406515195	0.11633874354875154	0.00641513187513989	0.17559948889662802	0.17312794539821344	0.2847246849603538	0.09488294819854688	0.17188979044516411	0.21775409728377237	0.1865488143440298	0.18963145318730473	0.08816545415860427	0.17047857477460446	0.004716263369874625	0.1886996466423491	0.013202631715210376	0.16554547862458063	0.07940292739230156
27.77777777777778	0.1309868878557782	0.1639195062175602	0.16550698978692477	0.13883804767465333	0.15284579406566767	0.11633874354757788	0.006415131872840554	0.1755994888955651	0.17312794539699977	0.28472468496136494	0.09488294819793655	0.17188979044663966	0.21775409728500703	0.18654881434272705	0.1896314531860291	0.08816545415788335	0.17047857477359082	0.00471626336716954	0.18869964664103556	0.013202631712526175	0.16554547862374772	0.07940292739147999
28.282828282828284	0.13098688785506352	0.16391950621804888	0.16550698978594258	0.1388380476733536	0.15284579406618337	0.11633874354640422	0.006415131870541217	0.17559948889450216	0.1731279453957861	0.2847246849623761	0.09488294819732622	0.17188979044811523	0.21775409728624165	0.1865488143414243	0.18963145318475347	0.08816545415716241	0.17047857477257716	0.004716263364464454	0.18869964663972202	0.013202631709841971	0.1655454786229148	0.0794029273906584
28.78787878787879	0.13098688785434884	0.16391950621853754	0.1655069897849604	0.13883804767205385	0.15284579406669907	0.11633874354523055	0.006415131868241881	0.17559948889343924	0.17312794539457244	0.28472468496338715	0.09488294819671587	0.17188979044959077	0.2177540972874763	0.18654881434012155	0.18963145318347782	0.08816545415644149	0.17047857477156353	0.004716263361759369	0.1886996466384085	0.01320263170715777	0.16554547862208188	0.07940292738983683
29.292929292929294	0.13098688785363413	0.16391950621902618	0.1655069897839782	0.1388380476707541	0.1528457940672148	0.11633874354405689	0.006415131865942545	0.1755994888923763	0.17312794539335877	0.2847246849643983	0.09488294819610554	0.17188979045106634	0.21775409728871092	0.1865488143388188	0.18963145318220218	0.08816545415572055	0.17047857477054987	0.004716263359054284	0.18869964663709496	0.013202631704473566	0.16554547862124896	0.07940292738901525
29.7979797979798	0.13098688785291945	0.16391950621951484	0.16550698978299605	0.13883804766945437	0.1528457940677305	0.11633874354288323	0.006415131863643209	0.1755994888913134	0.1731279453921451	0.2847246849654094	0.09488294819549521	0.17188979045254188	0.21775409728994558	0.18654881433751605	0.18963145318092656	0.08816545415499963	0.17047857476953623	0.0047162633563491985	0.18869964663578145	0.013202631701789362	0.16554547862041605	0.07940292738819367
30.303030303030305	0.13098688785220478	0.1639195062200035	0.16550698978201386	0.1388380476681546	0.15284579406824622	0.11633874354170957	0.006415131861343873	0.17559948889025048	0.17312794539093143	0.2847246849664205	0.09488294819488488	0.17188979045401745	0.2177540972911802	0.1865488143362133	0.1896314531796509	0.08816545415427869	0.1704785747685226	0.004716263353644113	0.18869964663446792	0.01320263169910516	0.16554547861958313	0.07940292738737209
30.80808080808081	0.1309868878514901	0.16391950622049214	0.16550698978103168	0.13883804766685487	0.15284579406876192	0.11633874354053592	0.006415131859044536	0.17559948888918755	0.17312794538971776	0.28472468496743164	0.09488294819427455	0.171889790455493	0.21775409729241485	0.18654881433491055	0.18963145317837526	0.08816545415355777	0.17047857476750894	0.004716263350939029	0.1886996466331544	0.013202631696420957	0.1655454786187502	0.07940292738655051
31.313131313131315	0.1309868878507754	0.1639195062209808	0.1655069897800495	0.13883804766555513	0.15284579406927762	0.11633874353936226	0.0064151318567452	0.17559948888812463	0.1731279453885041	0.2847246849684428	0.09488294819366422	0.17188979045696856	0.21775409729364947	0.1865488143336078	0.18963145317709962	0.08816545415283684	0.1704785747664953	0.0047162633482339435	0.18869964663184086	0.013202631693736755	0.1655454786179173	0.07940292738572893
31.81818181818182	0.1309868878500607	0.16391950622146947	0.16550698977906733	0.1388380476642554	0.15284579406979334	0.11633874353818859	0.006415131854445864	0.1755994888870617	0.17312794538729043	0.28472468496945386	0.09488294819305387	0.1718897904584441	0.21775409729488412	0.18654881433230502	0.189631453175824	0.08816545415211591	0.17047857476548167	0.004716263345528858	0.18869964663052732	0.013202631691052551	0.16554547861708438	0.07940292738490735
32.323232323232325	0.13098688784934603	0.1639195062219581	0.16550698977808515	0.13883804766295565	0.15284579407030904	0.11633874353701493	0.006415131852146528	0.17559948888599877	0.17312794538607676	0.284724684970465	0.09488294819244354	0.17188979045991967	0.21775409729611875	0.1865488143310023	0.18963145317454835	0.08816545415139498	0.170478574764468	0.004716263342823773	0.1886996466292138	0.013202631688368348	0.16554547861625146	0.07940292738408578
32.82828282828283	0.13098688784863136	0.16391950622244678	0.16550698977710296	0.13883804766165592	0.15284579407082474	0.11633874353584127	0.006415131849847191	0.17559948888493584	0.1731279453848631	0.2847246849714761	0.09488294819183321	0.17188979046139521	0.2177540972973534	0.18654881432969952	0.1896314531732727	0.08816545415067405	0.17047857476345438	0.004716263340118688	0.18869964662790026	0.013202631685684146	0.16554547861541857	0.07940292738326421
33.333333333333336	0.13098688784791665	0.16391950622293544	0.16550698977612077	0.13883804766035618	0.15284579407134047	0.11633874353466761	0.006415131847547855	0.17559948888387292	0.17312794538364942	0.2847246849724872	0.09488294819122288	0.17188979046287078	0.21775409729858802	0.1865488143283968	0.1896314531719971	0.08816545414995312	0.17047857476244072	0.004716263337413602	0.18869964662658673	0.013202631682999942	0.16554547861458566	0.07940292738244263
33.83838383838384	0.13098688784720197	0.16391950622342408	0.1655069897751386	0.13883804765905644	0.15284579407185617	0.11633874353349395	0.006415131845248519	0.17559948888281	0.17312794538243576	0.28472468497349834	0.09488294819061255	0.17188979046434633	0.21775409729982267	0.18654881432709403	0.18963145317072144	0.08816545414923219	0.17047857476142708	0.004716263334708517	0.1886996466252732	0.01320263168031574	0.16554547861375274	0.07940292738162105
34.343434343434346	0.1309868878464873	0.16391950622391274	0.16550698977415643	0.1388380476577567	0.15284579407237187	0.11633874353232028	0.006415131842949183	0.17559948888174706	0.1731279453812221	0.2847246849745095	0.09488294819000222	0.1718897904658219	0.2177540973010573	0.18654881432579126	0.1896314531694458	0.08816545414851126	0.17047857476041345	0.004716263332003432	0.18869964662395966	0.013202631677631537	0.16554547861291982	0.07940292738079947
34.84848484848485	0.13098688784577261	0.1639195062244014	0.16550698977317424	0.13883804765645696	0.1528457940728876	0.11633874353114662	0.006415131840649846	0.17559948888068413	0.17312794538000842	0.28472468497552056	0.09488294818939189	0.17188979046729744	0.21775409730229195	0.18654881432448853	0.18963145316817015	0.08816545414779033	0.1704785747593998	0.0047162633292983465	0.18869964662264613	0.013202631674947335	0.1655454786120869	0.0794029273799779
35.35353535353536	0.1309868878450579	0.16391950622489004	0.16550698977219208	0.13883804765515723	0.1528457940734033	0.11633874352997296	0.00641513183835051	0.1755994888796212	0.17312794537879475	0.2847246849765317	0.09488294818878154	0.171889790468773	0.21775409730352657	0.18654881432318576	0.18963145316689453	0.0881654541470694	0.17047857475838615	0.004716263326593261	0.1886996466213326	0.013202631672263132	0.165545478611254	0.07940292737915632
35.85858585858586	0.13098688784434323	0.1639195062253787	0.1655069897712099	0.1388380476538575	0.152845794073919	0.1163387435287993	0.006415131836051174	0.17559948887855828	0.17312794537758108	0.28472468497754283	0.09488294818817121	0.17188979047024855	0.21775409730476122	0.186548814321883	0.18963145316561889	0.08816545414634847	0.17047857475737252	0.004716263323888176	0.18869964662001906	0.013202631669578928	0.16554547861042107	0.07940292737833474
36.36363636363637	0.13098688784362855	0.16391950622586737	0.1655069897702277	0.13883804765255775	0.15284579407443472	0.11633874352762565	0.006415131833751838	0.17559948887749535	0.17312794537636741	0.2847246849785539	0.09488294818756088	0.17188979047172412	0.21775409730599585	0.18654881432058026	0.18963145316434324	0.08816545414562754	0.17047857475635886	0.004716263321183091	0.18869964661870556	0.013202631666894726	0.16554547860958815	0.07940292737751316
36.86868686868687	0.13098688784291387	0.163919506226356	0.16550698976924552	0.138838047651258	0.15284579407495041	0.11633874352645197	0.006415131831452502	0.17559948887643242	0.17312794537515375	0.28472468497956505	0.09488294818695055	0.17188979047319966	0.2177540973072305	0.1865488143192775	0.18963145316306762	0.0881654541449066	0.17047857475534522	0.004716263318478005	0.18869964661739203	0.013202631664210523	0.16554547860875524	0.07940292737669158
37.37373737373738	0.13098688784219917	0.16391950622684467	0.16550698976826336	0.13883804764995827	0.1528457940754661	0.11633874352527832	0.006415131829153165	0.1755994888753695	0.17312794537394008	0.2847246849805762	0.09488294818634022	0.17188979047467523	0.21775409730846512	0.18654881431797476	0.18963145316179197	0.08816545414418568	0.17047857475433156	0.004716263315772921	0.1886996466160785	0.013202631661526321	0.16554547860792232	0.07940292737587
37.87878787878788	0.1309868878414845	0.16391950622733334	0.16550698976728118	0.13883804764865854	0.15284579407598184	0.11633874352410466	0.006415131826853829	0.17559948887430657	0.1731279453727264	0.28472468498158726	0.09488294818572988	0.17188979047615077	0.21775409730969977	0.186548814316672	0.18963145316051633	0.08816545414346474	0.17047857475331793	0.004716263313067836	0.18869964661476496	0.013202631658842117	0.1655454786070894	0.07940292737504842
38.38383838383839	0.1309868878407698	0.16391950622782198	0.165506989766299	0.1388380476473588	0.15284579407649754	0.116338743522931	0.0064151318245544925	0.17559948887324364	0.17312794537151274	0.2847246849825984	0.09488294818511954	0.17188979047762634	0.2177540973109344	0.18654881431536924	0.1896314531592407	0.08816545414274382	0.1704785747523043	0.00471626331036275	0.18869964661345143	0.013202631656157916	0.16554547860625649	0.07940292737422684
38.88888888888889	0.13098688784005513	0.16391950622831064	0.1655069897653168	0.13883804764605906	0.15284579407701324	0.11633874352175734	0.0064151318222551565	0.17559948887218071	0.17312794537029907	0.28472468498360953	0.09488294818450921	0.17188979047910188	0.21775409731216905	0.1865488143140665	0.18963145315796506	0.08816545414202288	0.17047857475129063	0.004716263307657665	0.1886996466121379	0.013202631653473712	0.16554547860542357	0.07940292737340526
39.3939393939394	0.13098688783934043	0.1639195062287993	0.16550698976433464	0.13883804764475932	0.15284579407752896	0.11633874352058368	0.0064151318199558195	0.1755994888711178	0.1731279453690854	0.2847246849846206	0.09488294818389888	0.17188979048057745	0.21775409731340367	0.18654881431276374	0.18963145315668942	0.08816545414130196	0.170478574750277	0.00471626330495258	0.18869964661082436	0.013202631650789508	0.16554547860459065	0.07940292737258368
39.8989898989899	0.13098688783862575	0.16391950622928794	0.16550698976335246	0.13883804764345958	0.15284579407804466	0.11633874351941001	0.0064151318176564835	0.17559948887005486	0.17312794536787174	0.28472468498563175	0.09488294818328855	0.171889790482053	0.21775409731463832	0.18654881431146098	0.18963145315541377	0.08816545414058102	0.17047857474926337	0.0047162633022474944	0.18869964660951083	0.013202631648105307	0.16554547860375776	0.0794029273717621
40.40404040404041	0.13098688783791107	0.1639195062297766	0.16550698976237027	0.13883804764215985	0.15284579407856036	0.11633874351823635	0.006415131815357147	0.17559948886899193	0.17312794536665807	0.2847246849866429	0.09488294818267821	0.17188979048352857	0.21775409731587295	0.18654881431015824	0.18963145315413815	0.0881654541398601	0.1704785747482497	0.004716263299542409	0.1886996466081973	0.013202631645421103	0.16554547860292484	0.07940292737094053
40.909090909090914	0.1309868878371964	0.16391950623026527	0.16550698976138808	0.1388380476408601	0.15284579407907609	0.11633874351706269	0.006415131813057811	0.175599488867929	0.1731279453654444	0.28472468498765396	0.09488294818206788	0.1718897904850041	0.2177540973171076	0.18654881430885548	0.1896314531528625	0.08816545413913916	0.17047857474723607	0.004716263296837324	0.18869964660688376	0.013202631642736901	0.16554547860209193	0.07940292737011895
41.41414141414142	0.13098688783648169	0.1639195062307539	0.16550698976040593	0.13883804763956037	0.15284579407959178	0.11633874351588903	0.006415131810758475	0.17559948886686608	0.17312794536423073	0.2847246849886651	0.09488294818145755	0.17188979048647968	0.21775409731834222	0.18654881430755274	0.18963145315158686	0.08816545413841824	0.1704785747462224	0.004716263294132239	0.18869964660557023	0.013202631640052698	0.165545478601259	0.07940292736929737
41.919191919191924	0.130986887835767	0.16391950623124257	0.16550698975942374	0.13883804763826063	0.15284579408010748	0.11633874351471538	0.006415131808459138	0.17559948886580315	0.17312794536301707	0.28472468498967624	0.09488294818084721	0.17188979048795522	0.21775409731957687	0.18654881430624998	0.18963145315031124	0.0881654541376973	0.17047857474520878	0.004716263291427153	0.1886996466042567	0.013202631637368494	0.1655454786004261	0.07940292736847579
42.42424242424243	0.13098688783505233	0.16391950623173124	0.16550698975844155	0.1388380476369609	0.1528457940806232	0.1163387435135417	0.006415131806159802	0.17559948886474022	0.17312794536180343	0.2847246849906873	0.09488294818023688	0.1718897904894308	0.2177540973208115	0.1865488143049472	0.1896314531490356	0.08816545413697638	0.17047857474419514	0.004716263288722068	0.1886996466029432	0.013202631634684292	0.16554547859959318	0.07940292736765421
42.929292929292934	0.13098688783433765	0.16391950623221987	0.16550698975745937	0.13883804763566115	0.1528457940811389	0.11633874351236805	0.006415131803860466	0.1755994888636773	0.17312794536058976	0.28472468499169845	0.09488294817962654	0.17188979049090633	0.21775409732204615	0.18654881430364448	0.18963145314775995	0.08816545413625544	0.17047857474318148	0.004716263286016983	0.18869964660162966	0.013202631632000089	0.16554547859876026	0.07940292736683263
43.43434343434344	0.13098688783362294	0.16391950623270854	0.1655069897564772	0.13883804763436142	0.1528457940816546	0.11633874351119439	0.00641513180156113	0.17559948886261437	0.1731279453593761	0.2847246849927096	0.09488294817901621	0.1718897904923819	0.21775409732328077	0.18654881430234171	0.1896314531464843	0.08816545413553452	0.17047857474216785	0.004716263283311897	0.18869964660031613	0.013202631629315887	0.16554547859792734	0.07940292736601105
43.939393939393945	0.13098688783290827	0.1639195062331972	0.16550698975549502	0.13883804763306168	0.15284579408217033	0.11633874351002073	0.006415131799261793	0.17559948886155144	0.17312794535816242	0.28472468499372067	0.09488294817840588	0.17188979049385744	0.21775409732451542	0.18654881430103895	0.18963145314520868	0.08816545413481358	0.17047857474115422	0.004716263280606812	0.1886996465990026	0.013202631626631683	0.16554547859709443	0.07940292736518947
44.44444444444445	0.1309868878321936	0.16391950623368584	0.16550698975451283	0.13883804763176194	0.15284579408268603	0.11633874350884707	0.006415131796962457	0.1755994888604885	0.17312794535694875	0.2847246849947318	0.09488294817779555	0.171889790495333	0.21775409732575005	0.18654881429973622	0.18963145314393304	0.08816545413409266	0.17047857474014055	0.004716263277901728	0.18869964659768906	0.013202631623947482	0.1655454785962615	0.0794029273643679
44.949494949494955	0.1309868878314789	0.1639195062341745	0.16550698975353068	0.1388380476304622	0.15284579408320173	0.11633874350767341	0.006415131794663121	0.17559948885942558	0.17312794535573509	0.28472468499574294	0.0948829481771852	0.17188979049680855	0.2177540973269847	0.18654881429843345	0.1896314531426574	0.08816545413337172	0.17047857473912692	0.0047162632751966424	0.18869964659637553	0.013202631621263278	0.1655454785954286	0.07940292736354632
45.45454545454546	0.13098688783103019	0.16391950623448404	0.16550698975291547	0.13883804762964752	0.15284579408352839	0.11633874350693767	0.00641513179321735	0.17559948885875826	0.1731279453549748	0.284724684996381	0.09488294817680207	0.17188979049773853	0.21775409732776235	0.1865488142976175	0.18963145314185864	0.08816545413291928	0.17047857473849076	0.004716263273494921	0.18869964659555322	0.013202631619575599	0.16554547859490565	0.07940292736303105
45.959595959595966	0.13098688783098347	0.1639195062345228	0.16550698975285497	0.13883804762956586	0.15284579408356921	0.11633874350686377	0.0064151317930615445	0.17559948885868878	0.17312794535489973	0.2847246849964553	0.09488294817676228	0.171889790497844	0.21775409732784934	0.18654881429753725	0.1896314531417806	0.08816545413287256	0.1704785747384251	0.004716263273309553	0.18869964659547325	0.01320263161939393	0.1655454785948512	0.07940292736297871
46.46464646464647	0.13098688783093676	0.1639195062345616	0.16550698975279443	0.1388380476294842	0.15284579408361004	0.11633874350678987	0.006415131792905739	0.1755994888586193	0.17312794535482465	0.2847246849965296	0.09488294817672249	0.17188979049794947	0.21775409732793632	0.186548814297457	0.18963145314170257	0.08816545413282585	0.17047857473835942	0.004716263273124185	0.18869964659539326	0.01320263161921226	0.16554547859479674	0.07940292736292638
46.969696969696976	0.13098688783089002	0.16391950623460042	0.1655069897527339	0.13883804762940252	0.1528457940836509	0.11633874350671597	0.0064151317927499335	0.17559948885854987	0.17312794535474954	0.2847246849966039	0.0948829481766827	0.17188979049805495	0.2177540973280233	0.18654881429737674	0.18963145314162452	0.08816545413277913	0.17047857473829378	0.0047162632729388166	0.18869964659531327	0.013202631619030592	0.16554547859474228	0.07940292736287403
47.47474747474748	0.1309868878308433	0.16391950623463922	0.16550698975267336	0.13883804762932087	0.15284579408369173	0.11633874350664206	0.0064151317925941285	0.1755994888584804	0.17312794535467446	0.2847246849966782	0.09488294817664292	0.1718897904981604	0.2177540973281103	0.1865488142972965	0.18963145314154647	0.08816545413273241	0.1704785747382281	0.004716263272753448	0.1886996465952333	0.013202631618848921	0.16554547859468782	0.0794029273628217
47.979797979797986	0.1309868878307966	0.16391950623467802	0.16550698975261285	0.1388380476292392	0.15284579408373256	0.11633874350656816	0.0064151317924383226	0.17559948885841092	0.17312794535459938	0.2847246849967525	0.09488294817660314	0.17188979049826586	0.21775409732819728	0.18654881429721626	0.18963145314146843	0.0881654541326857	0.17047857473816244	0.004716263272568079	0.18869964659515331	0.013202631618667252	0.16554547859463337	0.07940292736276937
48.484848484848484	0.13098688783074985	0.16391950623471682	0.16550698975255232	0.13883804762915755	0.1528457940837734	0.11633874350649426	0.0064151317922825175	0.17559948885834145	0.1731279453545243	0.2847246849968268	0.09488294817656336	0.17188979049837133	0.21775409732828427	0.18654881429713602	0.18963145314139038	0.08816545413263899	0.17047857473809677	0.004716263272382711	0.18869964659507335	0.013202631618485583	0.1655454785945789	0.07940292736271704
48.98989898989899	0.13098688783070314	0.16391950623475562	0.16550698975249178	0.1388380476290759	0.15284579408381424	0.11633874350642036	0.0064151317921267124	0.17559948885827198	0.17312794535444923	0.2847246849969011	0.09488294817652357	0.1718897904984768	0.21775409732837128	0.18654881429705575	0.18963145314131233	0.08816545413259227	0.1704785747380311	0.004716263272197343	0.18869964659499336	0.013202631618303914	0.16554547859452445	0.0794029273626647
49.494949494949495	0.13098688783065643	0.1639195062347944	0.16550698975243128	0.13883804762899424	0.1528457940838551	0.11633874350634646	0.0064151317919709065	0.1755994888582025	0.17312794535437415	0.28472468499697545	0.09488294817648378	0.17188979049858225	0.21775409732845827	0.1865488142969755	0.18963145314123428	0.08816545413254556	0.17047857473796543	0.004716263272011975	0.18869964659491337	0.013202631618122245	0.16554547859446997	0.07940292736261235
50.0	0.1309868878306097	0.1639195062348332	0.16550698975237074	0.13883804762891258	0.15284579408389593	0.11633874350627256	0.0064151317918151015	0.17559948885813306	0.17312794535429907	0.2847246849970497	0.09488294817644399	0.17188979049868772	0.21775409732854525	0.18654881429689527	0.18963145314115623	0.08816545413249884	0.17047857473789976	0.004716263271826606	0.1886996465948334	0.013202631617940577	0.1655454785944155	0.07940292736256002
