NON $ % + - . 0 1 2 3 4 5 6 7 8 9 : ; < >
#NON	q	g	e	b	f	d	l	m	h	o	j	c	p	k	r	i	n	a	s
0.0	0.9223324104067079	0.5489632621914796	0.3306191268522125	0.42864926184689445	0.26354238085560977	0.4101833353672839	0.6309145049480405	0.5369008106123411	0.29199457754365366	0.9719569538508528	0.11471744444434873	0.33267225896630437	0.7086126890954099	0.37230475920306405	0.9809522553748785	0.1578605297846275	0.531165667986324	0.6555551442626241	0.3885078882553147
0.5050505050505051	0.2825151228816966	0.4132580597851359	0.1699342747794445	0.3705673673644175	0.31212705160613574	0.23204516204649372	0.40523892391634647	0.16818397625821319	0.21328399217932337	0.5478434814235755	0.15879017407243703	0.33208850314524174	0.3196971108969023	0.12387979249326309	0.5134840430260426	0.19431742308969874	0.3279006090505998	0.23590699579590493	0.17478594425255645
1.0101010101010102	0.09816898378966504	0.29897908872985973	0.08736187403070979	0.2993630712294756	0.2780030328650029	0.1654197942868739	0.26826292751953945	0.06185183540530555	0.1557797623950131	0.3370118175349845	0.13923273887102422	0.2612705201804729	0.21312915949795447	0.04785718911095307	0.2912323433576088	0.1773826774128065	0.24237558213138388	0.09146111689923528	0.08894340079561157
1.5151515151515151	0.039455004948934835	0.21281146506225293	0.0451015979532535	0.23305515156348636	0.2211151404962134	0.1352402433499285	0.1793208333270399	0.026752821916130497	0.11133924661166866	0.2196413404570834	0.10551812488552853	0.18615152495263446	0.17754418099368152	0.021269432702419874	0.17483192627874475	0.14333256171580466	0.20156170784476135	0.03836524434251538	0.04848476328914538
2.0202020202020203	0.018140379229079427	0.15235192083433916	0.023484139939346747	0.17855510943166736	0.16736490850865787	0.11638835716775793	0.12053797781835743	0.013142850910084564	0.07893236544759409	0.1485660217642661	0.07536120901010955	0.12757201542577107	0.1586695784072907	0.010528901516883755	0.10926309087269237	0.10934057878671574	0.17714549979814534	0.017355576541619233	0.027469892153358988
2.5252525252525255	0.009249140657302191	0.11121128529591974	0.01238467393075204	0.13646813316466572	0.12438203830847647	0.10135868125807339	0.08168345068124588	0.007026479822259783	0.05627129338597447	0.10321612885990519	0.05273187954801577	0.08679668048033436	0.1436187482206777	0.005612716226980075	0.0704998561464644	0.08132448506480527	0.15890306766342055	0.008392786782686623	0.015974671821300673
3.0303030303030303	0.005066148492054125	0.08315053776407444	0.006639648322415203	0.1048634718928878	0.09223150619518415	0.08827764149724501	0.05600671047173402	0.0039642633368735134	0.04064263032558198	0.07329872340287479	0.03687261318555278	0.05958829092937919	0.12988197937669782	0.0031464189217413215	0.04677459984351743	0.06003481461110942	0.14344707792541214	0.004291685855747988	0.009493710343728878
3.5353535353535355	0.0029138671678292107	0.06358677144181768	0.0036297444273276865	0.08132592254747305	0.06878288667826132	0.07677984657680043	0.038959239289695684	0.0023195648775920946	0.02981170741915177	0.053061766824841435	0.02602093176266718	0.04157700737012098	0.11721647894363044	0.0018290151830641188	0.03182462967830702	0.04442481306768559	0.1297456775616015	0.0022970942560953077	0.005756379298108431
4.040404040404041	0.0017353896644275875	0.04954714979178593	0.002027742168932266	0.06375146387739754	0.05177393828308889	0.06676926573751789	0.02753109935739585	0.001394805516904615	0.02220059188095101	0.039073886704944466	0.0186110068562911	0.02954613822046541	0.1056941812712407	0.0010937150102625927	0.022148487872904556	0.03312411056526981	0.11747969400947081	0.0012762002430932939	0.00355703507470772
4.545454545454546	0.0010614463118847174	0.03918861887318527	0.0011589777752845105	0.050522834528753474	0.039384761346162714	0.058134554618285414	0.019767742170502235	0.0008576981758588424	0.01676173264166793	0.029213140941473533	0.013506392725544342	0.02137531065403037	0.09533184562659136	0.000669565229181009	0.015726623784143728	0.024945446466471236	0.10650531322651162	0.0007312212858672392	0.0022374333342456377
5.050505050505051	0.0006634887285632924	0.031366923539559055	0.0006779316636936652	0.040459593030532884	0.03028232761450039	0.05072670998112265	0.014412815893557142	0.0005377240621107332	0.012810691208916128	0.02213571802648367	0.00994152801879716	0.015719200919942646	0.08607506740364458	0.0004183150222452776	0.011364845020656074	0.018988552939017196	0.09670652616799917	0.0004300045444948612	0.0014308722703186868
5.555555555555556	0.00042250776468007645	0.025352013010021393	0.0004056330284959968	0.0327169014112782	0.02352436359001221	0.04438401176619871	0.010659802240187411	0.00034298927393878206	0.009897321830926249	0.016973093059179874	0.0074140464580559895	0.011729382866922796	0.0778328265950179	0.00026609368347359295	0.00833992409543011	0.01460802866927735	0.08796757132371194	0.000258599442911779	0.0009292110196594149
6.0606060606060606	0.0002734981743385331	0.020660086554278433	0.00024800243537205773	0.026692275557320833	0.018451839666291537	0.03895176421923331	0.007987888964723296	0.00022222911630758276	0.007720563217068061	0.013152501166184554	0.005595233104871161	0.008865510775325937	0.07050257486933081	0.0001720318893936302	0.006203022823107464	0.011351498881498185	0.08017427588550277	0.00015860975864761826	0.0006120695065019263
6.565656565656566	0.00017967916975566176	0.016958332276639235	0.00015472032184277838	0.021954179713639832	0.014603393541915956	0.034291724790706926	0.006057189305613832	0.00014607010874045763	0.0060752031169565	0.010288747415952888	0.004268176265208862	0.006777545199264669	0.06398331566347962	0.0001128771340409744	0.004668787308045952	0.008903749456800445	0.0732190153331323	9.900940881384358e-05	0.00040853285389818005
7.070707070707071	0.00011965471154359027	0.014010336025751201	9.834239500197083e-05	0.018190819008675814	0.011653815843511708	0.03028470926847539	0.004642809266538466	9.729748219983998e-05	0.00481868940432405	0.008117789450106492	0.0032877035744432242	0.005234165564920648	0.05818128105378236	7.507939522489547e-05	0.003551498751201612	0.007044363135393665	0.06700376900948925	6.280061119232464e-05	0.0002760699031765344
7.575757575757576	8.069098053035979e-05	0.011643813214299107	6.35877172772445e-05	0.015174460923874892	0.00937163190532221	0.026829806505292094	0.00359363130072302	6.562031625448397e-05	0.0038502748048500415	0.006455367846914882	0.0025550753807402258	0.004079392015614643	0.05301184051662726	5.057519768507229e-05	0.002727613461817157	0.005617894545829656	0.061441098844499074	4.042351921569104e-05	0.00018873689909529388
8.080808080808081	5.506000296286714e-05	0.009730708910053234	4.1766398404212655e-05	0.012736817279803546	0.007590278404461419	0.0238423107586614	0.0028064883972812975	4.4776403461338164e-05	0.0030976705694999423	0.0051707919423354095	0.0020020421789216	0.003206024470355954	0.048399744860563344	3.447550068559601e-05	0.002113303528791815	0.004513525783301741	0.056453916936526155	2.637767946283017e-05	0.00013045673025011676
8.585858585858587	3.799060137713978e-05	0.008174371285038768	2.7832522968651173e-05	0.010752054159452618	0.00618855318542519	0.02125136656072684	0.0022098470173800957	3.089313333149523e-05	0.0025083174224777402	0.004170008669388456	0.0015807093523508434	0.002539098788720468	0.04427864860339557	2.376566963798117e-05	0.0016506768906575054	0.0036513321751059937	0.05197468255940226	1.7434215908976654e-05	9.112004518259429e-05
9.090909090909092	2.649127515285829e-05	0.006900945684242629	1.8796385491688444e-05	0.009124993785795671	0.005077285210963337	0.01899774267012144	0.001753368652048469	2.153992036540576e-05	0.0020435486406248492	0.0033844455662226263	0.0012569954329660071	0.0020253710912820143	0.04059034376408405	1.6558099943637543e-05	0.001299121674792698	0.0029729973918854852	0.04794439713282646	1.1663383205974795e-05	6.428314090318991e-05
9.595959595959597	1.8659925308360067e-05	0.005853418688780846	1.2852525561649998e-05	0.007782855660064135	0.004190175782660781	0.01703187004682313	0.0014011405320378176	1.5170340507192503e-05	0.001674619758446871	0.0027635261258816242	0.0010063421099766182	0.0016264989304596155	0.03728388793230447	1.1654179897177559e-05	0.0010297516310507895	0.00243549827717264	0.04431156431883527	7.893032511566016e-06	4.5786789785509194e-05
10.101010101010102	1.3271452662613375e-05	0.004987392928530407	8.89108128634682e-06	0.006669415455607363	0.0034774417267204936	0.015312180704125152	0.0011272172750226154	1.0787999302717013e-05	0.0013799618483206887	0.002269559750319649	0.000810852381462999	0.0013145305967002352	0.034314745644971494	8.282878737125472e-06	0.0008217672291714874	0.0020067652312436867	0.041031216440574496	5.400553623209751e-06	3.291458887852057e-05
10.606060606060607	9.52734104439294e-06	0.0042680310518217555	6.21851077833358e-06	0.005740828669598548	0.0029013562042302424	0.013803727700767893	0.000912639053597343	7.743311569688891e-06	0.0011432527558459373	0.0018741971765916206	0.0006573504842052053	0.001068866386393598	0.031643989857606664	5.942226192219809e-06	0.0006600273223139846	0.0016626654482834987	0.03806404257005853	3.7343475189733118e-06	2.3872838973650116e-05
11.111111111111112	6.901138517650977e-06	0.003667789261826903	4.394718252546483e-06	0.004962588990234017	0.0024330701306013104	0.012477024040627257	0.0007433994466322104	5.607972462882837e-06	0.0009520343986006777	0.0015559226723310389	0.0005360411149144327	0.0008741690897734068	0.029237533411574625	4.301635747140115e-06	0.0005333954677197835	0.0013848687915883867	0.035375583297891484	2.6085057240749977e-06	1.7464416533215205e-05
11.616161616161618	5.042468455272706e-06	0.003164801710334295	3.1367935919102355e-06	0.004307367049310222	0.002050380775914177	0.01130714757503533	0.0006090686487754784	4.0969160536516676e-06	0.0007967559879769649	0.00129831062741209	0.0004395932943422567	0.0007189345085605117	0.02706556349379586	3.141302100179572e-06	0.00043361993695084416	0.0011593654765397763	0.03293562233763187	1.8400145282362463e-06	1.2883344440716285e-05
12.121212121212121	3.7157184121257244e-06	0.0027415934660694687	2.2604535541509663e-06	0.0037533531395291617	0.001736068993821103	0.010272985660302183	0.000501808264399529	3.0184564308643744e-06	0.0006700323743266818	0.0010887217406528374	0.000362472786445335	0.0005944602867733554	0.02510198676111377	2.3135509203475135e-06	0.00035453207130521224	0.0009753597823061653	0.030717639735733777	1.310360004326355e-06	9.581650121941657e-06
12.626262626262626	2.7605062630195275e-06	0.0023840896474136707	1.6438902764372627e-06	0.003282983042251736	0.0014766544054777334	0.009356589337154548	0.0004156643245793619	2.242122774853074e-06	0.0005661008535290186	0.000917339802737991	0.0003004600137739595	0.0004940968068610723	0.02332397084915785	1.7179441981248416e-06	0.0002914726210902296	0.0008244531742315487	0.028698338842825622	9.417607027468441e-07	7.182392213786745e-06
13.131313131313131	2.0673318502910683e-06	0.0020809723138967232	1.2061755699583845e-06	0.002882108626233452	0.0012615792632066018	0.008542650382632537	0.0003461095314013258	1.6788413585912165e-06	0.0004804798557028333	0.0007765451398567633	0.00025033791864744576	0.0004127583815291951	0.02171141929724128	1.2859587649808997e-06	0.0002409201655724093	0.0007001135390283969	0.026857147561847147	6.829488337454068e-07	5.425631436522153e-06
13.636363636363637	1.5602833001700172e-06	0.0018230017179757625	8.926306333629596e-07	0.002539178236769677	0.0010824625095835153	0.007818036571038495	0.00028964942815306227	1.2668719535264391e-06	0.0004096139992855959	0.0006603324499841455	0.00020961494628618128	0.00034650104316276273	0.02024656425578915	9.701262258963046e-07	0.00020017287114313572	0.0005971821790474721	0.02517581939030245	4.995899527368789e-07	4.129395933520877e-06
14.141414141414142	1.1865256582477422e-06	0.0016026817041069406	6.660942514894078e-07	0.002244778876615448	0.0009326569628031348	0.007171526089999941	0.0002435881862029796	9.632458756694233e-07	0.00035070834082465764	0.0005639842410948686	0.00017636629665504725	0.0002922665739215536	0.018913877702287255	7.374284630860184e-07	0.00016715973706213816	0.0005115973220155278	0.023638291101531747	3.685587453596897e-07	3.1658697582790603e-06
14.646464646464647	9.090101958038886e-07	0.001413870630477201	5.010976077015253e-07	0.0019911838679306905	0.0008068538629679261	0.006593425885981156	0.00020582960880829497	7.378372643432848e-07	0.00030153923806575307	0.00048376245863348427	0.00014909187242490262	0.0002476667648276193	0.017699500097976887	5.647270365029764e-07	0.00014028052557793234	0.00044013292646075624	0.022230204194503632	2.74157178967726e-07	2.4446144170504933e-06
15.151515151515152	7.01407875479627e-07	0.0012515111030941576	3.799261689799227e-07	0.0017720056553361518	0.0007007779209745837	0.006075415210911879	0.00017472817026982577	5.692402991500318e-07	0.00026032367154440013	0.0004166816035685697	0.00012661219961313186	0.00021081935440146898	0.01659132168250366	4.355879015358788e-07	0.00011828694521794253	0.00038020627184745705	0.020938905982521898	2.0557158357563843e-07	1.9008040996457722e-06
15.656565656565657	5.450598308281098e-07	0.001111457580094949	2.9028066812863113e-07	0.0015819851296077403	0.0006110003018732726	0.00561028043470976	0.00014899766651104126	4.4228613256468274e-07	0.00022564477386721193	0.0003603691526233543	0.00010800454552575177	0.00018024675302897802	0.015578512354247776	3.3837014323532007e-07	0.00010020963187547159	0.0003297596509398159	0.01975305717455068	1.5536664165039701e-07	1.4881160724774655e-06
16.161616161616163	4.264525639568326e-07	0.0009902452043735364	2.2342852596785863e-07	0.0014167156329147306	0.0005347201463747186	0.005191782444000727	0.000127612048724525	3.45991603334597e-07	0.0001963443803822364	0.0003129000107920096	9.253121851930658e-05	0.0001547667228734905	0.014651541615882255	2.6464775634699694e-07	8.527996454101332e-05	0.00028711941600149715	0.018662604827844567	1.1831566300693398e-07	1.1727257712246905e-06
16.666666666666668	3.3588754468589103e-07	0.0008850135342038933	1.732192316812656e-07	0.0012725412556112824	0.00046967263586535015	0.0048144681604772805	0.00010976200276048386	2.7247448502054634e-07	0.0001714956667680501	0.0002727319658570053	7.961011928568828e-05	0.00013344295726693307	0.013801810610180399	2.083758478492507e-07	7.289564847582494e-05	0.0002509411921592877	0.017658459050881363	9.077310137821187e-08	9.301683387217174e-07
17.171717171717173	2.6631062334394217e-07	0.0007934031866394763	1.3525683344438597e-07	0.0011464237846804954	0.00041401859788147246	0.004473661198808246	9.480510743599558e-05	2.1600223648153422e-07	0.00015035351499494143	0.00023862448761854656	6.877928824138165e-05	0.00011552948946975537	0.013021871237426035	1.6515944493919484e-07	6.258155254306358e-05	0.00022014088770130107	0.01673265912707416	7.015775109315277e-08	7.425197151574297e-07
17.67676767676768	2.1249927601278363e-07	0.0007134194231179264	1.0634405038703884e-07	0.0010357903352615193	0.0003662362947761858	0.004165304791182009	8.22208016646916e-05	1.7233205999459483e-07	0.0001322989388843919	0.00020955640811512528	5.9663482792438834e-05	0.0001004206537348443	0.012305167689984402	1.3174646444536567e-07	5.3954810942779615e-05	0.00019382407982456205	0.015878168654904795	5.461083016232116e-08	5.964093413297441e-07
18.181818181818183	1.7061584306903648e-07	0.000643372351065907	8.417226271491496e-08	0.0009384612249230567	0.00032506906724591114	0.003885759253399962	7.158901117970645e-05	1.38346614598181e-07	0.0001168219595784411	0.00018468970514817345	5.195929476542557e-05	8.76263064092821e-05	0.011645547051291612	1.0574813285887047e-07	4.6708355457688546e-05	0.00017125480760578297	0.015088425609012026	4.280355865772812e-08	4.819381931275394e-07
18.68686868686869	1.3782283716400638e-07	0.0005818571443159821	6.706062237808274e-08	0.0008526071078162091	0.0002894857577962078	0.003631859765136737	6.25727238040356e-05	1.1174094074212174e-07	0.00010351063108101292	0.00016334427839740016	4.542369552540402e-05	7.675162524557573e-05	0.011037606866180242	8.539867655572028e-08	4.0597414130418724e-05	0.0001518341934277078	0.014357579300611933	3.3777039241648787e-08	3.9173941445913043e-07
19.191919191919194	1.1200123906209128e-07	0.0005277018314224722	5.3772533899770106e-08	0.0007766893136595357	0.00025863669212924847	0.0034008742267442335	5.489979432682091e-05	9.079384656563457e-08	9.202908157194833e-05	0.00014496479807590674	3.9860571329004276e-05	6.747677046548547e-05	0.01047664951357282	6.93798312934575e-08	3.542546457124105e-05	0.00013507206715146144	0.013680495411805438	2.6832060339585012e-08	3.2027626476188105e-07
19.6969696969697	9.154218806542987e-08	0.0004798863921323204	4.338449905613496e-08	0.0007093755668139897	0.00023180317615976033	0.0031903787667978524	4.834420993336907e-05	7.419918573523448e-08	8.208795934902141e-05	0.00012908169345132768	3.5106219620312176e-05	5.953612235153318e-05	0.009958388125270438	5.6691327673906e-08	3.1030083984348094e-05	0.00012055306884472587	0.013052504702882871	2.1451737415344308e-08	2.633140485294766e-07
20.202020202020204	7.524288929992538e-08	0.00043755899113059296	3.5215505817881084e-08	0.0006495419555730675	0.00020839196031870885	0.002998206083474465	4.2723595245215786e-05	6.098020839426265e-08	7.345440900514505e-05	0.00011531225331713059	3.102893530391404e-05	5.271427581096554e-05	0.009478881494017169	4.6585384376169516e-08	2.7281068904099645e-05	0.00010793771027308253	0.012469295817452758	1.7258044215762475e-08	2.1766840392854882e-07
20.70707070707071	6.21951531203162e-08	0.00040001260032761384	2.8757968219727075e-08	0.0005962454257661793	0.0001879141888849949	0.002822499491284631	3.789044678465221e-05	5.0399414471986643e-08	6.59394985366468e-05	0.00010334433879094647	2.7522409844052158e-05	4.6836415434570706e-05	0.009034757269639409	3.849749783806589e-08	2.4073691764897096e-05	9.694847593201299e-05	0.011927128528639768	1.3971487005777734e-08	1.8092152159971113e-07
21.212121212121215	5.1686015621659693e-08	0.0003666154239965326	2.3619619971473115e-08	0.0005486511740933667	0.00016994610006819665	0.002661633126872137	3.3718636484391876e-05	4.187834742091487e-08	5.937323706795544e-05	9.290596834048259e-05	2.449502429420249e-05	4.175346522247412e-05	0.008623047548784946	3.198488438684271e-08	2.1318720778406207e-05	8.734316377613737e-05	0.011422692165129568	1.1378270277815358e-08	1.5116165468234312e-07
21.71717171717172	4.317805158373527e-08	0.00033683532773323347	1.9508406050670615e-08	0.0005060494206448571	0.00015413526074123637	0.0025140784684957555	3.010580924302159e-05	3.4980679131656324e-08	5.36197183266542e-05	8.377438681648724e-05	2.1872768855665786e-05	3.734362354518638e-05	0.008240777694812951	2.671368921170887e-08	1.8944252079983125e-05	7.892278307621513e-05	0.010952726531724863	9.320426802425163e-09	1.26940168012564e-07
22.222222222222225	3.6255247457257103e-08	0.0003102177849648235	1.6201109940093098e-08	0.00046783034315909345	0.00014018446324818795	0.0023785292923261107	2.6967021045091933e-05	2.9368795513506247e-08	4.856374354225736e-05	7.576268871492985e-05	1.9594157631252244e-05	3.350572085153291e-05	0.007885443837525789	2.2425602225356173e-08	1.689089455854802e-05	7.152003176075571e-05	0.010514412958781316	7.67822501746321e-09	1.0712931620698323e-07
22.72727272727273	3.0596741447712327e-08	0.0002863778255666191	1.352756648633009e-08	0.0004334736646039023	0.00012784461388263925	0.002253831824730935	2.4232324186404332e-05	2.4782287663461792e-08	4.41100719545135e-05	6.871558083601373e-05	1.7608624812593487e-05	3.0156192812935784e-05	0.0075547953148648785	1.892142155358623e-08	1.5109994461839718e-05	6.499559518013828e-05	0.010105214854021065	6.3610808265078795e-09	9.085483890307696e-08
23.232323232323235	2.594811568644516e-08	0.0002649830460391065	1.1354368462542895e-08	0.0004025268652374658	0.00011690240932368398	0.0021389680298900945	2.184273145815601e-05	2.1014691130710896e-08	4.017779800124805e-05	6.25010306677744e-05	1.587355857362106e-05	2.722441452571594e-05	0.007246845713598538	1.604323201878375e-08	1.356070897598633e-05	5.92308005512968e-05	0.009722876262594677	5.2985094205048205e-09	7.742004781680863e-08
23.73737373737374	2.211069468151921e-08	0.0002457348722748242	9.578904711362575e-09	0.0003745901666257335	0.00010717356413742881	0.0020330233919990484	1.9747946090365134e-05	1.7904926811821116e-08	3.6693934239640994e-05	5.7004006474027015e-05	1.4352267920220209e-05	2.4650381413490797e-05	0.006959740018456191	1.3667822456298548e-08	1.2208325766314783e-05	5.4122082349217236e-05	0.009365313131822667	4.4368569763810655e-09	6.627700134272105e-08
24.242424242424242	1.8928935895725552e-08	0.0002283843403869313	8.121464652313608e-09	0.0003493221427163357	9.850316591408739e-05	0.0019351582490013124	1.7906654938494765e-05	1.532675070653057e-08	3.360093606970057e-05	5.213004228010795e-05	1.3014936407721655e-05	2.2384342678107764e-05	0.006691749062059145	1.1698671196649798e-08	1.1024537470224746e-05	4.9584132752535444e-05	0.00903056187949872	3.734645047921608e-09	5.699539094535384e-08
24.747474747474747	1.6278866434350763e-08	0.00021271217119825392	6.919283430191072e-09	0.00032642330648342734	9.075762557893689e-05	0.0018446447237400014	1.6283621965983968e-05	1.317962045384636e-08	3.084779289561718e-05	4.779743067045459e-05	1.1835994720629284e-05	2.0383965312065414e-05	0.006441375005480649	1.0058901144273086e-08	9.985275823741815e-06	4.554306095229469e-05	0.008716903033101193	3.1594881436060254e-09	4.9230300149124373e-08
25.252525252525253	1.406147593757188e-08	0.00019852713618898714	5.9227443281656445e-09	0.0003056312433075545	8.382180673126619e-05	0.001760817916343625	1.4848969315917358e-05	1.1383230644757864e-08	2.839109323441057e-05	4.3936286989563896e-05	1.0793782074965317e-05	1.8613247291784865e-05	0.006207215264143386	8.687119655592076e-09	9.07022820338695e-06	4.193553602298865e-05	0.00842273173367698	2.6859625294084426e-09	4.2705001358738816e-08
25.757575757575758	1.219719747685283e-08	0.000185660394088618	5.092404866784979e-09	0.00028671409434126134	7.759569504076494e-05	0.0016830757228107496	1.357712231310719e-05	9.873060680884001e-09	2.6193040845479347e-05	4.0486135276444694e-05	9.869729029952648e-06	1.7041334621210062e-05	0.005987978831907407	7.534005329181084e-09	8.26207909858425e-06	3.870665082444411e-05	0.008146564476677814	2.2940094948691714e-09	3.719600456877213e-08
26.262626262626263	1.0623897557696845e-08	0.0001739658772274265	4.397819566915764e-09	0.00026947030298266837	7.19940349500642e-05	0.0016108745692937564	1.2446680856834344e-05	8.598725990964622e-09	2.4221713034948513e-05	3.7395833429614686e-05	9.04830551585074e-06	1.5642335143827767e-05	0.00578247433079752	6.56104908933173e-09	7.54641683519587e-06	3.5809861104083325e-05	0.007887026129960815	1.968268981397166e-09	3.25278727578349e-08
26.767676767676768	9.291720570192744e-09	0.00016331932226288653	3.814734386777116e-09	0.0002537259202272961	6.694425270367591e-05	0.001543742930652898	1.1439684173562207e-05	7.5197877250971e-09	2.2450465116603883e-05	3.462228783567252e-05	8.316530045684486e-06	1.4394461466109221e-05	0.0055896823519858245	5.737348907947127e-09	6.911205223202622e-06	3.32058668024295e-05	0.00764291810235829	1.6965627525825495e-09	2.8559394988539976e-08
27.272727272727273	8.15917405287916e-09	0.0001536105388115822	3.3231150266696116e-09	0.000239326732829297	6.238277838417684e-05	0.0014812608671898352	1.0540499746782208e-05	6.602607490084546e-09	2.0855606766929025e-05	3.212764679372568e-05	7.663069881346067e-06	1.327880517322091e-05	0.00540868675765452	5.037197944955822e-09	6.345993278184547e-06	3.086010943348532e-05	0.0074131646244047006	1.4688845339937346e-09	2.517263042299235e-08
27.77777777777778	7.192375657703945e-09	0.00014474209279542914	2.9067679705976733e-09	0.0002261366150372888	5.8254168039948176e-05	0.00142304466306804	9.735685787628116e-06	5.819724266137474e-09	1.9416585166410514e-05	2.9879120641633768e-05	7.078167893355111e-06	1.2279036336499204e-05	0.005238628373288345	4.439611315516789e-09	5.841819591010905e-06	2.874261658366943e-05	0.0071967657140202205	1.2772085584620146e-09	2.2270814344634818e-08
28.282828282828284	6.363944011655508e-09	0.00013662795390859649	2.552742195018576e-09	0.0002140352818539309	5.451013134394056e-05	0.0013687487550362322	9.013711786536136e-06	5.148943554742736e-09	1.811558857584824e-05	2.784832301886292e-05	6.553450154402813e-06	1.138110209183913e-05	0.005078729542458431	3.927631644930857e-09	5.39102748749507e-06	2.6827395790095e-05	0.006992810488211818	1.1151635513908992e-09	1.977537886499987e-08
28.78787878787879	5.6514146935245955e-09	0.00012919006451910818	2.2505164170769037e-09	0.00020291401515800541	5.110783946949127e-05	0.001318049284021598	8.364453555608286e-06	4.5720603546763355e-09	1.693652913448272e-05	2.6009947256410034e-05	6.081535982522404e-06	1.0572718136285225e-05	0.004928236944482032	3.487350509728317e-09	4.9869224425028965e-06	2.5091225218022035e-05	0.006800420301628689	9.776073436754423e-10	1.762156774889665e-08
29.292929292929294	5.0364683352006924e-09	0.00012235944086959644	1.991587601674222e-09	0.00019267614385835632	4.800980173329737e-05	0.0012706476319397579	7.779198325215211e-06	4.074227757298036e-09	1.586555659859284e-05	2.4342064122517726e-05	5.656086388937362e-06	9.843267120512013e-06	0.004786444313449834	3.1074266486893866e-09	4.6237701042004856e-06	2.351394047025473e-05	0.006618766331962021	8.604110644168602e-10	1.575635679143957e-08
29.7979797979798	4.504163830441703e-09	0.00011607959907240529	1.7690245426071818e-09	0.0001832396960718099	4.5184504230253416e-05	0.0012262854405597815	7.250777900266195e-06	3.643322918836475e-09	1.4891932483970167e-05	2.2826820740321356e-05	5.271969079104778e-06	9.183899770707106e-06	0.00465275545888947	2.7786030524619547e-09	4.296883691325748e-06	2.207908382417318e-05	0.0064471287048157916	7.602096261269879e-10	1.4136504035118198e-08
30.303030303030305	4.041787823162991e-09	0.00011029945644683304	1.5769856871319766e-09	0.00017453154527343379	4.260405316876417e-05	0.001184749695378486	6.772806906873654e-06	3.2690495977255307e-09	1.400539388592272e-05	2.1448074030028542e-05	4.924549158382465e-06	8.586826435310316e-06	0.004526697070612864	2.493013878488613e-09	4.002081137202987e-06	2.0771783729244973e-05	0.006284925036789379	6.741879804186317e-10	1.27250387253665e-08
30.80808080808081	3.6387719485479014e-09	0.00010496948819365102	1.4107018310558373e-09	0.00016648317752187885	4.0242790150288066e-05	0.0011458264124804133	6.339440728297211e-06	2.9428591189081395e-09	1.3195890482829113e-05	2.019065174414791e-05	4.60951367643136e-06	8.04497548376077e-06	0.004407743655262892	2.2441274457852168e-09	3.7355364173833323e-06	1.957805312345952e-05	0.0061315469362081924	6.000789526920628e-10	1.1490962431860411e-08
31.313131313131315	3.286374936602033e-09	0.00010004630934499284	1.2662322397462358e-09	0.0001590331534015023	3.8078055869276176e-05	0.001109293611393824	5.945683262836136e-06	2.6576581014711952e-09	1.245550707475398e-05	1.9041645024707982e-05	4.323245709465184e-06	7.552184925117093e-06	0.004295322521712639	2.026529609309112e-09	3.494011150900857e-06	1.8485940198156017e-05	0.005986339477628638	5.360083278098439e-10	1.0408635995514984e-08
31.81818181818182	2.9773130848999144e-09	9.549328166522816e-05	1.1403026706149651e-09	0.00015212802791757514	3.6090370005932504e-05	0.001074976292229428	5.587282032761754e-06	2.4075423735024984e-09	1.1777456062591866e-05	1.799008272731649e-05	4.062685178696123e-06	7.103212100842265e-06	0.004189030810611416	1.8357124039223498e-09	3.2747615679774963e-06	1.748526886669292e-05	0.005848786911738436	4.804219389814268e-10	9.456667025074135e-09
32.323232323232325	2.705440316925478e-09	9.127687985161761e-05	1.0301871237500545e-09	0.00014571981814943247	3.4262425516847626e-05	0.0010427231514042055	5.2604477008292235e-06	2.18754305069761e-09	1.1155203679827391e-05	1.7026025472610948e-05	3.825059792955849e-06	6.693431833343601e-06	0.004088504844015247	1.6678794924964098e-09	3.0753364909455865e-06	1.6566829581639407e-05	0.0057184398425348055	4.3204031505830496e-10	8.616883948229361e-09
32.82828282828283	2.4655850508430195e-09	8.736665762305122e-05	9.336014409899217e-10	0.00013976502771561848	3.2578708372566373e-05	0.0010123732813629796	4.961853579740624e-06	1.993465374254208e-09	1.0583303470761085e-05	1.614071303251604e-05	3.6079536501899508e-06	6.318734493446567e-06	0.003993316217129324	1.5198295998038891e-09	2.8935959784219585e-06	1.5722484671393185e-05	0.0055948129913198676	3.897937421829473e-10	7.873971113174685e-09
33.333333333333336	2.2533919129317405e-09	8.373592363173801e-05	8.486296636096418e-10	0.00013422480539245236	3.102552845643614e-05	0.0009837893561383184	4.68859364201597e-06	1.8217780044364969e-09	1.0056988699975188e-05	1.5326469609789198e-05	3.4092681133140307e-06	5.975532652959427e-06	0.0039031323756850223	1.3888674566387934e-09	2.7276806224923226e-06	1.4945087136793869e-05	0.005477488359682613	3.5278690680820446e-10	7.215007529678797e-09
33.83838383838384	2.0651511320711133e-09	8.036058615823764e-05	7.736569236317682e-10	0.00012906422471377498	2.959071474042781e-05	0.0009568540066503725	4.4380916391471065e-06	1.6694828181235423e-09	9.571762975622772e-06	1.4576423305162721e-05	3.2271247417554994e-06	5.6606635548021135e-06	0.0038176654126025195	1.272702697836783e-09	2.5759410264078935e-06	1.422824010628186e-05	0.005366100128399024	3.202722242684952e-10	6.628929027128767e-09
34.343434343434346	1.897712352317666e-09	7.721875463506374e-05	7.073188144546796e-10	0.00012425168729509044	2.8263364398563648e-05	0.000931448755722357	4.208073930471959e-06	1.5340270076551883e-09	9.123772317852863e-06	1.3884476854162727e-05	3.0598694605214677e-06	5.371314625603902e-06	0.003736596476751382	1.1693870188860375e-09	2.436926443974025e-06	1.356625911334858e-05	0.005260278922691788	2.916201991281239e-10	6.106318986818294e-09
34.84848484848485	1.7483954476892638e-09	7.429088877421472e-05	6.484591485198216e-10	0.00011975872679203026	2.7033754129837814e-05	0.0009074666214819071	3.996529823538981e-06	1.4132369166733148e-09	8.709635814961965e-06	1.3245211665289189e-05	2.9060451915989797e-06	5.104999186846404e-06	0.0036596517820907553	1.0772619906751155e-09	2.309359636374935e-06	1.2954082244309002e-05	0.005159690311788746	2.6629836342469843e-10	5.639153254265994e-09
35.35353535353536	1.614907161596075e-09	7.155928014557019e-05	5.9609689080073e-10	0.00011555953155305333	2.5893168662957598e-05	0.0008848120088108433	3.8016697539437372e-06	1.3052574090277372e-09	8.326224748213178e-06	1.2653768412550558e-05	2.7643501425497205e-06	4.859508926886733e-06	0.0035865847204846037	9.949111746706338e-10	2.1921057265938336e-06	1.2387166415364347e-05	0.005064026094868049	2.4385815907345147e-10	5.220537248934201e-09
35.85858585858586	1.4952801786862914e-09	6.900787570065561e-05	5.493949627140454e-10	0.00011163066703412886	2.4833778957054134e-05	0.0008633957499055114	3.621907802875752e-06	1.2084964892121752e-09	7.970766339260363e-06	1.2105821105412165e-05	2.6336313107479233e-06	4.632876440095178e-06	0.0035171593976576327	9.211192811604719e-10	2.0841616639852597e-06	1.1861462398954796e-05	0.004972995217671825	2.2391851740395898e-10	4.844540988738518e-09
36.36363636363637	1.387819997980715e-09	6.66222253391362e-05	5.076359521266145e-10	0.00010795094870941132	2.384857044813753e-05	0.0008431364655324549	3.45582929558164e-06	1.1215819848529221e-09	7.64078669531193e-06	1.1597488515665338e-05	2.5128602313434083e-06	4.423351411360177e-06	0.003451160748289405	8.548391319506444e-10	1.9846350538780373e-06	1.1373332912863182e-05	0.004886333277899943	2.0615388547836852e-10	4.506045564069967e-09
36.86868686868687	1.2910590908307627e-09	6.438911146026385e-05	4.702018972064458e-10	0.00010450100793060899	2.293119242565705e-05	0.0008239575169111343	3.302164731651977e-06	1.0433255349327924e-09	7.334050093666174e-06	1.1125266315839798e-05	2.4011136522678286e-06	4.229361224891789e-06	0.0033883823081872675	7.9516388342739e-10	1.8927271218095788e-06	1.0919489966714721e-05	0.004803787188314908	1.9028496930275992e-10	4.2006062558041056e-09
37.37373737373738	1.2037411392307083e-09	6.229669806660303e-05	4.3656645251885516e-10	0.00010126340328562387	2.2075977382094246e-05	0.0008057888771585	3.1597927065323727e-06	9.727096541104566e-10	7.048584649461685e-06	1.0686048529940072e-05	2.297577474154345e-06	4.049512836035509e-06	0.003328634860551577	7.413171763054354e-10	1.807734334938249e-06	1.0497015689538344e-05	0.0047251236613560735	1.7607479089223504e-10	3.9244091342438015e-09
37.87878787878788	1.1247813364227163e-09	6.0334310743366784e-05	4.062773533844397e-10	9.822234116597504e-05	2.1277837645750485e-05	0.0007885667012434086	3.0277169371295653e-06	9.088561757270277e-10	6.782629007857723e-06	1.0277066342833632e-05	2.2015291524636505e-06	3.882564631820255e-06	0.0032717458087576203	6.926288917960332e-10	1.7290332216988282e-06	1.0103306150825561e-05	0.004650127139907679	1.6332054190896503e-10	3.674153165074666e-09
38.38383838383839	1.0532311558114832e-09	5.8492153848346926e-05	3.789413167719689e-10	9.536335221281489e-05	2.0532153358566337e-05	0.0007722326071534124	2.905036587783433e-06	8.509976089491553e-10	6.534559758087034e-06	9.895797592106972e-06	2.1123133558986278e-06	3.7273969151870905e-06	0.0032175566568599474	6.485133232953269e-10	1.656060883736669e-06	9.735987626919336e-06	0.004578599109259595	1.5184660047301633e-10	3.446944319569858e-09
38.88888888888889	9.882625409665103e-10	5.6761245814138054e-05	3.5421669786072754e-10	9.267316767348481e-05	1.983472658990259e-05	0.0007567315816341684	2.7909389428843717e-06	7.98463788267889e-10	6.302905290319622e-06	9.539953343089931e-06	2.029338514751304e-06	3.5829994473373843e-06	0.003165915096741538	6.084591096961951e-10	1.5883106466865094e-06	9.392903552781038e-06	0.004510350498007946	1.4150095344478143e-10	3.2402502560999466e-09
39.3939393939394	9.291544536146065e-10	5.5133395610401143e-05	3.3180747940552614e-10	9.013965769193917e-05	1.9181753961270534e-05	0.0007420124413966417	2.6846935562979636e-06	7.506711487758056e-10	6.086338505516368e-06	9.207466454619525e-06	1.952073135632947e-06	3.4484634359266093e-06	0.0031166783560798586	5.720210006419069e-10	1.5253282663760065e-06	9.072104092878352e-06	0.004445203635328397	1.321523829190329e-10	3.051860767444258e-09
39.8989898989899	8.752708725334883e-10	5.3601050678264276e-05	3.114536877612727e-10	8.775162665629701e-05	1.8569755271885612e-05	0.0007280270678338988	2.585636678436454e-06	7.071048984264093e-10	5.8836478778330135e-06	8.89644890040247e-06	1.8800342108022554e-06	3.3229628539328272e-06	0.0030697109297044105	5.388062492807865e-10	1.4667019130214159e-06	8.771806438913338e-06	0.004382989780861448	1.2368602049012896e-10	2.8798221931264583e-09
40.40404040404041	8.260580019158792e-10	5.2157272309544084e-05	2.9293024568361033e-10	8.549877780325354e-05	1.7995561823844927e-05	0.0007147305154685913	2.493168988910317e-06	6.673168595272425e-10	5.6937307344485185e-06	8.605185557370262e-06	1.812785496017362e-06	3.205751551760181e-06	0.003024885317616121	5.084729398855033e-10	1.4120607195895137e-06	8.49038904103332e-06	0.00432354942435316	1.1600284890116215e-10	2.7224288285188e-09
40.909090909090914	7.810252825521027e-10	5.079586804204736e-05	2.7603799538184903e-10	8.337181618332759e-05	1.74563237091388e-05	0.0007020821288209339	2.4067570227584085e-06	6.309099509133257e-10	5.5156193745044525e-06	8.332154886268964e-06	1.7499404703446194e-06	3.0961607594710877e-06	0.0029820868769929836	4.807181618238234e-10	1.3610752238287468e-06	8.226412393414697e-06	0.004266737540275556	1.0901534989760763e-10	2.578169031125788e-09
41.41414141414142	7.397583381740059e-10	4.95112589512223e-05	2.606099495673649e-10	8.136233993275e-05	1.694949508421099e-05	0.0006900445395877907	2.325929541504232e-06	5.975487707856187e-10	5.348453494321968e-06	8.076004206495983e-06	1.6911578532266765e-06	2.993598785265523e-06	0.0029412094443466447	4.5528607688007713e-10	1.313455388575777e-06	7.978594803219638e-06	0.004212419205395783	1.0265056335288303e-10	2.4457614795690038e-09
41.919191919191924	7.018683000064812e-10	4.8298134478399835e-05	2.464895270324137e-10	7.94624154261866e-05	1.6472678412458413e-05	0.0006785831986233126	2.2502399103679102e-06	5.669187645871144e-10	5.191393989087985e-06	7.835442640005724e-06	1.6361120888977273e-06	2.8975091492192386e-06	0.0029021547064998292	4.3193670321784047e-10	1.268925986760737e-06	7.745713600968256e-06	0.004160470022110461	9.68401001724319e-11	2.324003016568977e-09
42.42424242424243	6.670326035513839e-10	4.715174146464487e-05	2.3354798236824025e-10	7.766490558122326e-05	1.602374650510768e-05	0.0006676658924732586	2.179297851400125e-06	5.387589839922819e-10	5.043707422522125e-06	7.609335009258144e-06	1.584519260527364e-06	2.807403722196675e-06	0.002864829413057832	4.104709854158682e-10	1.227247579550217e-06	7.526691500342141e-06	0.0041107718381516644	9.152811859068288e-11	2.211891552027654e-09
42.929292929292934	6.349473920995628e-10	4.6067437805083146e-05	2.2166428045144489e-10	7.59629228252963e-05	1.5600659111520167e-05	0.0006572605656086871	2.1127276791497434e-06	5.128236802506972e-10	4.904672570547239e-06	7.396578266075941e-06	1.5361044858454213e-06	2.7228160245004416e-06	0.0028291379106943136	3.907014527561747e-10	1.1881896666518555e-06	7.320481371346695e-06	0.004063205786515634	8.666217942400815e-11	2.108482031747008e-09
43.43434343434344	6.053515548584757e-10	4.504126597341079e-05	2.1073449393406407e-10	7.43504467706099e-05	1.5201636201216965e-05	0.0006473391052441871	2.050207911480305e-06	4.889014965237734e-10	4.7736995042334275e-06	7.196239326971124e-06	1.4906353763950705e-06	2.6433402947201944e-06	0.0027949984464084314	3.724669150101471e-10	1.1515557032883584e-06	7.126196443547186e-06	0.0040176673667907305	8.219731143223347e-11	2.0129622711566177e-09
43.939393939393945	5.780134514214512e-10	4.406960288473262e-05	2.0066670609778194e-10	7.282194461757855e-05	1.482505278390098e-05	0.0006378750797448514	1.9914475015304768e-06	4.668048845627758e-10	4.650257360482916e-06	7.007471777646167e-06	1.4479019579508018e-06	2.5686080657857435e-06	0.002762333541255429	3.55624356514432e-10	1.1171681475936867e-06	6.9430315047621876e-06	0.00397405741605316	7.809383557464277e-11	1.924610725033254e-09
44.44444444444445	5.527149383047235e-10	4.3148654033761436e-05	1.9137528641150314e-10	7.137181702414492e-05	1.4469287328536194e-05	0.0006288430191405118	1.9361506287917715e-06	4.4635761079445435e-10	4.533750388516687e-06	6.829389936173995e-06	1.4076862163715557e-06	2.498255083424437e-06	0.002731067852255749	3.4003931422349665e-10	1.0848462920762653e-06	6.77014395519783e-06	0.003932280337732299	7.431506044348116e-11	1.8427441030869089e-09
44.949494949494955	5.292792624945779e-10	4.2275278484474e-05	1.8279108629190009e-10	6.999530548912008e-05	1.4132971671581892e-05	0.0006202200238362923	1.884074436791124e-06	4.274166776553735e-10	4.423715410313174e-06	6.661273721978595e-06	1.3698116923814713e-06	2.431976222200819e-06	0.00270113333637731	3.256027376150409e-10	1.0544426096216621e-06	6.606847331122981e-06	0.0038922487944667767	7.083145673963938e-11	1.7668080567545017e-09
45.45454545454546	5.075329870071223e-10	4.144668879234786e-05	1.7484537295156747e-10	6.86880566838049e-05	1.3814841618574989e-05	0.0006119843339629902	1.8349982904504375e-06	4.0984156076813814e-10	4.319763339819054e-06	6.502485196999103e-06	1.3341208810151364e-06	2.3694875257940314e-06	0.0026724644568181907	3.1220749558064285e-10	1.0258231969137186e-06	6.452533554136935e-06	0.003853879063589693	6.761339475776915e-11	1.6962620105190686e-09
45.959595959595966	4.873369529093891e-10	4.0660243823820374e-05	1.674840742608498e-10	6.744603791763281e-05	1.3513753472244618e-05	0.0006041160520134759	1.788722517287757e-06	3.935196727272644e-10	4.221512567014743e-06	6.352429398152741e-06	1.3004690268258721e-06	2.3105367734435713e-06	0.0026450010586079624	2.997677370568054e-10	9.988672655435004e-07	6.306634433069747e-06	0.0038170938333185922	6.463791018455279e-11	1.6306680973002847e-09
46.46464646464647	4.685464274641654e-10	3.9912829962933165e-05	1.606517977481477e-10	6.626478477699166e-05	1.3228455707987457e-05	0.0005965946062376495	1.7450188674071731e-06	3.7833439711033555e-10	4.128458844789865e-06	6.210396846611754e-06	1.268684403108434e-06	2.254849565463261e-06	0.0026186803413869386	2.881944396916638e-10	9.734358169757728e-07	6.168473588979154e-06	0.0037818136364145436	6.188172197905895e-11	1.5695673373906432e-09
46.969696969696976	4.510482592547348e-10	3.920202676131157e-05	1.543051681203921e-10	6.514066630647384e-05	1.2957937423572032e-05	0.0005894019309828113	1.7037106373959917e-06	3.6419431878594445e-10	4.040243686675705e-06	6.075849005920237e-06	1.2386372770314197e-06	2.202206009814116e-06	0.002593446515481991	2.7741787737415074e-10	9.494221400347454e-07	6.037536113430814e-06	0.003747967143591905	5.932659561882813e-11	1.5126013249366193e-09
47.47474747474748	4.34730504148665e-10	3.852599674766329e-05	1.4839967879364269e-10	6.407060275985311e-05	1.2701325337620655e-05	0.000582520101120588	1.6646549272364704e-06	3.5100834362556944e-10	3.956661471325134e-06	5.948384014958429e-06	1.210230130455886e-06	2.152413800185872e-06	0.0025692439162307507	2.673686954342745e-10	9.267409920349768e-07	5.913436103428884e-06	0.003715482552844252	5.695329766635036e-11	1.4594219226546542e-09
47.979797979797986	4.1950090155855135e-10	3.788276148716524e-05	1.4289984953932013e-10	6.30515376096761e-05	1.2457776560062109e-05	0.0005759329915882534	1.6277081680810105e-06	3.387017897798585e-10	3.877438361815339e-06	5.827568777394066e-06	1.1833592944641492e-06	2.105291038912761e-06	0.0025460223039002524	2.579899637669744e-10	9.053062442695461e-07	5.795758340930786e-06	0.003684295086729435	5.4746873191090466e-11	1.4097373874152619e-09
48.484848484848484	4.052661103425802e-10	3.72703630046924e-05	1.3776991193882879e-10	6.208053398686276e-05	1.2226473399615206e-05	0.0005696279639975746	1.5927255458349916e-06	3.271994172065901e-10	3.80226465653816e-06	5.7129602039046735e-06	1.1579173773269833e-06	2.0606595949221442e-06	0.00252374579544373	2.4922425211936805e-10	8.850301000329423e-07	5.684079926108541e-06	0.003654355603816897	5.2692295524017116e-11	1.3632519078962998e-09
48.98989898989899	3.9195039934656025e-10	3.668718678417239e-05	1.3298072276003286e-10	6.115505593230488e-05	1.2006719541527242e-05	0.0005635919606541538	1.5595898258571945e-06	3.1643992401545104e-10	3.730919009374987e-06	5.604206474590023e-06	1.1338201435508994e-06	2.0183696984792894e-06	0.0025023744970181084	2.4102482950074756e-10	8.658423482885819e-07	5.578063392107543e-06	0.0036256113984052835	5.077728075169694e-11	1.3197260680881215e-09
49.494949494949495	3.794777547618939e-10	3.6131447461214223e-05	1.285034341534241e-10	6.027246052916392e-05	1.179778917542271e-05	0.0005578111025696941	1.5281754826923997e-06	3.063619381584608e-10	3.6631396744939556e-06	5.500919951491725e-06	1.1109747367342667e-06	1.978264988330904e-06	0.0024818631777180065	2.333448820273038e-10	8.476672500269347e-07	5.477337887250805e-06	0.0035980065676531714	4.898980407540242e-11	1.2789178706414314e-09
50.0	3.6778510814752593e-10	3.5601642080221104e-05	1.2431415560839574e-10	5.943046825020038e-05	1.1599062480935189e-05	0.0005522738461606052	1.4983768636153224e-06	2.9691453583507564e-10	3.5987086427208155e-06	5.40277543294885e-06	1.0893035616375147e-06	1.9402130499654675e-06	0.002462175692640934	2.2614556702733718e-10	8.304413269522782e-07	5.381591793035971e-06	0.003571494264290482	4.7319923202783145e-11	1.2406263671852692e-09
