NON $ % + - . 0 1 2
#NON	a	d	g	h	e	c	b	f
0.0	0.5092172356979289	0.18509567422087914	0.9480451658065097	0.9500413316395372	0.4163795234018314	0.24811225456910824	0.06511943014904087	0.5745505552311408
0.5050505050505051	0.22657726148232898	0.21704913172498994	0.591062075264081	0.6132242294578216	0.3607169080788675	0.305225994296397	0.05716385563078316	0.3692036042478288
1.0101010101010102	0.13240198457606256	0.22404830141723556	0.40251643342317667	0.45168950301750704	0.3147499790827679	0.3058882149076711	0.05228550321881574	0.2839816833191302
1.5151515151515151	0.09895354917596433	0.2222815228090588	0.30296780108747123	0.37262243326152633	0.2836331480067757	0.2958406931074433	0.04844143254381538	0.2458889559003842
2.0202020202020203	0.08596736131659585	0.21852213042951246	0.2506482758593412	0.3335223358353837	0.26461029174724726	0.2872348414787722	0.04539296243347489	0.22804590787502918
2.5252525252525255	0.08041472370254285	0.2151386217764558	0.22333101259307775	0.3141011220915944	0.2536702577039977	0.2818328875004894	0.043114703982764055	0.21946427668956278
3.0303030303030303	0.07784401052217792	0.212683964039824	0.20917419783522662	0.30444043743463745	0.24762396511525073	0.2788719596148342	0.04151264639172137	0.215278771905995
3.5353535353535355	0.07659239699110354	0.2110787576608626	0.2018950229722984	0.299634473998939	0.2443722812678462	0.27738072853366474	0.040441061696703154	0.21322269902425062
4.040404040404041	0.07596820097463076	0.2100929731992836	0.198182110466206	0.2972447431251794	0.24265719896287724	0.27667845636349614	0.03975186075399047	0.21220903236641228
4.545454545454546	0.07565488603084279	0.20951321888100116	0.1963035927901721	0.2960572355160671	0.24176538056323726	0.27636893999431883	0.039321948605775474	0.21170838118969892
5.050505050505051	0.07549815570641404	0.209183189307062	0.19536102797229055	0.2954675268283859	0.24130656568510386	0.276243245349887	0.039060152234856704	0.21146088701831595
5.555555555555556	0.07542041337758944	0.20900021371754768	0.19489213039917785	0.2951748536353733	0.2410724260175916	0.2761984139206877	0.03890375522116608	0.21133848331553823
6.0606060606060606	0.07538227142308845	0.2089010593684857	0.19466098716034497	0.2950296824311384	0.24095369124065885	0.27618652193072296	0.03881175541427511	0.21127793555345994
6.565656565656566	0.07536378521193879	0.20884844807979655	0.194548159180443	0.29495770461571824	0.24089377340046234	0.2761865174572871	0.038758315266169845	0.21124798089342384
7.070707070707071	0.0753549436343114	0.20882110327675088	0.19449368476357345	0.294922030499131	0.2408636532150473	0.2761898017462224	0.038727594846191864	0.21123316079117047
7.575757575757576	0.07535077541973399	0.20880719378200988	0.1944677108556076	0.2949043541826057	0.24084855778493422	0.27619323855526823	0.038710087418235097	0.21122582803871331
8.080808080808081	0.07534884231971851	0.20880028667424388	0.19445550944403972	0.2948955983246821	0.24084101109973158	0.276195929273931	0.038700182750557074	0.21122220004927048
8.585858585858587	0.07534796258016671	0.2087969528918245	0.19444987949310616	0.294891260991602	0.240837244738708	0.27619779855543375	0.038694613148481424	0.21122040459025251
9.090909090909092	0.0753475726672754	0.20879540417068937	0.19444734747794074	0.29488911637282095	0.24083537084727685	0.27619901555945453	0.03869149928757686	0.21121951752528517
9.595959595959597	0.07534740463471822	0.20879472050098663	0.19444624030324453	0.29488805338552393	0.24083443774898186	0.2761997740570525	0.03868976591142964	0.2112190781121575
10.101010101010102	0.07534733574920277	0.20879444367551767	0.19444577995844925	0.29488752829432696	0.2408339749169352	0.2762002335526531	0.03868880605266882	0.2112188611689675
10.606060606060607	0.07534730895671961	0.2087943469391463	0.19444559882590665	0.29488726681327715	0.2408337438251159	0.276200505905568	0.03868827506529278	0.21121875317503375
11.111111111111112	0.07534729973417613	0.20879432525239566	0.19444553612199772	0.29488713652814186	0.2408336283665254	0.2762006655331692	0.03868798136032384	0.21121869938552704
11.616161616161618	0.07534729765650373	0.2087943319418256	0.19444552186426695	0.29488707209852877	0.2408335710939055	0.2762007586796175	0.03868781881517785	0.21121867279589618
12.121212121212121	0.07534729816457296	0.20879434713632217	0.19444552554735733	0.29488704161322987	0.24083354393313755	0.276200811170942	0.03868773167721597	0.21121866021866734
12.626262626262626	0.07534729903400536	0.20879436109986657	0.1944455320133282	0.2948870264232417	0.2408335303949109	0.2762008407423326	0.03868768411497502	0.2112186539520891
13.131313131313131	0.07534729980677711	0.20879437192840739	0.19444553784896576	0.2948870190505751	0.24083352382129627	0.2762008570229583	0.038687658689994034	0.21121865091068934
13.636363636363637	0.07534730033168922	0.20879437932528236	0.19444554186624732	0.2948870152110608	0.24083352039499306	0.2762008661652288	0.03868764464171747	0.21121864932697565
14.141414141414142	0.07534730064397561	0.2087943840568127	0.19444554430642028	0.2948870130644001	0.24083351847886658	0.2762008713734067	0.0386876366694303	0.21121864844155416
14.646464646464647	0.07534730083664586	0.2087943870837721	0.19444554583668278	0.2948870118953581	0.2408335174358112	0.2762008743380472	0.03868763217280801	0.21121864795933956
15.151515151515152	0.07534730096371486	0.20879438903267225	0.19444554684730153	0.29488701129886574	0.24083351690351062	0.2762008760163788	0.03868762967786979	0.2112186477133013
15.656565656565657	0.07534730104533298	0.20879439026627436	0.194445547493953	0.29488701099636216	0.24083351663318242	0.2762008769634398	0.038687628296028884	0.21121864758854958
16.161616161616163	0.07534730109469817	0.20879439103063777	0.19444554788420038	0.29488701083578095	0.2408335164895348	0.27620087749530037	0.03868762752687489	0.21121864752233488
16.666666666666668	0.07534730112819843	0.20879439156234306	0.19444554814941467	0.2948870107333879	0.24083351639795075	0.2762008778434735	0.03868762702540021	0.21121864748011282
17.171717171717173	0.0753473011609586	0.20879439207570313	0.1944455484089534	0.29488701063143435	0.24083351630668087	0.2762008781885729	0.03868762652797412	0.21121864743807692
17.67676767676768	0.07534730118300047	0.20879439242707248	0.1944455485846058	0.2948870105668257	0.2408335162488532	0.27620087841451285	0.03868762620398327	0.21121864741143784
18.181818181818183	0.075347301194324	0.20879439261645116	0.19444554867637187	0.29488701053956184	0.24083351622446772	0.2762008785212932	0.038687626053427675	0.2112186474001956
18.68686868686869	0.07534730119492923	0.20879439264383914	0.19444554868425162	0.29488701054964284	0.24083351623352445	0.27620087850891406	0.03868762607630733	0.2112186474043502
19.191919191919194	0.07534730119093451	0.20879439259974125	0.19444554865574235	0.29488701057413746	0.24083351625548527	0.27620087844791485	0.038687626169306724	0.21121864741444754
19.6969696969697	0.07534730119489413	0.20879439266986438	0.19444554868830388	0.29488701056599315	0.24083351624820812	0.27620087848303565	0.0386876261204327	0.21121864741108878
20.202020202020204	0.0753473011956687	0.20879439268943092	0.19444554869546019	0.29488701056695954	0.24083351624908564	0.27620087848584873	0.038687626117786644	0.21121864741148652
20.70707070707071	0.07534730119325819	0.20879439265844088	0.19444554867721128	0.29488701057703676	0.24083351625811783	0.2762008784563541	0.03868762616136855	0.21121864741564075
21.212121212121215	0.07534730118766261	0.20879439257689422	0.19444554863355715	0.2948870105962247	0.24083351627530472	0.27620087839455176	0.03868762625117843	0.21121864742355145
21.71717171717172	0.0753473011839209	0.2087943925365345	0.19444554860640242	0.2948870106171301	0.24083351629404257	0.2762008783403982	0.03868762633306791	0.21121864743216956
22.222222222222225	0.07534730118091174	0.208794392487085	0.19444554858207433	0.2948870106235728	0.24083351629981126	0.27620087831332774	0.038687626370878025	0.2112186474348258
22.72727272727273	0.07534730117790259	0.20879439243763553	0.19444554855774623	0.2948870106300155	0.24083351630557995	0.2762008782862573	0.03868762640868814	0.21121864743748206
23.232323232323235	0.07534730117489344	0.20879439238818603	0.19444554853341814	0.29488701063645817	0.2408335163113486	0.2762008782591868	0.03868762644649826	0.21121864744013832
23.73737373737374	0.07534730117188428	0.20879439233873656	0.19444554850909004	0.2948870106429009	0.2408335163171173	0.27620087823211636	0.038687626484308374	0.2112186474427946
24.242424242424242	0.07534730116996824	0.20879439230720645	0.19444554849359547	0.29488701064698525	0.24083351632077443	0.2762008782149089	0.038687626508334114	0.21121864744447855
24.747474747474747	0.0753473011698623	0.2087943923053494	0.1944455484927285	0.29488701064716455	0.24083351632093503	0.2762008782140339	0.03868762650953396	0.21121864744455246
25.252525252525253	0.07534730116975635	0.2087943923034924	0.19444554849186152	0.2948870106473438	0.24083351632109562	0.27620087821315886	0.0386876265107338	0.21121864744462635
25.757575757575758	0.07534730116965041	0.20879439230163538	0.19444554849099457	0.29488701064752304	0.24083351632125619	0.2762008782122838	0.038687626511933644	0.21121864744470026
26.262626262626263	0.07534730116954447	0.20879439229977834	0.1944455484901276	0.29488701064770234	0.24083351632141678	0.27620087821140876	0.03868762651313349	0.21121864744477417
26.767676767676768	0.07534730116943852	0.20879439229792132	0.19444554848926063	0.2948870106478816	0.24083351632157737	0.27620087821053374	0.038687626514333336	0.21121864744484808
27.272727272727273	0.07534730116933258	0.2087943922960643	0.19444554848839365	0.2948870106480609	0.24083351632173797	0.2762008782096587	0.038687626515533174	0.21121864744492197
27.77777777777778	0.07534730116922664	0.20879439229420726	0.1944455484875267	0.29488701064824013	0.24083351632189853	0.2762008782087837	0.03868762651673302	0.21121864744499588
28.282828282828284	0.0753473011691207	0.20879439229235025	0.19444554848665974	0.2948870106484194	0.24083351632205913	0.2762008782079087	0.038687626517932866	0.2112186474450698
28.78787878787879	0.07534730116901475	0.20879439229049324	0.19444554848579276	0.2948870106485987	0.24083351632221972	0.27620087820703365	0.038687626519132705	0.21121864744514368
29.292929292929294	0.07534730116890881	0.2087943922886362	0.1944455484849258	0.2948870106487779	0.2408335163223803	0.27620087820615863	0.03868762652033255	0.2112186474452176
29.7979797979798	0.07534730116880287	0.20879439228677918	0.19444554848405884	0.2948870106489572	0.24083351632254088	0.2762008782052836	0.038687626521532396	0.2112186474452915
30.303030303030305	0.07534730116869692	0.20879439228492214	0.19444554848319187	0.29488701064913647	0.24083351632270147	0.27620087820440853	0.03868762652273224	0.21121864744536542
30.80808080808081	0.07534730116859098	0.20879439228306512	0.1944455484823249	0.2948870106493157	0.24083351632286207	0.2762008782035335	0.03868762652393208	0.2112186474454393
31.313131313131315	0.07534730116848504	0.2087943922812081	0.19444554848145792	0.294887010649495	0.24083351632302263	0.2762008782026585	0.03868762652513193	0.21121864744551322
31.81818181818182	0.0753473011683791	0.20879439227935107	0.19444554848059095	0.29488701064967426	0.24083351632318323	0.27620087820178346	0.03868762652633177	0.21121864744558713
32.323232323232325	0.07534730116827315	0.20879439227749405	0.194445548479724	0.29488701064985356	0.24083351632334382	0.27620087820090844	0.03868762652753161	0.21121864744566105
32.82828282828283	0.07534730116816721	0.20879439227563704	0.19444554847885703	0.2948870106500328	0.2408335163235044	0.2762008782000334	0.03868762652873146	0.21121864744573493
33.333333333333336	0.07534730116806126	0.20879439227378	0.19444554847799006	0.29488701065021206	0.24083351632366498	0.2762008781991584	0.0386876265299313	0.21121864744580884
33.83838383838384	0.07534730116795532	0.20879439227192298	0.1944455484771231	0.29488701065039136	0.24083351632382557	0.2762008781982834	0.03868762653113115	0.21121864744588276
34.343434343434346	0.07534730116784938	0.20879439227006596	0.19444554847625614	0.2948870106505706	0.24083351632398617	0.27620087819740835	0.03868762653233099	0.21121864744595667
34.84848484848485	0.07534730116774344	0.20879439226820892	0.19444554847538917	0.2948870106507499	0.24083351632414673	0.27620087819653333	0.03868762653353083	0.21121864744603056
35.35353535353536	0.07534730116763749	0.2087943922663519	0.1944455484745222	0.29488701065092915	0.24083351632430733	0.27620087819565825	0.03868762653473068	0.21121864744610447
35.85858585858586	0.07534730116753155	0.20879439226449487	0.19444554847365522	0.2948870106511084	0.24083351632446792	0.27620087819478323	0.03868762653593052	0.21121864744617838
36.36363636363637	0.0753473011674256	0.20879439226263785	0.19444554847278828	0.2948870106512877	0.24083351632462852	0.2762008781939082	0.038687626537130364	0.2112186474462523
36.86868686868687	0.07534730116731966	0.20879439226078084	0.1944455484719213	0.29488701065146694	0.24083351632478908	0.2762008781930332	0.03868762653833021	0.21121864744632618
37.37373737373738	0.07534730116721372	0.2087943922589238	0.19444554847105433	0.29488701065164624	0.24083351632494968	0.27620087819215816	0.038687626539530055	0.2112186474464001
37.87878787878788	0.07534730116710778	0.20879439225706678	0.19444554847018736	0.2948870106518255	0.24083351632511027	0.27620087819128314	0.038687626540729894	0.211218647446474
38.38383838383839	0.07534730116700185	0.20879439225520977	0.1944455484693204	0.29488701065200473	0.24083351632527084	0.2762008781904081	0.03868762654192974	0.2112186474465479
38.88888888888889	0.0753473011668959	0.20879439225335272	0.19444554846845344	0.29488701065218403	0.24083351632543143	0.2762008781895331	0.038687626543129586	0.2112186474466218
39.3939393939394	0.07534730116678996	0.2087943922514957	0.19444554846758647	0.2948870106523633	0.24083351632559202	0.27620087818865807	0.03868762654432943	0.21121864744669572
39.8989898989899	0.07534730116668402	0.2087943922496387	0.1944455484667195	0.2948870106525426	0.24083351632575262	0.276200878187783	0.03868762654552927	0.21121864744676963
40.40404040404041	0.07534730116657808	0.20879439224778165	0.19444554846585255	0.2948870106527218	0.24083351632591318	0.27620087818690797	0.038687626546729116	0.21121864744684352
40.909090909090914	0.07534730116647213	0.20879439224592464	0.19444554846498557	0.29488701065290107	0.24083351632607378	0.27620087818603295	0.03868762654792896	0.21121864744691743
41.41414141414142	0.07534730116636619	0.2087943922440676	0.1944455484641186	0.2948870106530804	0.24083351632623437	0.2762008781851579	0.0386876265491288	0.21121864744699134
41.919191919191924	0.07534730116626025	0.20879439224221058	0.19444554846325163	0.2948870106532596	0.24083351632639494	0.2762008781842829	0.038687626550328647	0.21121864744706526
42.42424242424243	0.0753473011661543	0.20879439224035357	0.19444554846238465	0.2948870106534389	0.24083351632655553	0.2762008781834079	0.03868762655152849	0.21121864744713914
42.929292929292934	0.07534730116604836	0.20879439223849652	0.1944455484615177	0.29488701065361816	0.24083351632671612	0.27620087818253286	0.03868762655272834	0.21121864744721305
43.43434343434344	0.07534730116594242	0.2087943922366395	0.19444554846065074	0.2948870106537974	0.24083351632687672	0.27620087818165784	0.03868762655392818	0.21121864744728697
43.939393939393945	0.07534730116583647	0.2087943922347825	0.19444554845978376	0.2948870106539767	0.24083351632703728	0.2762008781807828	0.03868762655512802	0.21121864744736088
44.44444444444445	0.07534730116573053	0.20879439223292545	0.1944455484589168	0.29488701065415596	0.24083351632719788	0.2762008781799078	0.03868762655632787	0.21121864744743477
44.949494949494955	0.07534730116562459	0.20879439223106844	0.19444554845804984	0.29488701065433526	0.24083351632735847	0.2762008781790327	0.03868762655752771	0.21121864744750868
45.45454545454546	0.07534730116551865	0.20879439222921142	0.19444554845718287	0.2948870106545145	0.24083351632751904	0.2762008781781577	0.03868762655872755	0.2112186474475826
45.959595959595966	0.0753473011654127	0.20879439222735438	0.1944455484563159	0.29488701065469375	0.24083351632767963	0.27620087817728267	0.0386876265599274	0.2112186474476565
46.46464646464647	0.07534730116530676	0.20879439222549737	0.19444554845544892	0.29488701065487305	0.24083351632784022	0.27620087817640765	0.038687626561127245	0.2112186474477304
46.969696969696976	0.07534730116520082	0.20879439222364032	0.19444554845458198	0.2948870106550523	0.24083351632800082	0.2762008781755326	0.03868762656232708	0.2112186474478043
47.47474747474748	0.07534730116509487	0.2087943922217833	0.194445548453715	0.2948870106552316	0.24083351632816138	0.2762008781746576	0.03868762656352693	0.21121864744787822
47.979797979797986	0.07534730116498893	0.2087943922199263	0.19444554845284803	0.29488701065541084	0.24083351632832198	0.2762008781737826	0.038687626564726775	0.2112186474479521
48.484848484848484	0.07534730116488299	0.20879439221806925	0.19444554845198106	0.2948870106555901	0.24083351632848257	0.27620087817290756	0.038687626565926614	0.21121864744802601
48.98989898989899	0.07534730116477704	0.20879439221621224	0.19444554845111411	0.2948870106557694	0.24083351632864317	0.27620087817203254	0.03868762656712646	0.21121864744809993
49.494949494949495	0.07534730116474465	0.2087943922156414	0.19444554845084883	0.29488701065582335	0.2408335163286915	0.2762008781717664	0.03868762656749088	0.21121864744812216
50.0	0.075347301164741	0.20879439221557308	0.19444554845081866	0.29488701065582834	0.24083351632869596	0.2762008781717383	0.038687626567528895	0.2112186474481242
