NON $ % + -
#NON	b	c	a	d
0.0	0.2447350762247743	0.8701297486947349	0.9518586666011424	0.9383149253441955
0.5050505050505051	0.22224120823739266	0.5331629380092088	0.3300338282269226	0.5959178871844558
1.0101010101010102	0.20095661926997416	0.37627211617977613	0.12826614603821138	0.37815500091324705
1.5151515151515151	0.1852905277893661	0.300739004767417	0.057917493633524324	0.24074331855879613
2.0202020202020203	0.17571519155349835	0.26330309850283645	0.03121077993748357	0.15483434421485845
2.5252525252525255	0.17091921925028003	0.24441602385206276	0.020113989851429946	0.10158508033425014
3.0303030303030303	0.16922962577901285	0.2348268288093647	0.015106269447923272	0.06882827748578425
3.5353535353535355	0.16925348521117742	0.22997214670861846	0.012696375682605215	0.048811030587605074
4.040404040404041	0.17003950702430146	0.22753902258895112	0.011485613494888951	0.036650420397016575
4.545454545454546	0.17102793681216227	0.22633981370858125	0.010861820083631039	0.029301299249466516
5.050505050505051	0.17193982108530967	0.22576312035810878	0.01053641127898067	0.024880667983382437
5.555555555555556	0.17267053582099595	0.22549561509768395	0.010365944876801121	0.02223273530081538
6.0606060606060606	0.17320872518298983	0.22537829000593265	0.010276743582400273	0.020652657077972182
6.565656565656566	0.17358332878190863	0.22533162339211452	0.010230286335191822	0.019713044885875414
7.070707070707071	0.17383385745841035	0.22531664642974464	0.010206274240332663	0.019156061453914318
7.575757575757576	0.17399660941277387	0.22531479475423344	0.010193991168360112	0.018826855457721156
8.080808080808081	0.17410008714416983	0.22531758468750485	0.010187792588695668	0.018632803921577918
8.585858585858587	0.17416482064730554	0.22532138695756346	0.010184719724376474	0.018518708270671147
9.090909090909092	0.17420481752950046	0.22532482716757085	0.010183232694453627	0.018451784778419647
9.595959595959597	0.17422929165370016	0.22532751991378588	0.010182536890259821	0.01841261718121301
10.101010101010102	0.17424415414890615	0.2253294760438242	0.010182227601984908	0.018389742891704502
10.606060606060607	0.1742531226871663	0.22533083334831833	0.01018210151301748	0.01837641205805396
11.111111111111112	0.174258508381266	0.22533174631604666	0.010182058408885957	0.01836865631664312
11.616161616161618	0.17426172809266233	0.22533234718930975	0.010182050518946318	0.018364154093781778
12.121212121212121	0.17426364592052102	0.22533273588500585	0.010182055569318858	0.018361545051721533
12.626262626262626	0.1742647844980971	0.22533298414066807	0.010182063979472985	0.018360036107066414
13.131313131313131	0.17426545859983905	0.22533314090321566	0.010182071870630489	0.0183591634755807
13.636363636363637	0.17426585641790196	0.22533323920308282	0.010182078293068435	0.018358662488593688
14.141414141414142	0.174266090652308	0.22533330026231171	0.010182082982542357	0.018358374065357456
14.646464646464647	0.17426622786983723	0.22533333788090937	0.010182086227181643	0.018358208342702974
15.151515151515152	0.1742663088772428	0.22533336104376575	0.010182088427323566	0.018358113126391025
15.656565656565657	0.17426635633230617	0.22533337522585134	0.010182089873094716	0.018358058343947808
16.161616161616163	0.17426638434424035	0.22533338396313338	0.01018209082305305	0.01835802670325842
16.666666666666668	0.17426640044074607	0.22533338920631077	0.010182091429945016	0.018358009057628362
17.171717171717173	0.17426640965378273	0.2253333923404596	0.010182091810795421	0.01835799920353389
17.67676767676768	0.17426641503225712	0.2253333942360167	0.01018209204843409	0.018357993547931932
18.181818181818183	0.17426641814307897	0.22533339536951555	0.010182092194671918	0.018357990343538737
18.68686868686869	0.17426641997613124	0.22533339605401168	0.010182092285005577	0.018357988498016505
19.191919191919194	0.17426642106662965	0.22533339646954062	0.010182092340821472	0.01835798742300985
19.6969696969697	0.17426642171056125	0.22533339672148292	0.010182092375248253	0.018357986798782172
20.202020202020204	0.17426642208589543	0.22533339687349138	0.010182092396409638	0.0183579864403921
20.70707070707071	0.17426642249772098	0.2253333970373187	0.010182092419016821	0.018357986044914745
21.212121212121215	0.17426642281514254	0.22533339716432124	0.010182092436610165	0.01835798574159794
21.71717171717172	0.17426642301763015	0.22533339724687076	0.010182092448176763	0.018357985550714457
22.222222222222225	0.17426642310518375	0.2253333972849673	0.01018209245371662	0.018357985472264304
22.72727272727273	0.1742664230778034	0.2253333972786108	0.01018209245322973	0.018357985506247475
23.232323232323235	0.1742664229640297	0.22533339723865117	0.010182092448169994	0.018357985624423964
23.73737373737374	0.17426642300676543	0.22533339725742932	0.010182092450911165	0.018357985586449462
24.242424242424242	0.1742664230200708	0.22533339726425913	0.010182092451981253	0.018357985576305233
24.747474747474747	0.17426642300394588	0.22533339725914067	0.010182092451380255	0.018357985593991273
25.252525252525253	0.17426642295839062	0.22533339724207388	0.010182092449108173	0.01835798563950759
25.757575757575758	0.17426642288340508	0.22533339721305878	0.010182092445165004	0.01835798571285418
26.262626262626263	0.17426642281185034	0.22533339718886644	0.01018209244218143	0.018357985788902426
26.767676767676768	0.17426642278501528	0.2253333971772666	0.010182092440496652	0.018357985813018264
27.272727272727273	0.17426642275818024	0.22533339716566678	0.010182092438811872	0.018357985837134102
27.77777777777778	0.17426642273134518	0.22533339715406694	0.010182092437127093	0.01835798586124994
28.282828282828284	0.17426642270451015	0.2253333971424671	0.010182092435442314	0.01835798588536578
28.78787878787879	0.1742664226776751	0.22533339713086728	0.010182092433757535	0.01835798590948162
29.292929292929294	0.17426642266467526	0.22533339712523628	0.010182092432938827	0.01835798592114306
29.7979797979798	0.1742664226638634	0.22533339712486344	0.010182092432883077	0.01835798592183293
30.303030303030305	0.17426642266305153	0.22533339712449063	0.010182092432827325	0.018357985922522795
30.80808080808081	0.17426642266223968	0.2253333971241178	0.010182092432771574	0.01835798592321266
31.313131313131315	0.17426642266142783	0.22533339712374495	0.010182092432715822	0.018357985923902528
31.81818181818182	0.17426642266061595	0.22533339712337214	0.010182092432660071	0.018357985924592393
32.323232323232325	0.1742664226598041	0.2253333971229993	0.01018209243260432	0.018357985925282257
32.82828282828283	0.17426642265899223	0.22533339712262648	0.010182092432548568	0.018357985925972126
33.333333333333336	0.17426642265818038	0.22533339712225364	0.010182092432492818	0.01835798592666199
33.83838383838384	0.17426642265736852	0.22533339712188083	0.010182092432437066	0.018357985927351855
34.343434343434346	0.17426642265655665	0.225333397121508	0.010182092432381315	0.018357985928041724
34.84848484848485	0.1742664226557448	0.22533339712113518	0.010182092432325563	0.01835798592873159
35.35353535353536	0.17426642265493295	0.22533339712076234	0.010182092432269812	0.018357985929421453
35.85858585858586	0.17426642265412107	0.22533339712038952	0.010182092432214062	0.01835798593011132
36.36363636363637	0.17426642265330922	0.22533339712001668	0.01018209243215831	0.018357985930801186
36.86868686868687	0.17426642265249737	0.22533339711964387	0.010182092432102559	0.01835798593149105
37.37373737373738	0.1742664226516855	0.22533339711927103	0.010182092432046807	0.01835798593218092
37.87878787878788	0.17426642265087364	0.22533339711889822	0.010182092431991056	0.018357985932870784
38.38383838383839	0.1742664226500618	0.22533339711852537	0.010182092431935304	0.01835798593356065
38.88888888888889	0.1742664226492499	0.22533339711815256	0.010182092431879553	0.018357985934250518
39.3939393939394	0.17426642264843806	0.22533339711777972	0.010182092431823803	0.018357985934940382
39.8989898989899	0.1742664226476262	0.2253333971174069	0.01018209243176805	0.018357985935630247
40.40404040404041	0.17426642264681433	0.22533339711703407	0.0101820924317123	0.018357985936320115
40.909090909090914	0.17426642264600248	0.22533339711666125	0.010182092431656548	0.01835798593700998
41.41414141414142	0.17426642264519063	0.22533339711628841	0.010182092431600797	0.018357985937699845
41.919191919191924	0.17426642264437875	0.2253333971159156	0.010182092431545045	0.018357985938389713
42.42424242424243	0.1742664226435669	0.22533339711554276	0.010182092431489294	0.018357985939079578
42.929292929292934	0.17426642264275505	0.22533339711516992	0.010182092431433544	0.018357985939769443
43.43434343434344	0.17426642264194317	0.2253333971147971	0.010182092431377791	0.01835798594045931
43.939393939393945	0.17426642264113132	0.22533339711442427	0.01018209243132204	0.018357985941149176
44.44444444444445	0.17426642264031947	0.22533339711405145	0.010182092431266289	0.01835798594183904
44.949494949494955	0.1742664226395076	0.2253333971136786	0.010182092431210538	0.01835798594252891
45.45454545454546	0.17426642263869574	0.2253333971133058	0.010182092431154786	0.018357985943218774
45.959595959595966	0.1742664226378839	0.22533339711293296	0.010182092431099035	0.01835798594390864
46.46464646464647	0.174266422637072	0.22533339711256015	0.010182092431043285	0.018357985944598507
46.969696969696976	0.17426642263626016	0.2253333971121873	0.010182092430987532	0.018357985945288372
47.47474747474748	0.1742664226354483	0.2253333971118145	0.010182092430931782	0.018357985945978237
47.979797979797986	0.17426642263463643	0.22533339711144165	0.01018209243087603	0.018357985946668105
48.484848484848484	0.17426642263382458	0.22533339711106884	0.010182092430820279	0.01835798594735797
48.98989898989899	0.17426642263301273	0.225333397110696	0.010182092430764527	0.018357985948047835
49.494949494949495	0.17426642263220085	0.22533339711032319	0.010182092430708776	0.018357985948737703
50.0	0.174266422631389	0.22533339710995035	0.010182092430653026	0.018357985949427568
