NON $ % + - . 0
#NON	a	f	b	d	c	e
0.0	0.4967332306189499	0.6079279671284741	0.15876693808025	0.8208956702777108	0.9727819109972711	0.06676893584722576
0.5050505050505051	0.31430469086451285	0.3435455637945742	0.2433850406208038	0.5162092941017048	0.47615785142915634	0.1951337014920017
1.0101010101010102	0.23615378650749053	0.2348977478069121	0.25607282784833685	0.32876376029692056	0.28822421579155744	0.2030654064523097
1.5151515151515151	0.19818519523480269	0.18576568111401057	0.24143259603864856	0.21443106825862196	0.21192440150358527	0.1880197802594247
2.0202020202020203	0.17872408991103061	0.16290836541155615	0.21816637011305517	0.14526344969812882	0.17952583800637797	0.1740663507966955
2.5252525252525255	0.16888415571160295	0.15273421767643233	0.1944678707551369	0.1037522093778395	0.1658815923154276	0.16516879431725406
3.0303030303030303	0.16425537120403544	0.14882143888036609	0.17390157601092332	0.07904302838796202	0.16068174299146726	0.16044589316552527
3.5353535353535355	0.16239015952372665	0.14789718014611655	0.15772165766655372	0.06446518619090776	0.15930029419022806	0.15835912254474377
4.040404040404041	0.16189898248194992	0.14825984728626915	0.145915106154526	0.055948789141696154	0.15953445521887233	0.15771026853158793
4.545454545454546	0.1620150848012294	0.14904640414803053	0.137818083059247	0.051027548317881186	0.16032066621758215	0.15774260634789208
5.050505050505051	0.16233951874889607	0.1498528121615205	0.1325437898529533	0.04821772338849607	0.16116977906965954	0.15803275099215397
5.555555555555556	0.16268378241264486	0.15052171726356828	0.1292505184410443	0.04663416028849728	0.16188832317225857	0.15836956461766727
6.0606060606060606	0.16297341978518012	0.15101907049473526	0.12726418801576733	0.045754041815459626	0.16242847795422438	0.15866380437540897
6.565656565656566	0.1631907394141799	0.15136389931836633	0.12609999378850192	0.04527211450466159	0.16280571101166955	0.15888958838680134
7.070707070707071	0.16334253184451653	0.15159135687294356	0.1254340757635977	0.04501241113404669	0.1630558808380866	0.15904980170182526
7.575757575757576	0.16344332106936554	0.1517357923477357	0.12506127903561895	0.04487485995299297	0.16321541368896114	0.15915748627975407
8.080808080808081	0.16350772034658798	0.15182476430383354	0.12485666900601114	0.04480339990148588	0.16331403225784138	0.15922698068664623
8.585858585858587	0.16354761970596024	0.15187819791464724	0.12474651876934696	0.044767085931863654	0.1633734393510536	0.15927040408579035
9.090909090909092	0.1635717118304427	0.15190959132894516	0.12468838768349338	0.04474911537896729	0.16340843682096898	0.1592968208720513
9.595959595959597	0.16358593866626747	0.15192767594161682	0.1246583482793804	0.04474050787548842	0.16342864770563495	0.15931252581835437
10.101010101010102	0.1635941751687799	0.1519379068474643	0.12464319522280767	0.04473656563484598	0.16344010843692824	0.15932167510862746
10.606060606060607	0.1635988573752736	0.1519435948642199	0.12463576634896913	0.044734873326062484	0.16344649485884838	0.15932690691580256
11.111111111111112	0.1636014722957947	0.1519467028529946	0.12463225631073437	0.044734223384696827	0.16344999250883663	0.15932984596585867
11.616161616161618	0.16360290853924764	0.15194837197862268	0.12463067681174643	0.04473402721017216	0.16345187543258996	0.15933146955116964
12.121212121212121	0.16360368226766123	0.1519492503634926	0.12463002314720413	0.044734012539719474	0.16345286888610588	0.15933234988502593
12.626262626262626	0.1636040927627351	0.1519497032904753	0.12462978646917934	0.04473405522289371	0.1634533827306285	0.15933281919755735
13.131313131313131	0.16360430526637124	0.15194993162603337	0.12462972643231972	0.04473410632596006	0.16345364260388656	0.15933306436764105
13.636363636363637	0.1636044123340286	0.15195004311574933	0.1246297333879442	0.044734149474851215	0.16345376998451192	0.15933318921873924
14.141414141414142	0.16360446686708918	0.15195009608300264	0.12462975822841557	0.0447341806270112	0.16345383093565458	0.15933325230217926
14.646464646464647	0.16360449303056981	0.15195012054929521	0.12462978322097186	0.04473420166553174	0.16345385924819775	0.15933328323153179
15.151515151515152	0.1636045038050389	0.1519501306661892	0.12462980365100997	0.04473421563261438	0.1634538710308483	0.15933329719478564
15.656565656565657	0.1636045088951748	0.15195013402423302	0.12462981884892087	0.04473422440646416	0.16345387511475892	0.15933330331497206
16.161616161616163	0.16360451090190226	0.15195013479714056	0.12462982892913377	0.044734229656041326	0.16345387615731624	0.15933330570581236
16.666666666666668	0.16360451148181435	0.15195013478137817	0.12462983558465592	0.044734232998715005	0.16345387623248334	0.15933330665814624
17.171717171717173	0.16360451175571716	0.15195013461284496	0.12462984040545032	0.04473423536284748	0.1634538761076627	0.1593333071734187
17.67676767676768	0.16360451159600334	0.151950134141204	0.12462984296440625	0.04473423646549412	0.16345387560792937	0.15933330703094473
18.181818181818183	0.16360451144401794	0.15195013376675065	0.12462984480548303	0.04473423724741873	0.1634538752081514	0.1593333068891748
18.68686868686869	0.16360451125314554	0.1519501334472051	0.12462984576560567	0.04473423760925661	0.16345387485817262	0.15933330667856252
19.191919191919194	0.16360451093515413	0.15195013295487525	0.12462984692907102	0.04473423800668672	0.163453874314743	0.1593333063086948
19.6969696969697	0.16360451083010227	0.15195013290010773	0.12462984636800392	0.04473423770582069	0.1634538742442812	0.15933330616606675
20.202020202020204	0.1636045107250504	0.15195013284534023	0.12462984580693683	0.04473423740495465	0.16345387417381937	0.15933330602343868
20.70707070707071	0.16360451068423146	0.15195013283034853	0.12462984553025297	0.04473423726097257	0.16345387415276286	0.15933330596634412
21.212121212121215	0.16360451067680276	0.15195013283603354	0.12462984540140007	0.0447342371985435	0.16345387415738863	0.15933330595371245
21.71717171717172	0.16360451066937404	0.15195013284171852	0.12462984527254717	0.04473423713611442	0.16345387416201443	0.15933330594108078
22.222222222222225	0.1636045106619453	0.15195013284740352	0.12462984514369428	0.04473423707368535	0.16345387416664023	0.15933330592844908
22.72727272727273	0.16360451065451662	0.15195013285308853	0.12462984501484138	0.04473423701125628	0.16345387417126603	0.1593333059158174
23.232323232323235	0.1636045106470879	0.1519501328587735	0.12462984488598848	0.0447342369488272	0.16345387417589183	0.15933330590318573
23.73737373737374	0.16360451063965917	0.15195013286445852	0.1246298447571356	0.044734236886398125	0.1634538741805176	0.15933330589055406
24.242424242424242	0.16360451063748746	0.1519501328691689	0.12462984469065116	0.044734236854826255	0.16345387418493115	0.15933330588600214
24.747474747474747	0.1636045106385655	0.15195013287327677	0.124629844662721	0.04473423684232935	0.1634538741892135	0.15933330588644487
25.252525252525253	0.1636045106396435	0.15195013287738468	0.12462984463479085	0.04473423682983244	0.16345387419349583	0.15933330588688763
25.757575757575758	0.16360451064072154	0.1519501328814926	0.12462984460686069	0.044734236817335536	0.16345387419777818	0.15933330588733036
26.262626262626263	0.16360451064179957	0.15195013288560047	0.12462984457893052	0.04473423680483864	0.1634538742020605	0.1593333058877731
26.767676767676768	0.1636045106428776	0.15195013288970838	0.12462984455100036	0.04473423679234173	0.16345387420634286	0.15933330588821587
27.272727272727273	0.16360451064395562	0.15195013289381626	0.1246298445230702	0.044734236779844824	0.16345387421062518	0.1593333058886586
27.77777777777778	0.16360451064450177	0.1519501328957205	0.12462984451058343	0.04473423677428199	0.16345387421261695	0.15933330588893166
28.282828282828284	0.1636045106446595	0.1519501328960158	0.12462984450937208	0.044734236773781834	0.1634538742129364	0.15933330588908082
28.78787878787879	0.16360451064481724	0.15195013289631112	0.12462984450816074	0.04473423677328168	0.1634538742132558	0.15933330588922995
29.292929292929294	0.163604510644975	0.15195013289660642	0.12462984450694939	0.04473423677278152	0.1634538742135752	0.15933330588937908
29.7979797979798	0.16360451064513273	0.15195013289690174	0.12462984450573804	0.04473423677228137	0.16345387421389465	0.15933330588952824
30.303030303030305	0.1636045106452905	0.15195013289719705	0.12462984450452669	0.04473423677178121	0.16345387421421406	0.15933330588967737
30.80808080808081	0.16360451064544823	0.15195013289749235	0.12462984450331535	0.044734236771281057	0.16345387421453347	0.15933330588982653
31.313131313131315	0.163604510645606	0.15195013289778767	0.124629844502104	0.0447342367707809	0.1634538742148529	0.15933330588997566
31.81818181818182	0.16360451064576373	0.15195013289808296	0.12462984450089265	0.044734236770280746	0.16345387421517232	0.15933330589012482
32.323232323232325	0.1636045106459215	0.15195013289837828	0.12462984449968131	0.04473423676978059	0.16345387421549176	0.15933330589027395
32.82828282828283	0.16360451064607923	0.1519501328986736	0.12462984449846996	0.044734236769280435	0.16345387421581117	0.15933330589042308
33.333333333333336	0.163604510646237	0.1519501328989689	0.12462984449725861	0.04473423676878028	0.16345387421613058	0.15933330589057224
33.83838383838384	0.16360451064639472	0.1519501328992642	0.12462984449604726	0.044734236768280124	0.16345387421645002	0.15933330589072137
34.343434343434346	0.16360451064655246	0.1519501328995595	0.12462984449483593	0.04473423676777997	0.16345387421676943	0.15933330589087052
34.84848484848485	0.16360451064671022	0.15195013289985482	0.12462984449362458	0.04473423676727981	0.16345387421708887	0.15933330589101966
35.35353535353536	0.16360451064686796	0.15195013290015014	0.12462984449241322	0.04473423676677966	0.16345387421740828	0.1593333058911688
35.85858585858586	0.16360451064702572	0.15195013290044543	0.12462984449120189	0.0447342367662795	0.1634538742177277	0.15933330589131794
36.36363636363637	0.16360451064718345	0.15195013290074075	0.12462984448999054	0.044734236765779346	0.16345387421804713	0.15933330589146708
36.86868686868687	0.16360451064734122	0.15195013290103604	0.12462984448877919	0.04473423676527919	0.16345387421836655	0.15933330589161623
37.37373737373738	0.16360451064749895	0.15195013290133136	0.12462984448756784	0.044734236764779035	0.16345387421868596	0.15933330589176536
37.87878787878788	0.16360451064765671	0.15195013290162668	0.1246298444863565	0.04473423676427888	0.1634538742190054	0.15933330589191452
38.38383838383839	0.16360451064781445	0.15195013290192197	0.12462984448514515	0.044734236763778724	0.1634538742193248	0.15933330589206365
38.88888888888889	0.16360451064797218	0.1519501329022173	0.1246298444839338	0.04473423676327857	0.16345387421964425	0.1593333058922128
39.3939393939394	0.16360451064812995	0.15195013290251258	0.12462984448272245	0.04473423676277841	0.16345387421996366	0.15933330589236194
39.8989898989899	0.16360451064828768	0.1519501329028079	0.12462984448151111	0.04473423676227825	0.16345387422028307	0.1593333058925111
40.40404040404041	0.16360451064844544	0.15195013290310322	0.12462984448029976	0.044734236761778096	0.1634538742206025	0.15933330589266023
40.909090909090914	0.16360451064860318	0.1519501329033985	0.12462984447908841	0.04473423676127794	0.16345387422092192	0.15933330589280936
41.41414141414142	0.16360451064876094	0.15195013290369383	0.12462984447787707	0.044734236760777785	0.16345387422124133	0.15933330589295852
41.919191919191924	0.16360451064891868	0.15195013290398912	0.12462984447666572	0.04473423676027763	0.16345387422156077	0.15933330589310765
42.42424242424243	0.16360451064907644	0.15195013290428444	0.12462984447545437	0.044734236759777474	0.16345387422188018	0.1593333058932568
42.929292929292934	0.16360451064923417	0.15195013290457973	0.12462984447424302	0.04473423675927732	0.16345387422219962	0.15933330589340594
43.43434343434344	0.16360451064939194	0.15195013290487505	0.12462984447303169	0.04473423675877716	0.16345387422251903	0.1593333058935551
43.939393939393945	0.16360451064954967	0.15195013290517037	0.12462984447182034	0.04473423675827701	0.16345387422283844	0.15933330589370423
44.44444444444445	0.1636045106497074	0.15195013290546566	0.12462984447060899	0.04473423675777685	0.16345387422315788	0.15933330589385336
44.949494949494955	0.16360451064986517	0.15195013290576098	0.12462984446939765	0.044734236757276696	0.1634538742234773	0.15933330589400252
45.45454545454546	0.1636045106500229	0.15195013290605627	0.1246298444681863	0.04473423675677654	0.1634538742237967	0.15933330589415165
45.959595959595966	0.16360451065018067	0.1519501329063516	0.12462984446697495	0.044734236756276385	0.16345387422411614	0.1593333058943008
46.46464646464647	0.1636045106503384	0.1519501329066469	0.1246298444657636	0.04473423675577623	0.16345387422443555	0.15933330589444994
46.969696969696976	0.16360451065049617	0.1519501329069422	0.12462984446455226	0.044734236755276074	0.163453874224755	0.1593333058945991
47.47474747474748	0.1636045106506539	0.15195013290723752	0.12462984446334091	0.04473423675477592	0.1634538742250744	0.15933330589474823
47.979797979797986	0.16360451065076975	0.15195013290745354	0.1246298444624597	0.044734236754412494	0.16345387422530813	0.15933330589485806
48.484848484848484	0.16360451065078024	0.1519501329074699	0.12462984446240971	0.04473423675439334	0.1634538742253261	0.15933330589486885
48.98989898989899	0.16360451065079074	0.15195013290748624	0.12462984446235974	0.044734236754374185	0.16345387422534402	0.15933330589487962
49.494949494949495	0.1636045106508012	0.1519501329075026	0.12462984446230975	0.04473423675435503	0.16345387422536195	0.15933330589489042
50.0	0.1636045106508117	0.15195013290751894	0.12462984446225978	0.04473423675433588	0.16345387422537988	0.1593333058949012
