NON $ % + - .
#NON	a	c	e	d	b
0.0	0.698471389902356	0.6574344116230856	0.8724556353203672	0.5660870253669252	0.6094917447764894
0.5050505050505051	0.3196478247553445	0.26896599272682314	0.5002484700701794	0.2415906412800346	0.4241424013146049
1.0101010101010102	0.15472204001068643	0.1245530520639716	0.3228122502243741	0.11419228669715836	0.30738274984085856
1.5151515151515151	0.08000846158123909	0.06531280240184413	0.23445407933586182	0.06069206894811966	0.2296145256091216
2.0202020202020203	0.04471961108386581	0.03841943202424656	0.18856580710887308	0.03642519031100763	0.17707004558219575
2.5252525252525255	0.02729534380265666	0.025035298410293602	0.16393786857338766	0.02448783360469765	0.14142375056782028
3.0303030303030303	0.018283530454868382	0.017851703885476446	0.1504524002008003	0.018145411822718692	0.11716101023227786
3.5353535353535355	0.01340431662262931	0.013768393900593293	0.14301735497822582	0.014550252543988836	0.10060930973958788
4.040404040404041	0.01065018580088194	0.011350799979628979	0.13894019452822115	0.012412442056635484	0.08932871344843522
4.545454545454546	0.009040732378810392	0.009879977481788593	0.13674223175384248	0.011100988775090432	0.08167911850574246
5.050505050505051	0.008075051050549424	0.008969888399832851	0.13559221320098505	0.01028209563058764	0.0765352349167086
5.555555555555556	0.007484896568518306	0.008401372654225489	0.13501846567515385	0.009766523268243656	0.07311202082357995
6.0606060606060606	0.007120040870408424	0.008044668929981784	0.13475400177067273	0.009441196441412822	0.07085879397325504
6.565656565656566	0.006893045693512914	0.007820655504853391	0.13464950060779238	0.009236197746217254	0.0693914063194871
7.070707070707071	0.006751472091344852	0.007680168932881688	0.13462315583799903	0.0091074679468522	0.06844519143145028
7.575757575757576	0.00666318626503259	0.007592312810318181	0.13463145748892202	0.009026996302051971	0.06784045977249165
8.080808080808081	0.006608242381599435	0.0075375824515866606	0.13465227288197706	0.008976953402367236	0.0674570823329651
8.585858585858587	0.00657415955900061	0.007503641877173589	0.13467506825076273	0.008946006309527237	0.06721582138369812
9.090909090909092	0.006553102497759191	0.007482697218633128	0.13469539995432914	0.00892697804965017	0.06706501820447071
9.595959595959597	0.006540160469884968	0.007469847566292259	0.13471187062998818	0.008915354600592324	0.06697140625847112
10.101010101010102	0.006532244038017192	0.007462005653699579	0.13472447092387552	0.008908296000235176	0.06691363596619053
10.606060606060607	0.006527431056908664	0.007457250794326028	0.1347337542313316	0.008904039802879706	0.06687821775723436
11.111111111111112	0.006524523329035177	0.00745438702407585	0.13474040834818107	0.008901492231935884	0.06685664382719601
11.616161616161618	0.006522779470554753	0.007452675432639632	0.134745080555299	0.008899980182384085	0.06684359547368883
12.121212121212121	0.006521740637862865	0.007451659863625473	0.13474830466192703	0.00889909002001298	0.06683575486718735
12.626262626262626	0.006521126217593954	0.0074510618311589725	0.1347504998272952	0.008898570433294941	0.06683107313969305
13.131313131313131	0.00652076756636599	0.007450714341214617	0.1347519800544661	0.008898271667427909	0.06682831024538091
13.636363636363637	0.006520559666233089	0.007450514420810766	0.13475296555870084	0.008898101925238345	0.0668266890239873
14.141414141414142	0.0065204410194652715	0.007450400913983127	0.13475361781593553	0.008898006879403087	0.06682574728447097
14.646464646464647	0.006520374373634559	0.007450337221579688	0.13475404566415583	0.008897954591838095	0.0668252158858563
15.151515151515152	0.00652033769612742	0.0074503033381134775	0.13475432374472038	0.008897927691613025	0.06682491650404898
15.656565656565657	0.006520317566144158	0.007450285637776638	0.1347545043732406	0.008897914110748948	0.06682473998000375
16.161616161616163	0.006520306698462698	0.007450275676605366	0.13475462098292648	0.008897906708778661	0.06682464609306284
16.666666666666668	0.006520301254938076	0.0074502704215513695	0.13475469557531655	0.00889790299189976	0.06682459894613249
17.171717171717173	0.006520298938403661	0.007450268186814943	0.1347547426712787	0.008897901634723383	0.0668245769555959
17.67676767676768	0.006520298287559652	0.007450267730914616	0.13475477197025212	0.008897901653411533	0.06682456782731705
18.181818181818183	0.00652029837357587	0.007450268075552397	0.13475479001048268	0.008897902250520335	0.06682456494153301
18.68686868686869	0.006520298614506736	0.00745026863444474	0.13475480160652525	0.008897902956508792	0.06682456370157779
19.191919191919194	0.006520298896583047	0.007450269000614444	0.13475480861252187	0.008897903416300854	0.06682456493349245
19.6969696969697	0.006520299020573306	0.007450269178843982	0.13475481350998497	0.008897903667937381	0.06682456537890384
20.202020202020204	0.006520299223478764	0.007450269298550628	0.134754816056921	0.00889790381809009	0.06682456716344516
20.70707070707071	0.006520299356985517	0.007450269350693721	0.13475481770783337	0.008897903887037576	0.06682456834512507
21.212121212121215	0.006520299561275079	0.007450269515465838	0.13475481825667918	0.008897904038258752	0.06682456965837662
21.71717171717172	0.006520299735414197	0.007450269679976201	0.13475481841985995	0.008897904185767953	0.0668245706785987
22.222222222222225	0.00652029989804573	0.0074502698710434195	0.13475481828839148	0.00889790435726897	0.06682457152671077
22.72727272727273	0.0065203000067962005	0.007450269999313837	0.1347548180942372	0.00889790447435763	0.06682457223423087
23.232323232323235	0.006520300198796918	0.007450270311807792	0.1347548178450699	0.008897904757660103	0.0668245727074106
23.73737373737374	0.006520300353424357	0.007450270568633988	0.134754817609753	0.008897904992004019	0.06682457312874501
24.242424242424242	0.00652030043220849	0.007450270681267422	0.13475481742964804	0.008897905096868755	0.06682457359852391
24.747474747474747	0.006520300398821338	0.007450270565129786	0.1347548173453994	0.008897904995244562	0.06682457421489368
25.252525252525253	0.006520300419811941	0.007450270590057335	0.13475481722630053	0.008897905020449019	0.06682457449666927
25.757575757575758	0.0065203004330154826	0.0074502706136010555	0.13475481713481774	0.008897905043216282	0.06682457461577622
26.262626262626263	0.006520300410626181	0.007450270570271099	0.13475481710439757	0.008897905003773106	0.06682457464602512
26.767676767676768	0.006520300347325475	0.007450270444945667	0.13475481714949375	0.008897904887827593	0.0668245745970125
27.272727272727273	0.006520300293195704	0.007450270347550396	0.1347548171905753	0.008897904797687282	0.06682457448389366
27.77777777777778	0.0065203002503812155	0.007450270279808294	0.13475481722943558	0.008897904734767082	0.06682457431701389
28.282828282828284	0.006520300210460979	0.007450270219594869	0.1347548172857914	0.008897904678245491	0.06682457410565847
28.78787878787879	0.006520300178305538	0.007450270174786534	0.13475481735681122	0.008897904635275096	0.06682457386044627
29.292929292929294	0.00652030014915136	0.007450270135329224	0.13475481742709997	0.0088979045974663	0.06682457362879098
29.7979797979798	0.006520300123108103	0.007450270100238614	0.13475481748761756	0.008897904564291176	0.06682457343949444
30.303030303030305	0.0065203001068615775	0.007450270080769605	0.13475481753789964	0.008897904545830802	0.0668245732962426
30.80808080808081	0.0065203001030931735	0.007450270080724261	0.1347548175722599	0.008897904545706116	0.0668245732180152
31.313131313131315	0.0065203000845617705	0.00745027005889849	0.13475481763372738	0.008897904524927044	0.06682457304637235
31.81818181818182	0.006520300043066416	0.007450270002726335	0.13475481773433262	0.008897904471617578	0.06682457273576906
32.323232323232325	0.006520300005190634	0.0074502699519608225	0.13475481782947543	0.008897904423436367	0.06682457244690816
32.82828282828283	0.006520299972273809	0.007450269908385521	0.13475481791565427	0.008897904382093268	0.06682457219081228
33.333333333333336	0.006520299945655324	0.007450269873783994	0.13475481798936764	0.008897904349298139	0.06682457197850401
33.83838383838384	0.006520299926674564	0.007450269849939808	0.13475481804711398	0.008897904326760837	0.06682457182100597
34.343434343434346	0.006520299916670911	0.007450269838636528	0.13475481808539183	0.008897904316191215	0.06682457172934074
34.84848484848485	0.00652029991698375	0.00745026984165772	0.13475481810069964	0.008897904319299136	0.06682457171453096
35.35353535353536	0.006520299928952464	0.007450269860786949	0.13475481808953593	0.00889790433779445	0.06682457178759922
35.85858585858586	0.0065202999539164365	0.007450269897807782	0.13475481804839917	0.008897904373387019	0.06682457195956812
36.36363636363637	0.006520299993215052	0.007450269954503783	0.13475481797378783	0.008897904427786698	0.06682457224146028
36.86868686868687	0.006520300023274769	0.007450269998145421	0.13475481791954222	0.008897904469646022	0.06682457245310351
37.37373737373738	0.00652030002493356	0.007450270002114655	0.1347548179293487	0.008897904473471224	0.06682457244818193
37.87878787878788	0.006520300027916828	0.007450270007519593	0.13475481793436997	0.008897904478637987	0.06682457245556724
38.38383838383839	0.006520300032202638	0.007450270014257897	0.13475481793423785	0.008897904485049811	0.06682457247583455
38.88888888888889	0.0065203000377690515	0.007450270022227229	0.13475481792858415	0.008897904492610197	0.06682457250955903
39.3939393939394	0.006520300044594134	0.007450270031325253	0.13475481791704072	0.008897904501222648	0.06682457255731578
39.8989898989899	0.00652030005265595	0.00745027004144963	0.13475481789923932	0.008897904510790665	0.06682457261967994
40.40404040404041	0.006520300061932562	0.007450270052498024	0.13475481787481183	0.008897904521217751	0.06682457269722665
40.909090909090914	0.006520300072402035	0.007450270064368098	0.13475481784339008	0.008897904532407408	0.06682457279053101
41.41414141414142	0.0065203000840424324	0.0074502700769575134	0.13475481780460583	0.008897904544263136	0.06682457290016819
41.919191919191924	0.006520300096831819	0.007450270090163933	0.13475481775809095	0.008897904556688438	0.06682457302671328
42.42424242424243	0.006520300108805065	0.007450270102610041	0.13475481771470968	0.008897904568382162	0.06682457314394268
42.929292929292934	0.006520300116990193	0.007450270112257904	0.1347548176911462	0.008897904577418974	0.06682457321174722
43.43434343434344	0.006520300124581058	0.007450270121115144	0.13475481766844385	0.008897904585695957	0.0668245732750513
43.939393939393945	0.006520300131420688	0.007450270128990826	0.13475481764701497	0.0088979045930329	0.06682457333256775
44.44444444444445	0.006520300137352113	0.007450270135694012	0.13475481762727196	0.008897904599249596	0.06682457338300943
44.949494949494955	0.00652030014221836	0.007450270141033764	0.13475481760962718	0.008897904604165828	0.06682457342508918
45.45454545454546	0.006520300145862459	0.007450270144819144	0.13475481759449304	0.008897904607601387	0.06682457345751984
45.959595959595966	0.006520300148127438	0.007450270146859216	0.13475481758228186	0.008897904609376063	0.06682457347901427
46.46464646464647	0.006520300148856325	0.007450270146963042	0.1347548175734061	0.008897904609309644	0.0668245734882853
46.969696969696976	0.0065203001478921505	0.007450270144939684	0.13475481756827806	0.008897904607221917	0.06682457348404577
47.47474747474748	0.0065203001450779416	0.007450270140598205	0.13475481756731017	0.008897904602932672	0.06682457346500856
47.979797979797986	0.006520300142723043	0.007450270139151578	0.13475481758460675	0.008897904601811593	0.06682457343874743
48.484848484848484	0.006520300143509641	0.007450270139012764	0.1347548175724286	0.008897904601453874	0.06682457345017889
48.98989898989899	0.0065203001439921035	0.007450270138675597	0.13475481756235785	0.008897904600940086	0.06682457345835752
49.494949494949495	0.00652030014417043	0.007450270138140076	0.13475481755439447	0.00889790460027023	0.06682457346328333
50.0	0.0065203001440446206	0.007450270137406201	0.1347548175485385	0.008897904599444303	0.06682457346495631
