NON $ % + - . 0 1 2 3 4 5 6 7 8 9 : ; < > ? @ A B C D E F G H I J K L M N O P Q R S T U V W X
#NON	4EBP1_pS65	4EBP1_pT37_pT46	ACC_pS79	AKT_pS473	AKT_pT308	AMPK_pT172	BAD_pS112	c-Met_pY1235	c-Raf_pS338	CHK1_pS345	CHK2_pT68	EGFR_pY1068	EGFR_pY1173	ER-alpha_pS118	GSK3-alpha-beta_pS21_S9	GSK3-alpha-beta_pS9	HER2_pY1248	HER3_pY1298	JNK_pT183_pT185	MAPK_pT202_Y204	MEK1_pS217_S221	mTOR_pS2448	NDRG1_pT346	NF-kB-p65_pS536	p27_pT157	p27_pT198	p38_pT180_Y182	p70S6K_pT389	p90RSK_pT359_S363	PDK1_pS241	PEA15_pS116	PKC-alpha_pS657	PKC-delta	PKC-pan-betaII_pS660	PRAS40_pT246	Rb_pS807_S811	Rictor_pT1135	S6_pS235_S236	S6_pS240_S244	Src_pY416	Src_pY527	STAT3_pY705	TAZ_pS89	YAP_pS127	YB-1_PS102
0	8.2757187887	10.1831898809	0.526329779	12.4685528761	6.0059932473	1.2366412698	1.3319544682	0.8865557676	1.7485429209	1.317444859	1.1831727812	0.2895880467	1.3277903306	1.0650655598	3.5408359301	1.8399354939	0.6110700517	0.7320749917	0.9512829869	0.3434325278	0.1287029268	1.0935781431	0.362334395	1.2067825068	1.0954092976	0.7714720313	1.1963024476	0.9455897013	1.1149670834	1.0150333911	1.6536411865	3.2349621354	0.4454562638	1.4659496417	9.0487926109	0.8838044081	2.3926254497	5.7023513867	1.6491685943	0.6472527446	1.5300008186	0.8672798835	0.847623774	4.7390003412	1.7763277194
0	5.0260186958	5.6418209687	0.5418842613	6.9320701771	4.8847919995	1.2515685086	1.2496282597	0.9117156464	1.8761112242	1.3058645435	1.1687773772	0.2712975012	1.3734894404	1.0736095269	3.7044916729	1.9671436186	0.5904115553	0.8045621765	0.9598961825	0.3661268004	0.1380571598	1.0871720215	0.3411799497	1.2231745467	1.0473382654	0.7637973024	1.2959694391	1.0264789979	1.1331046529	1.037216001	1.3706314269	3.3642599979	0.4404781692	1.618433803	5.5391206882	0.8389218584	2.4345327913	5.6114109607	1.8857860605	0.6035863955	1.5764160451	0.8515554665	0.7150402864	3.932742844	1.7161310313
0	6.7647111817	9.9653165612	0.4503021094	5.4528761941	2.5895935851	1.1122905077	1.3025938857	0.9286745357	1.6541822044	1.1981247616	1.1226884426	0.26379274	1.1663609508	1.0508920703	5.0001178259	2.5077015439	0.5863080881	0.6922206125	0.8683467338	0.3871180019	0.1326802735	1.1233123954	0.3420279614	1.2754379502	0.9928546957	0.7893684221	1.2536844575	1.2455153967	1.0451476956	1.0087680485	1.5477542039	3.2051018569	0.4487407317	1.4845606343	9.6054334312	0.7921929948	2.5775177771	8.8900365216	2.1546240194	0.6064863926	1.4674769806	0.8744744009	0.9461283281	4.4899061638	1.7520204614
0	4.9396813749	5.4295511768	0.481536186	4.7469218795	2.7813704977	1.2091443356	1.2334376712	1.0422144889	1.9269581448	1.1551698572	1.1578111004	0.2636018904	1.2085448381	1.0774857335	4.7408806014	2.6845746405	0.5449964945	0.739469932	0.9418332523	0.377642656	0.1362453023	1.3621225038	0.3261343224	1.2779977332	1.3147861484	0.7965968425	1.299099285	1.2465605715	1.0578159914	1.0515732932	1.2156349422	3.4000807157	0.4902963017	1.5867323978	5.6450522731	0.7874330205	2.833853375	6.3815938355	2.209634517	0.6315923576	1.5910517493	0.8686759942	1.1546004721	3.9985893156	1.7312112248
0	6.7975145611	10.169791939	0.4707286428	12.6391584035	5.982428821	1.2177319786	1.201146908	1.0069322938	1.5460590052	1.1320032739	1.0561950709	0.2899108809	1.3467174433	1.0609139351	3.450448645	1.8985190427	0.604491876	0.7671508038	0.8707641914	0.3288757425	0.1234476926	1.0249637749	0.3659642102	1.1912397311	1.0705469096	0.7132707773	1.3436847987	0.9135148489	1.0469267881	1.0340371437	1.5782060438	3.4300454706	0.4308734888	1.4037508417	8.1285970495	0.8648768841	1.9621188339	5.9512458786	1.6580798853	0.5771365888	1.5633862492	0.8159108143	1.157212745	4.3424985996	1.7731303465
0	4.7722505757	5.4899502644	0.5134151412	6.6713521491	5.0289779903	1.3147104254	1.2264068561	1.0467464885	1.6581905265	1.1633259774	1.1443610754	0.2756560047	1.3216251301	1.1346130403	3.2997506201	1.989707927	0.5956526691	0.7548033669	0.8458106764	0.3018248688	0.1267319356	1.1776348265	0.3436401477	1.1712905115	1.283329239	0.6999236401	1.3645912951	0.939480487	1.0584214732	1.0352700104	1.5747943738	3.5573183035	0.4998615715	1.5285546224	5.1413864666	0.8669016586	2.440866142	5.1353493327	2.0055483655	0.6465888289	1.6086400503	0.7919381617	0.8378367911	3.7382479817	1.5082061215
0	6.8593294973	10.2692261113	0.4691793284	6.6004966408	3.0134660956	1.2003520764	1.3435969532	0.9907331537	1.6117226502	1.1300513573	1.038938309	0.3047184273	1.2480502386	1.0693944861	4.5697588947	2.3482149936	0.5789392358	0.75469904	0.8666120002	0.337276806	0.120540832	1.2049844919	0.3434386212	1.1865829929	1.1730452761	0.6758370114	1.2223757256	1.1733687528	1.0542275893	1.0088535829	1.2919580821	3.5273084196	0.4479287685	1.4567857226	9.0629975901	0.752015768	2.3448693766	9.7925439772	2.0173148748	0.6270356472	1.4211039228	0.8080891922	1.024825182	3.8428367301	1.5898168934
0	3.973900365	5.261713016	0.4965986179	4.635738842	2.8149442135	1.1754582623	1.3513911237	0.930317186	1.8388983731	1.1927059308	1.0327642906	0.2586206586	1.2702369895	1.076364522	4.4140460699	2.5636481991	0.5351526286	0.768659995	0.9023260766	0.3513415461	0.1296781437	1.3233695581	0.3333555927	1.2482961081	1.0474035207	0.7329818872	1.3662261359	1.2362588881	1.0299204178	1.0062538076	1.1865672896	3.5219400507	0.4585025972	1.6262876075	5.2677367762	0.8467506253	2.8988092103	6.274817155	2.5110987291	0.5867965932	1.542471638	0.8164672355	1.0636634812	3.4015888577	1.6970825885
0	8.1814457002	9.2118322771	0.4563048397	10.8018634121	5.4275367287	1.1193073137	1.0890826236	0.9434747296	1.9083134461	1.2282677736	1.0787302498	0.2637906211	1.2441276675	1.0702997269	3.4623987363	1.7746608498	0.5088778656	0.7369255338	0.7433845542	0.2390865169	0.1190698809	1.2078930905	0.356854855	1.0805866112	1.0314994706	0.6711975062	1.2827669108	0.8721756396	1.0486821506	1.0505454636	0.7973653672	3.5919963666	0.3742621923	1.2955346274	8.2879178711	0.7266438064	2.4696190689	6.2607177658	1.8129633163	0.6216456638	1.5288362589	0.7483478196	0.8070096593	4.498340819	1.6094555018
0	7.2200148594	9.6913605533	0.48284103	10.9808930145	5.2407727682	1.0815713365	1.1069916035	0.8789656051	1.6952776843	1.1307703661	1.0046475025	0.2693876038	1.2536510657	1.0568545034	3.3469621344	1.816263164	0.4996639675	0.6403788469	0.8232698009	0.2472138421	0.1222556317	1.1807409578	0.3476769836	1.1277643929	1.1107351785	0.6978893511	1.2488912152	0.8881406572	0.9483509859	0.9807827072	0.9164405092	3.6369875023	0.4523895917	1.3109778436	8.9573900657	0.6714279834	2.2989930876	7.095354052	1.8410260305	0.5601405177	1.4798793778	0.8322898263	0.8946174134	4.147601736	1.611631563
0	7.4818451732	10.6821980888	0.4472376401	5.7850273522	2.5444288391	1.0669873778	1.1392661654	0.9064799547	1.9392976868	1.0383966892	0.9863071686	0.2654949257	1.1554974945	1.0081812401	4.7696556578	2.4906412045	0.4989699103	0.644315032	0.7694064887	0.2724928517	0.1224680202	1.3537578209	0.34417282	1.1520051199	1.2287159093	0.7278323199	1.2719110465	1.1741125307	0.9279419327	0.9780438015	0.7899388168	3.8171011296	0.4471831994	1.4070804533	9.0187104352	0.6811985813	2.909155938	11.9602336748	2.728355805	0.5857665928	1.4997221695	0.7519700042	1.0819393432	4.5438774569	1.5335759086
0	6.6811044914	10.2835603726	0.4313511381	5.4665987969	2.6337997721	0.9144249396	1.1479718621	1.0110560117	1.8603129723	0.9962951859	0.9807936656	0.2416052961	1.253775693	1.0726596533	4.7367959276	2.5224970874	0.5079498236	0.697755577	0.8210436664	0.2904608493	0.1316577144	1.3337815369	0.3393476829	1.1472042283	1.1148703909	0.6894577478	1.3270576003	1.1670459931	1.0532603746	1.0364943797	0.9110365977	3.464974638	0.4631177782	1.4768012329	8.150370752	0.7685863968	2.9910959993	10.7342150061	2.7751510631	0.5724908692	1.5287263645	0.7540437519	0.9241574762	4.4777078145	1.5053927323
0	5.7533770362	8.8040915086	0.521761331	12.364198247	5.4433667414	1.2786271584	1.0984698654	0.9032842918	1.7578674387	1.1001871307	1.0088767129	0.2726987444	1.2442405868	0.9819755335	3.0701715566	1.7300920699	0.5527049431	0.7152920546	0.8100382858	0.3071779566	0.1157031047	1.2524998967	0.3057469929	1.0643743401	1.1756729997	0.6345637012	1.2740519776	0.8478101194	0.9698068033	0.9769400727	0.8545647044	4.1473917966	0.4466989224	1.4688039284	6.7082227238	0.7475008534	2.291168056	5.9662348361	1.6241407915	0.5991345119	1.5943382598	0.7452333694	0.9819507383	4.5550689381	1.4021756782
0	6.1410643899	8.9648869292	0.5517913883	11.7091626594	5.8164450966	1.2024188023	1.0909818987	0.9642089451	1.3945435125	1.1460777675	1.1203141705	0.2707396825	1.2934054719	1.0142617697	2.8202845963	1.732736579	0.5656094812	0.7697464997	0.8635435486	0.2698545261	0.1204791985	1.1151850509	0.3459409445	1.1490909913	1.1114536353	0.6874873744	1.2898661819	0.8305958554	0.9754746645	1.0330908927	1.291633735	3.9028966251	0.456774292	1.4360204178	6.8706849745	0.7577130849	2.0488693825	5.0416729097	1.5277484306	0.6417550542	1.4902743964	0.7552948055	1.1839015226	4.5508776624	1.4014569293
0	7.2695812851	10.1958863828	0.4367195464	5.9328717182	2.6725496086	1.0294405085	1.2556278398	0.9767597942	1.4414421432	1.1270890056	1.0530092678	0.2455501016	1.2415628043	0.9909970981	4.5408459855	2.3468011139	0.5584714597	0.6879679664	0.7749675197	0.2860209517	0.1124361171	1.1428354527	0.3257881246	1.218841026	1.1371887327	0.6338903787	1.2736585807	1.1751177931	0.9840987669	1.0420584254	1.294793611	3.7605255367	0.4132363232	1.4073679196	8.8122992906	0.7668901416	2.2542605397	8.8720074495	2.1365297396	0.57282224	1.4999368468	0.7880825947	0.8320329661	4.6464685467	1.4351767113
0	5.9130434894	9.4492456492	0.4377170912	5.5146688913	2.4662943099	1.02959279	1.2904018992	0.8488047706	1.4333667364	1.1566807251	1.0498510901	0.2665209176	1.2452779841	0.9754922809	4.0944837038	2.4233874959	0.5392070056	0.7149658237	0.8558731666	0.2980187922	0.1248648449	1.2327184267	0.3176945779	1.2353947783	1.2282800693	0.6961769151	1.3705909613	1.151923224	0.9511729871	1.040650851	1.4208904344	3.381270791	0.4664548998	1.4421462563	7.9861967549	0.7812751514	2.3761664726	9.5774804245	2.3126770062	0.5780641487	1.415828828	0.7374033302	1.0331653251	4.6857770426	1.4761838706
5	8.4861021084	9.9620846907	0.3153712894	12.4156254618	5.7500063961	1.1930193252	1.1952098019	0.9282267201	1.68102513	1.4283221154	1.0755206776	0.2522285127	1.2712248164	1.1090759212	2.9123878403	1.694643066	0.5516690361	0.7839594632	0.7464275846	0.3507238302	0.1451971161	1.0798480462	0.3606380747	1.1636229265	1.0351087798	0.697434602	1.0281270902	1.0515463167	1.0585883382	1.0472821314	1.1709690837	3.6675100387	0.413148305	1.5216345158	9.0421622854	0.7685836592	2.5568089383	7.6561207983	1.981558311	0.5924548331	1.5095520033	0.847205596	0.8041094232	5.1189814199	1.6886407972
5	7.1619715982	10.4964535758	0.288206646	6.0634931013	2.4782514755	0.9682324352	1.257387224	0.8890680703	1.7282464347	1.3142647373	1.0618134876	0.239638948	1.2514600417	1.0957138564	4.4104313163	2.5358900032	0.5698037512	0.6884678654	0.7724126064	0.406527522	0.1454680383	1.1627582197	0.3468098272	1.3323648708	1.0904566041	0.7637340911	1.0492582491	1.4277686537	1.0442016051	1.0284328565	1.4129168967	3.4596352912	0.4412082542	1.4824519729	8.0302869405	0.8080209289	2.9800846089	12.1737816054	3.0091375262	0.575740111	1.462597334	0.9392903851	1.083624259	5.1810348414	1.8343069373
15	8.1665268958	10.2559925484	0.3877866642	12.2483914046	6.4578340855	1.1613964181	1.2554290396	0.9846403814	1.965271038	1.298752451	0.9137258733	0.2474998109	1.2370656147	1.046716326	2.8664141584	1.7437563296	0.5608342848	0.7776379668	0.7345149075	0.3309830983	0.1531205046	1.0850270717	0.3479436626	1.1654748388	1.0261235046	0.6478390249	1.078573949	0.9914908535	1.0947776048	1.0368981459	1.3610825655	3.9369226502	0.4398284591	1.5644544765	8.3803911691	0.8145558128	2.6473145644	9.7917783682	2.3941843002	0.6116583905	1.51520713	0.8299457356	0.7180465617	5.2347727644	2.0668475038
15	8.470442226	9.5564150321	0.291768104	5.4088457867	2.2268035634	0.9604113597	1.3824559195	0.8944636288	1.5305148639	1.1454631354	0.8663628596	0.224429807	1.3127870968	1.0221467504	4.304168966	2.446664112	0.5744903334	0.6965558871	0.7265439817	0.3522805044	0.1534880854	0.9898743376	0.3251785833	1.2894576543	1.307844281	0.7510051629	1.0679566433	1.4204525152	1.0318794458	1.0206826138	1.7770950048	3.2873632216	0.4217837682	1.4489617903	8.5162459051	0.7994032986	2.6510915801	11.1712973563	2.8281664723	0.559865933	1.2323544893	0.8612606268	0.6468640096	5.8395185242	2.011386213
30	8.0516453109	10.0811309996	0.3020895298	13.4943460548	6.5702594582	1.088717945	1.1999347702	0.9542129377	1.9844705663	1.062143648	0.9255850186	0.2407362309	1.3190573691	1.021892717	3.0639946398	1.8964503352	0.5372638363	0.6958849533	0.7111941466	0.3822258423	0.1493717143	0.9728209772	0.3495564688	1.1927892392	1.1495957142	0.63050931	1.1232006047	0.8388487318	1.050520897	1.0080759106	1.615415228	3.6872982621	0.4346294428	1.5781452014	8.7572859198	0.8236368202	2.1817802536	6.3903259062	2.2223279851	0.6082016226	1.5723697026	0.8767736149	0.891774614	5.0401277739	2.0336373035
30	7.5308438349	9.2124917975	0.2758268975	6.8826361675	2.9995132213	0.9733697175	1.2246455366	0.9159331744	1.9341302611	1.0244565618	0.9223798141	0.2205912756	1.3131153345	1.0901548446	4.5147991555	2.7524652765	0.5525952713	0.6548606083	0.7642989475	0.4363210311	0.1408414797	1.1232250405	0.3269834019	1.4018206908	1.3410522473	0.6831037829	1.1735614707	1.2162395671	1.012319651	1.0193234669	1.4984025612	3.5752540557	0.4344520399	1.5033256941	8.8070677839	0.7530603291	2.5180387917	9.5484340377	3.1657456172	0.5782744816	1.3978166734	0.8569997417	1.077863128	5.1234629422	1.881770914
60	8.8077665756	10.4227724973	0.2910508873	13.9538133311	7.0850311394	1.3146262138	1.2424299923	0.9510563438	1.6361789891	0.9629638747	0.9152834878	0.2350446016	1.4141371983	1.1261223729	3.5303854631	2.0293546506	0.5429356478	0.716790117	0.7963878444	0.4040076141	0.1274902799	0.9222872136	0.3501043201	1.2444272802	1.092229543	0.5962049018	1.1597787042	0.8329820902	1.0081812089	1.039298053	1.2782037561	3.5927678267	0.413921505	1.4889622526	10.0086696973	0.728449784	2.1260931017	6.5647080995	1.8389774688	0.5913902669	1.5241930699	0.8131574294	0.8711910143	5.7433138553	2.0967388671
60	7.8447186573	9.2152312155	0.2872352254	6.2640174272	3.0394217254	1.072707569	1.2109585849	0.8788744163	1.6348616165	1.0809480051	0.9895789439	0.2426751006	1.2750096766	1.0726855997	4.1803487317	2.5923974685	0.5754158409	0.7364847228	0.8315176796	0.4655820814	0.1406679229	1.0666356008	0.3565465898	1.2834559108	1.0338668027	0.7065555937	1.2112995684	1.2135308556	0.9837626876	1.0056022078	1.379672253	3.4663131249	0.4637904692	1.4696503688	8.4376215916	0.8026041942	2.4775175333	10.4401756127	2.4550361606	0.6069851004	1.3683606151	0.8724227106	1.0992531421	4.8858668522	1.8623470086
120	6.1542068546	8.4831312142	0.5639966425	11.1411484294	6.5017067968	1.5436088358	1.2033108723	1.0285424523	2.2915666345	0.9567843157	0.9342450704	0.2653084576	1.3007136781	1.1039181184	3.2999191962	1.7777154137	0.5223053448	0.7605415576	0.7253154701	0.3098625891	0.1224039243	1.186267185	0.3138983747	1.1200699925	1.0679927654	0.6098205958	1.1370365475	0.9543409304	1.0962794751	1.0503851253	0.3473913058	4.301156523	0.4477243454	1.6339669077	7.8337516735	0.7715560994	2.8858714365	7.2344201403	1.4785622413	0.6118693157	1.922395485	0.8366540426	0.5892901812	4.8133360852	1.6230872504
120	6.9286521924	7.7021142573	0.487261053	5.893633009	3.0491016008	1.3126192737	1.2599599422	1.021140691	2.0797482368	0.97359352	0.9055879359	0.2714873997	1.2726951311	1.0991456726	4.3170202317	2.3425386575	0.5525490588	0.7608697905	0.7450521248	0.3448111591	0.1278425065	1.2847188587	0.3054518681	1.2323680004	1.0935984854	0.6756977354	1.1736562801	1.1924249902	1.0842349488	1.0671554793	0.3420622893	4.0464905212	0.4469366244	1.5373772651	6.846776708	0.7512025232	3.0898209269	9.5678514401	1.7465647991	0.6533957473	1.5990537768	0.8531363242	0.5835726775	4.7419144663	1.657623317
240	5.9671373962	8.8321391446	0.3916106358	10.9240262361	6.338948557	1.4048700784	1.197520235	1.0667640545	2.4190250398	1.0378730891	0.9942398286	0.2809067829	1.355266322	1.1495128026	3.2944962692	1.8681328873	0.5678784153	0.78612524	0.8104695805	0.3995082213	0.1352756581	1.2248191308	0.3574630378	1.2793179952	1.0302124464	0.6190625274	1.0239530906	0.9518614687	1.1181768626	1.0418301286	0.3535694829	4.3236117011	0.4550338791	1.5405906355	7.5994560619	0.7967120321	2.7161875319	6.0906065961	1.2170419265	0.6282847731	1.8776511505	0.9092275442	0.5987470293	4.3637642109	1.7790572571
240	7.7264123371	9.0565575658	0.3495919475	7.3059240411	3.2560039307	1.5193972195	1.2497133761	1.0216387151	2.3964580391	1.0207765933	0.9584261457	0.2856066344	1.3110605189	1.0527559681	4.6679500754	2.3520075483	0.5686262855	0.756019109	0.8072034464	0.3971660958	0.122912356	1.2555769553	0.3254397525	1.3582295479	1.0076644428	0.6877535318	1.072189304	1.2034257202	1.0752096603	1.0685108104	0.3483497677	4.0826607554	0.4371687167	1.557404415	8.4765910309	0.6936450539	3.0288102117	10.2127560703	1.5787014838	0.6719380294	1.6347258839	0.8276029003	0.5787955437	4.7415208377	1.6929055982
0	9.6282441565	14.0322003705	0.2411794122	6.8481285834	2.6796956773	0.9123815895	1.1704183306	0.7728063537	1.2054147293	1.0936950011	0.9412346628	0.2260347993	1.1701267803	0.8894268846	4.2101768009	2.351960501	0.5307810585	0.7710395582	0.7268156818	0.1203811178	0.0882242576	0.8949753626	0.3586529585	1.2610545153	1.1310681879	0.6697780429	1.1215738522	1.0758948278	0.9003171993	0.8759190466	1.9744662855	4.1699330207	0.45727478	1.3330577031	10.4626086653	0.7221202534	2.0139641138	8.0593348945	2.349962068	0.5890512171	1.5000725815	0.7066002563	0.9365900793	6.3286432998	1.8564276591
0	8.6085728898	11.5654022846	0.3350686222	7.6220948044	2.9107106127	1.0457343509	1.3141899	0.8406830104	1.4892843312	1.0707151537	0.9963538648	0.269617743	1.1736518217	0.9624857189	4.9802764211	2.698225265	0.5005739204	0.6620119638	0.7884893662	0.1375589585	0.0965425184	1.2317413059	0.3505906834	1.3270865372	1.1223542487	0.6587277857	1.145875356	1.1733874653	0.8533920392	1.03420443	1.1745704775	4.3302340429	0.4460822328	1.3283697931	10.2754809933	0.6687007343	2.4720776576	8.0973582265	2.1749607798	0.5989416793	1.8745268257	0.7736701576	0.93072264	5.888510955	1.7640815454
0	9.3486784704	13.1952205634	0.3387304608	6.6946454401	2.736409472	1.6575953454	1.1615262429	0.8826392445	1.476757977	1.087584948	0.8933808486	0.2515545113	1.3414398065	0.9977363358	4.7201681313	2.5762976635	0.5091681181	0.7337392304	0.6243483826	0.1092331059	0.0990071353	1.1309651357	0.3714103137	1.1489837044	1.1547618348	0.6296263699	1.1282665125	1.3330776352	0.9408371116	1.0605168387	1.5020357428	4.8231277927	0.4149984051	1.3209484147	10.1989034006	0.7323597988	2.6682178759	11.0505901896	2.7750563231	0.6504079293	1.5639520489	0.7007826907	0.9467571607	5.7564474281	1.830989924
0	8.1927394031	12.3483123466	0.3061883804	5.8961163706	2.5815441847	1.2369529572	1.1616337065	0.8984295488	1.3089692261	1.0779865008	0.9320516708	0.2361393548	1.3774899928	0.9907462845	4.5602158924	2.5884021092	0.4854601015	0.7212883129	0.6834809193	0.109195645	0.0990812473	1.1037548857	0.3675115051	1.2146294336	1.0526892004	0.6543097083	1.0428269049	1.3469949704	1.007657458	1.039349487	2.0859532805	4.0943270931	0.3945082302	1.2795175351	9.4419606074	0.765703111	2.4173978847	8.4748690054	2.5523422416	0.5805569274	1.4700073158	0.6911767439	1.195098881	5.9499060942	1.879249113
0	8.6253553961	10.1455557617	0.3123405011	6.4924784501	3.0327773548	1.09311536	1.2640176681	0.9080520061	1.8709931521	1.0856570587	0.8588607726	0.2443385653	1.3828143175	1.0720025617	5.0826001584	2.7460845949	0.50615917	0.7308176364	0.678789633	0.3903309027	0.1366194854	1.1674548831	0.3206020404	1.4198659111	0.9730622866	0.6360134148	1.1398115052	1.214379109	0.9471159794	1.0240689946	1.348112269	4.7994063361	0.388821525	1.4661608079	8.5800268789	0.7084745289	2.4405538477	10.6779044872	2.9962861444	0.5531436012	1.4886051119	0.7398661666	0.8617458024	5.3071794144	1.8441576778
0	8.4879090709	9.9378046936	0.2572684426	6.0259549695	2.8456406253	0.9943698469	1.2049056577	0.8599784404	1.6193126726	0.916888434	0.8121906224	0.2335814846	1.3151428978	0.9783601303	4.4261917273	2.5220291874	0.5177904214	0.7064660084	0.7365495448	0.3690782689	0.1395347097	1.0225510569	0.3744684207	1.3881051594	0.9656067452	0.6397637595	1.1351891701	1.222482678	0.985290278	1.1117454946	1.6398954249	3.9981684538	0.3700606661	1.3230995454	9.1210864444	0.7882987424	2.2698930816	8.8356541317	2.4217643446	0.5432717356	1.3622878836	0.7398533062	0.9411421611	5.1811483992	1.9836907054
0	8.1603794262	12.7073644153	0.2731618872	6.2356903656	2.7332337426	0.8812851623	1.2662443683	0.7973238505	1.7663081244	1.1841636435	0.9792433469	0.2416336737	1.0837677743	0.9745430116	4.1209899279	2.4307673612	0.5219041256	0.756478959	0.7678720456	0.3533810886	0.1365554232	1.0862265107	0.3610797039	1.3029718021	1.0984949805	0.6542984325	1.2189739392	1.1813743557	0.937502429	0.9370447063	1.4401057319	4.0706988855	0.4672913476	1.5049809198	8.0870950867	0.8061165096	2.3115563439	8.7265423517	2.5430665127	0.6213442908	1.6027804565	0.7579749134	0.7208307859	4.6651309775	1.8802686862
0	11.2893273399	14.5326414476	0.2583729386	9.0540136738	3.2212868779	0.9588246222	1.4800928734	0.7406543785	1.9318088393	0.9243077165	0.8757966706	0.2012012096	1.0915882454	0.9964653687	5.8742890126	3.1152234657	0.4293961159	0.6114936496	0.6312516971	0.3060265797	0.1148833115	1.2395208588	0.2985985843	1.4776295432	1.0972990366	0.5432419892	1.1110305557	1.2949409093	0.8217074445	0.916377721	1.4143577083	5.4449741298	0.3858333921	1.6720610855	12.2153925685	0.6905021422	2.8387635622	10.8655875052	3.1851807406	0.5258637584	2.0046973425	0.659089009	0.8949980278	6.269390535	2.0491952282
0	10.6000121479	11.3775760465	0.2973724031	7.1031634976	3.3771440316	1.1511838263	1.1565015304	0.9096056326	1.5595085346	0.9613706888	0.867090989	0.2537641268	1.4193920353	0.948116432	5.2361928828	2.8930393513	0.4669809795	0.6448263607	0.6251308262	0.1230398267	0.1010996714	1.1172788524	0.3502979727	1.3230989282	1.1581584766	0.6456928721	1.3421496041	1.1518991861	0.9009832072	1.0578680065	1.4794687792	4.5924107918	0.4192388097	1.422059806	8.58097958	0.7281626092	2.6239712776	10.4731942574	3.4107142859	0.564564031	1.6009207875	0.7402683716	0.8165136844	5.549547025	1.8060559114
0	11.3608245053	16.7885253878	0.2809396624	7.817528877	3.4759534081	1.1544716697	1.1449646591	0.7193855736	1.3919376223	0.8644831981	0.8147876585	0.2237085901	1.3066429641	0.9999144501	5.479549941	3.1316378949	0.4427367116	0.6314687707	0.588145144	0.108667197	0.0924842367	1.0352803832	0.3252854992	1.2461270147	1.2255299912	0.6186203759	1.2661839148	1.103304088	0.8369552458	1.0192604098	1.7236575987	5.2145020091	0.3724658012	1.2637703893	10.4819748053	0.6304122784	2.6878458304	11.3515154764	3.1725804171	0.5670100766	1.4918386646	0.6919604094	1.0887395566	6.5569380498	1.8494374558
0	8.0868415863	10.2234226485	0.278189488	6.3579960786	3.239302936	0.9706092287	1.1545330028	0.9188542897	1.3706346513	0.9870983521	0.8174529146	0.2507823772	1.3644157338	1.0174390314	4.9020329333	2.6696928838	0.4932811215	0.7399858966	0.7096768927	0.1611040897	0.1055320593	0.9912067277	0.3846549405	1.3567616877	1.0903991735	0.6864196825	1.333573663	1.1042630268	0.9684084337	0.9493225418	2.1582818411	4.3087534826	0.413032918	1.3818467417	8.3366055993	0.7576271595	2.1243526223	7.4069519933	2.8978879984	0.5895610517	1.4233476255	0.7350794635	0.9608705438	4.8494230594	1.8776672586
0	8.6511911953	11.2354264353	0.2714444586	7.5680776665	3.6736484754	1.0551196589	1.0926745226	0.8064989198	1.7009872513	0.9110457781	0.7814922863	0.217295605	1.4299265562	1.0000784557	5.7746244366	3.1663755387	0.4546344038	0.6986951947	0.6658061433	0.151719797	0.1007526321	1.1471747113	0.3487634178	1.3562075228	1.1626128918	0.5751974501	1.3789179211	1.1173090165	0.9431683844	1.0290587463	1.847547404	5.7636119325	0.3760802376	1.3668822034	9.6972159578	0.6951287106	2.4785117877	10.716995189	3.779892019	0.5645306148	1.554236647	0.6861810809	1.1483169358	5.2470614111	2.0659135667
0	7.215243672	11.7916999804	0.3454871461	6.5878598795	3.0190512216	1.1826751726	1.2005673568	0.7836171595	2.0152820694	0.8811631559	0.9220169513	0.2412355626	1.3008910239	0.9702652058	5.0157244095	2.741541497	0.4507517678	0.6104017219	0.6751101147	0.3431520832	0.1307007351	1.2556113063	0.2854154614	1.2079635966	1.0155037224	0.6198422409	1.368800761	1.2372440901	0.9036836644	1.0440909207	1.2565045418	4.5631862699	0.4011445737	1.5922267637	9.0368536203	0.7329856965	2.5774005737	10.0101687568	3.0557308165	0.5935356425	1.6813643057	0.7765521105	0.956758783	5.2558732856	1.8018263363
0	9.5154730245	12.5295269007	0.2915412995	7.1107025968	2.9049533567	1.1289460562	1.3365554731	0.8258543436	2.0697132714	0.9098411495	0.8154656369	0.2254651708	1.2603388568	1.0055141369	5.1748107859	2.8573068771	0.4682481047	0.6009469628	0.7035803788	0.3730613584	0.133580871	1.1606665661	0.3030717432	1.2032769085	1.045903601	0.6207574363	1.363523969	1.295517654	0.9706360321	1.0129204999	1.5215731403	4.3612042165	0.394864359	1.4433511493	9.2588900741	0.8170268045	2.6943681941	11.48927261	3.6707589882	0.6296455402	1.554864856	0.7278049721	0.7285563842	5.7896505585	1.9255357145
0	9.6303724129	11.9786163183	0.3908528935	7.4888844832	3.1428324382	1.2982668186	1.2910944118	0.8393727434	1.7257347113	0.9180405805	0.8413553678	0.2538475301	1.361321571	1.0295427518	4.8543585471	2.5771517419	0.4983530883	0.6740247398	0.7066998099	0.3575317659	0.1310105587	1.0320769152	0.3356569808	1.119772528	1.0237686063	0.6349771246	1.3124772239	1.229110804	1.0250491259	1.0129146478	1.4864865187	4.2056943835	0.4098333557	1.5228264803	9.0627004376	0.7457149925	2.4027977118	10.4915847886	2.4392097684	0.6632430437	1.4920013026	0.7623046218	0.8158144913	5.3533382317	1.668489998
0	9.1981000763	12.9629259332	0.3037488377	8.1370822211	3.2218368678	1.1693402807	1.2366684182	0.8171144683	1.9843693258	0.8677285421	0.7978038223	0.2248706082	1.3150472232	1.1243662369	5.4848149825	2.8103987821	0.4318812723	0.672122842	0.6341211158	0.3432306391	0.1142421453	1.1300106593	0.2953524475	1.2233593531	1.0022913012	0.5997761112	1.2719542052	1.2365106704	0.9149667568	1.013009181	1.1967814845	4.870621483	0.3830916956	1.4042966697	8.8225111266	0.6730777049	2.4845050227	12.406705373	2.6737053953	0.592480434	1.481075441	0.6841312082	1.0313408069	5.5313719538	1.8250993698
5	8.4053452861	10.3515270283	0.2901838539	6.3591837731	2.9446698487	1.1223709593	1.1898294236	0.8142991281	1.5943980675	1.1895705651	0.8672787953	0.2320598962	1.2817527825	0.9977279952	5.0157140896	2.5858434344	0.4705423828	0.6491186146	0.6861998229	0.1303471627	0.1039888877	1.2617064205	0.3471050473	1.3114020104	1.1007453896	0.5947510937	1.085096437	1.2312468833	0.90500284	1.0512568467	1.0614567464	4.3212457562	0.4106172031	1.4147071915	9.1093751165	0.7494572553	2.909394047	8.6661546891	2.8087022615	0.6125409038	1.5776700811	0.8060781966	1.0282141916	5.5264680116	1.8090347807
5	7.883075708	8.3612800495	0.2819060349	6.2776599296	2.8574595325	0.8772784501	1.2807714759	0.905570317	1.8196998336	1.0534798165	0.7885091071	0.2198909194	1.3534399849	0.9470303878	4.786053547	2.6249285602	0.4526502703	0.696061458	0.6432767485	0.3651896979	0.1433865217	1.2077201805	0.3466055625	1.2403208864	1.0200209672	0.593333408	1.1551525987	1.291304399	0.9878523023	1.0070241683	1.3574019841	4.2954381415	0.4301840134	1.446181511	8.0520533889	0.7592531758	2.7436321778	10.7422905054	3.0013361563	0.6016517024	1.5251679759	0.7589904426	0.9339191634	5.1330234806	1.8491599392
15	6.0818573979	7.8336392609	0.3001289352	5.1327304024	2.5076435925	1.1122456743	1.0654066705	0.855813558	1.547325317	1.0714505544	0.8346459221	0.2313553684	1.3952709191	0.9942172795	4.6167687432	2.6780798051	0.5005073445	0.7732560669	0.6655640801	0.1067961261	0.0947900347	1.2814619526	0.3470705838	1.1916057578	1.1043498752	0.6176473256	1.0348967171	1.0578884885	0.8761120015	1.0498662459	1.2466983012	4.586273897	0.43103729	1.4252665527	7.1353103287	0.7412775286	2.747613526	8.7951065506	2.5541133754	0.6238819942	1.5932112	0.7178295632	0.9676618431	4.2299813125	1.8571815834
15	5.884786885	7.0204499446	0.2798943393	5.6030416221	2.7350777018	0.968844994	1.2364438721	0.8778606241	2.010942004	0.9742547009	0.7554712976	0.2221694376	1.3514461224	1.0416841057	4.2604254681	2.6280789963	0.5473418392	0.8447815236	0.6590942085	0.391447723	0.1434512759	1.3017955247	0.350670227	1.1518905372	1.0344854971	0.6535350136	1.099980173	1.3555880702	0.9373732946	1.0013201346	1.1142911036	4.1200263223	0.418228094	1.436097759	7.1104836863	0.9613781027	2.7811285226	9.8168626516	2.8686539669	0.6045849883	1.4987163363	0.7714334873	1.163447847	4.2636510151	1.7774575358
30	6.2224899666	8.0311380836	0.308727275	5.7903339009	3.2203955154	1.0429261654	1.1551765956	0.8624813913	1.5924269359	0.9842407855	0.7481883214	0.2322925982	1.4184511956	1.0573796071	4.377591797	2.5748373079	0.5420808507	0.6750556694	0.673969778	0.1403190461	0.1060468866	1.1795195346	0.4347759509	1.2673807254	1.0766241348	0.6217726512	1.1144524887	0.8761638419	0.9969810872	1.0076457177	1.2287847691	4.2037599862	0.4630396456	1.5126031568	7.423743642	0.7367284756	2.3661243097	7.5052233703	2.2957587781	0.638428853	1.537240454	0.7766908865	1.1766704537	4.3509506606	1.8716282295
30	7.6735098379	9.4361741633	0.2953192886	7.7800892408	3.7717556588	1.0481979885	1.4345348757	0.9343849153	2.3780982121	0.9888075456	0.7396754471	0.2286330507	1.2375473304	1.1349690453	5.4324591149	2.616510464	0.5062294555	0.6810568693	0.6333322704	0.3894231741	0.1378735059	1.3434302678	0.3432405006	1.3680298954	1.029047426	0.5708406562	1.1289852124	1.1078637864	0.9115616031	0.9859175343	0.7376412484	4.846466616	0.4203043461	1.5039219866	9.2221767708	0.7177763475	2.7522267389	10.9788899085	2.5642250971	0.6425668675	1.6740375472	0.868862382	0.8111370962	4.4332351097	1.9460453392
60	3.4699542212	10.2603797695	0.2810862658	8.2949686093	4.2062219521	1.2324134082	1.3643684106	0.8042342282	1.5988256991	0.9361223169	0.7784664659	0.2524721089	1.2610772988	1.0635665776	6.3477281036	3.0842406493	0.5086879511	0.7338645084	0.6411143659	0.1701293709	0.1063441281	1.0791474423	0.372989745	1.4179601181	1.0640561021	0.618702747	1.3460096877	1.0556407431	0.9358992326	0.9826017833	1.2454051253	5.2504559013	0.4398748858	1.4483168013	13.098377327	0.8073324101	2.234771481	9.0233235317	2.5459945511	0.5738089356	1.6726662024	0.7174670871	0.6468063962	5.4801982574	2.354311061
60	7.0599838123	10.5724741408	0.2701525145	8.1769249137	3.4234359563	0.9552596233	1.383893487	0.8666136295	1.9067357629	0.8249013825	0.7311185039	0.2486760564	1.3817043407	0.9882773042	5.7471442824	3.0608142227	0.5106888131	0.6943332091	0.6610959495	0.3874250321	0.1194743393	1.1644759288	0.356417809	1.2263270363	1.1275207872	0.6177097059	1.2585630533	1.1817472075	0.93388786	1.0548259389	1.5663935436	4.9732898182	0.4267700614	1.5222790933	8.2317735743	0.9450602642	2.7016485199	11.4060279784	3.5234189836	0.6190524421	1.5855945135	0.8050724681	0.876153696	4.4878904767	2.1903024638
120	10.5621868448	11.7659236692	0.2795856781	8.2994751617	3.9022052429	1.1090333877	1.1899717332	0.9043927775	1.3809151812	0.8559089038	0.923353789	0.2242862306	1.3626879436	1.0636231217	5.8080711224	2.9358644336	0.4923433799	0.6430870442	0.6183980499	0.1977864162	0.105377588	0.9908277041	0.2793748552	1.3796190068	0.9911180848	0.6747215653	1.2433194652	1.0181913482	0.8823790101	1.0890016628	1.7242601972	4.6075166423	0.4000855656	1.3475761356	11.9496425708	0.6747664722	2.1807037358	8.5560602748	2.5306641061	0.6205765791	1.5784834789	0.6607925126	0.8817151591	6.3617939465	1.7104674071
120	7.6484549282	8.0676818209	0.2599424725	7.4064609852	3.4358903303	0.9655924	1.2281707606	0.8402563963	1.8701353071	0.8941793215	0.835253346	0.2074693169	1.2815314303	1.0390814899	4.9274129495	2.8074304064	0.4691804048	0.657667302	0.6737381928	0.3241554091	0.126134369	1.1221198619	0.2947122435	1.3071792159	1.0749802066	0.6036756937	1.1494119807	1.1924146752	0.9057807575	0.954910916	1.2298305891	4.8502699528	0.4123768317	1.3693415844	8.1971214428	0.6727721293	2.3924743741	8.9982889564	2.5777729682	0.5907976825	1.4205112222	0.7431746028	0.9431114786	4.2034570616	1.7728850794
240	7.54356659	9.7344362284	0.3553372596	8.267423348	3.7476255718	1.412559651	1.0105942275	0.8863186392	1.6508918696	0.8675116002	0.9126214281	0.2576626119	1.352346833	0.9982037601	5.1803429313	2.9235473701	0.5234856015	0.6724410159	0.7135324091	0.1840446376	0.0950022821	1.1915658107	0.3035465117	1.2680234636	0.9514804945	0.6403442867	1.2152836331	0.9089812669	0.865282541	1.0015972022	0.9677675493	4.8699648602	0.4091777596	1.2660553034	8.3114382566	0.6304862345	2.5483234091	5.7881979104	1.7046875402	0.6667828927	1.7843698164	0.701730003	0.9356157249	4.9222042051	1.5815899331
240	6.2540692378	10.0388628064	0.3401506677	6.2821176392	2.8143381416	1.1055626064	1.1062808746	0.7862480207	1.7204941328	0.988672158	0.9045949607	0.2470626213	1.3281920361	1.0247006659	4.4932428958	2.5530216449	0.5193907937	0.6945863293	0.760278563	0.2906916204	0.1409527191	1.1899191206	0.2928177071	1.2718103505	1.0137021922	0.6394048677	1.2171283833	1.2148352444	1.1110975215	0.9722570885	1.453273843	4.2662801389	0.4161875923	1.4964244063	8.8571616918	0.7154059152	2.4298875141	8.3984202963	2.3292606476	0.6334323421	1.6951016057	0.773026244	0.549470579	4.4776326049	1.7424256587
0	9.5035941538	10.8561074106	0.4144000278	9.4941714635	4.186952537	1.1956180223	1.1819019309	0.8518366471	1.808881461	0.9168543678	0.7369083958	0.2462233527	1.3428903105	1.0919868143	5.72466369	3.1839869303	0.5075707662	0.6931690943	0.6869342557	0.207334764	0.0967443725	1.2878516942	0.3655916844	1.3468969157	0.9813246888	0.5816147051	1.2653118229	1.1181906563	1.0158322488	0.9811920916	1.3720952946	6.132579566	0.4349253231	1.5042476698	9.6573494143	0.7330411058	3.1369682924	8.9479517805	2.9558800049	0.55715453	1.7974474838	0.6900033402	0.9623555073	4.5653709932	1.8643174338
0	8.0542502888	9.3722121029	0.4728641528	7.7425578014	3.3235384886	1.1670292577	1.2261822649	0.8344623436	1.6772807222	1.0190018009	0.8112919296	0.264762357	1.5014364935	1.0595910165	4.5246020974	2.5416418533	0.5560807112	0.6604016181	0.7511875369	0.2282096032	0.1229162568	1.2247525771	0.4084622529	1.1822011436	1.0072672456	0.6579644077	1.2967163412	1.0392988543	1.0213352063	0.9777608465	1.4951771467	4.7643553383	0.4693755568	1.5202639147	8.827931715	0.8195164282	2.4355333787	7.1276317377	2.9401017379	0.6180318686	1.4854274534	0.7477731704	1.0469283371	3.6580791809	1.5778329876
0	8.6011407605	10.5661380308	0.5054147434	10.7238651632	5.2700062823	1.1774205033	1.3972688807	0.8829654136	1.8438071683	0.7924743282	0.7443250982	0.3036583026	1.3627274155	1.0995216172	5.7956493921	2.9787713415	0.6034913412	0.6491131083	0.7837658043	0.2291588371	0.1018460467	1.2842362166	0.3232123004	1.1895746012	0.9996855233	0.6288026347	1.2483049903	0.9989461559	1.0097805315	1.0113322586	1.0679446363	6.0230116676	0.4134499593	1.4452634331	10.4355101501	0.6865756832	3.1430875784	7.9479800023	2.6912309415	0.5762131829	1.6842164277	0.6936179352	0.7221183689	4.3956067541	1.6941197706
0	8.005676883	9.7632502291	0.3779940904	9.3384586067	4.6130303184	1.0813656049	1.5896147994	0.8312271086	1.4683431049	0.8142171769	0.8060073396	0.2749321835	1.3861994329	1.2186409476	5.2227117576	2.8020516601	0.6067475556	0.6713754127	0.7824092368	0.2522845492	0.1045998166	1.0568482444	0.3307791684	1.1106815245	1.0807726267	0.6582363925	1.1684586233	0.9766954056	1.0221909923	0.9984903988	1.7999940496	5.2506901261	0.4516180225	1.4989388618	9.5542045559	0.7852946205	2.5604216706	6.6407669756	2.6223543518	0.5861813266	1.5590186767	0.7274404378	1.2090433251	3.9359791663	1.7321627747
0	7.441854874	10.1927459009	0.4302225431	8.2788935423	4.4199088239	1.0943891113	1.4508906893	0.8911522274	2.2792168607	0.7900465702	0.7564701158	0.2483048263	1.4238277933	1.10994342	6.0472937878	2.9981014378	0.4641625882	0.7041412301	0.6838000315	0.5847847058	0.1199057307	1.3594765926	0.2753746557	1.4250756417	0.9386839893	0.6344970938	1.2061861831	1.164623471	0.9956150069	0.9727082056	1.0602072801	5.5348716155	0.3747256213	1.6090166346	9.0409359873	0.8801002624	3.3480656274	13.6074395441	3.3329669353	0.5656174788	1.5959532364	0.7145014911	0.8343401985	4.6885817553	1.9415846102
0	7.0602172056	7.4242653637	0.4257506906	6.8914481668	4.1692377684	1.0878187578	1.579018394	0.8762120038	2.1461813007	0.8380605015	0.7977455159	0.3079994717	1.4989250433	1.081012099	5.2669950816	2.905000096	0.6043851759	0.7695786673	0.7998970888	0.8240856602	0.1380004456	1.3859243927	0.2994020705	1.3792097805	1.0100752902	0.6464223922	1.2576601999	1.228148067	1.0987452781	0.9919091386	1.0642039366	4.7464987601	0.4275058963	1.7215292199	6.9648968673	1.0002727818	3.3023333422	10.7354628897	2.9259584107	0.6586815144	1.6444768345	0.8830645633	0.9385034114	3.8421356653	2.0247397209
0	8.2479218889	9.5602366658	0.4555791735	7.7056799231	3.8522027566	1.162886355	1.4682349726	0.7656403381	2.1596291602	0.8284071208	0.7613972835	0.3044198512	1.3834684042	1.0883148436	5.3492712255	2.7075345503	0.5350792008	0.6372975854	0.764269415	0.6829301118	0.1386467066	1.3215176128	0.321966573	1.2901786908	0.8877981576	0.6048446935	1.2464798645	1.1809793256	1.0779036272	0.9654743517	1.1809323909	5.3246657437	0.4535065044	1.7363122494	8.7502526364	0.9150668321	2.9982411173	11.0818120428	3.9037487381	0.6202961858	1.607583286	0.768041971	0.9312107705	4.1234272034	1.9104007775
0	7.156124467	7.2257135329	0.4372504408	6.8663008429	3.3332333607	0.9066520262	1.3899734455	0.8451774382	1.7123331536	0.9910729634	0.7412401407	0.2612428893	1.2989786686	1.0548242221	4.5250979892	2.6457028664	0.5644478314	0.6195966902	0.7545750454	0.6250586706	0.1554334639	1.170229703	0.3225331804	1.3659996354	1.0155328327	0.6748081432	1.2507711609	1.1721745039	1.031382539	0.9784914247	1.6645042966	4.5340185938	0.4629927573	1.5405799169	7.0865437545	0.9604344138	2.688261671	9.6392030518	3.1667509145	0.6050781601	1.4009560514	0.7521585349	0.988146475	3.6210918422	1.7748358769
0	7.5733007233	11.20593384	0.3860020825	7.5149121651	3.4277586848	1.1995932753	1.257255156	0.8858673803	1.5556801793	0.9346966471	0.7547990027	0.2473122704	1.2971889818	1.105600879	4.6984133034	2.6206993583	0.5157322955	0.6791901775	0.6643423903	0.147775164	0.0964310341	1.1842804025	0.370170775	1.3019706638	1.1025653667	0.6151391047	1.294553956	1.0807551927	0.9728487655	1.030627109	1.4586661738	4.3795179518	0.424654049	1.5512512876	8.9202875067	0.7606866166	2.4274110708	8.7979781964	2.555352715	0.5339781099	1.5436038164	0.6275365593	0.5657232923	5.2691822811	1.7122896263
0	6.8112228321	9.7189766545	0.377610177	7.3129685588	3.4815726112	1.2506701353	1.355327675	0.8388816009	1.5965735198	0.8889460072	0.7313398591	0.2607580398	1.2735761996	1.1036252596	5.1146368753	2.6643059677	0.5666920201	0.6580642893	0.7743786113	0.1979156062	0.1019148809	1.1393241189	0.3576710888	1.1901031199	1.118023839	0.6161576442	1.2610271981	1.0783639729	0.9991626134	1.0041185862	1.2354876585	3.8410167716	0.4576365776	1.4838862475	9.632506967	0.7509674705	2.5335087462	7.1219106712	1.929951882	0.5881454351	1.6590826097	0.7095627844	1.0307787247	4.7022910809	1.74410733
0	7.3571462669	10.0452026559	0.4354915762	8.577946439	3.655473461	1.5295524526	1.2448251874	0.880156795	1.6163529428	0.926871205	0.7521468275	0.3113270475	1.3411344841	1.1100672902	5.4533153533	2.6454497345	0.5514572102	0.763938444	0.6823875161	0.1772010355	0.0983129517	1.2349273845	0.3919261112	1.0823769074	1.0311297609	0.6222318319	1.146753047	1.0226336597	0.9977106978	1.0563838016	1.1258603382	5.6881752238	0.4456727529	1.3673750731	9.1658055252	0.7304035856	2.6457978882	8.6664477363	2.9541492126	0.6039069238	1.5413965946	0.7524883497	0.9732344114	4.7917010344	1.6471169872
0	6.6127444226	7.2730460082	0.4416204905	6.3733090191	3.5915391518	1.6699370787	1.2502426317	0.9224197951	1.6925588437	0.9319618018	0.7400199131	0.3019429635	1.5410785089	1.053573781	4.9137921521	2.6123783292	0.5443379053	0.7655973677	0.6479357435	0.1466711425	0.0977086096	1.3057239249	0.4058529186	1.138447901	1.0688308434	0.6343971806	1.1620220989	1.0601958758	0.9912003339	1.0077884866	1.1164822627	4.8758221307	0.4074786361	1.36561614	6.9559394368	0.7506958011	2.982666528	6.801062447	2.280388662	0.5698044578	1.6406355304	0.737233854	1.0448449605	4.3306333854	1.8283445879
0	6.9240739389	12.5462982839	0.3018319059	7.1743085257	3.4357690187	0.8696184912	1.4775902079	0.921388394	2.1994196858	0.8819089474	0.7650188942	0.2650589103	1.1592772102	1.1250625286	4.9640955245	2.4753638831	0.5363808075	0.8122854298	0.727865525	0.5990337652	0.1430297675	1.2456804563	0.2790147985	1.3528087231	1.2182699329	0.6235683294	1.1646384428	1.2780290873	0.9812438947	0.9608851138	1.0283324516	4.8925622286	0.4811003945	1.6215297002	9.1403843706	0.9491424844	2.62713874	11.4938068446	2.9672553561	0.5603287852	1.4705097508	0.6554446707	0.5355512901	4.4983874519	1.8188231017
0	7.5616001713	10.8442696794	0.3270880259	6.2222125721	3.3550174267	0.865989035	1.459733215	0.8079941911	2.0103053301	0.8644053665	0.7394063959	0.2890697569	1.2203947326	1.1202775013	4.5168974387	2.6159975073	0.5825772866	0.7485899579	0.8065911291	0.712234375	0.1440376451	1.2740111431	0.3098596115	1.3566997186	1.1142792868	0.6302512725	1.2321712663	1.2645085143	1.0018077553	0.9789123667	1.1068696349	4.4419518553	0.4897755683	1.8694490987	8.3871067471	1.0650815616	2.529001783	9.9853035868	2.8862157162	0.5022336084	1.5737943446	0.687580479	0.6210427117	4.3423409495	2.1225338444
0	5.9171261169	9.2694011972	0.3352184819	8.0773520581	3.8086194027	0.9023521133	1.5733225358	0.8501821344	2.1665598366	0.9302623147	0.7070598646	0.280828625	1.2385926636	1.0276139533	4.4825039265	2.8409142143	0.5239877426	0.6859031108	0.7925041317	0.7369846892	0.1415084015	1.3022052246	0.2927910866	1.3283718769	1.1880230609	0.626507425	1.1636369931	1.2908343726	1.0891039293	0.9548796062	1.2240334464	4.7175197472	0.4462493979	1.8927509048	8.0268198223	0.9902669537	2.992482221	11.1480133944	3.788904618	0.556713242	1.5887794712	0.6918823149	0.6829759778	3.9316827376	2.2251333005
0	6.3983813333	9.074463328	0.3481622833	7.3074271394	3.4438523802	1.1284664886	1.4818909145	0.8738844471	2.0363434433	0.9368905376	0.7307500796	0.2693317566	1.2538715146	1.0959907501	4.711950823	2.6717264021	0.5446155323	0.6902552416	0.8155449131	0.6598592199	0.1429049438	1.2936702238	0.3230876837	1.40384552	1.0325200274	0.6902036816	1.286213601	1.283075893	1.0763556161	1.0271531662	1.1546294196	3.8557789645	0.4387580135	1.8831422383	9.6629970053	1.0165355512	2.7025544205	10.2456583685	3.2623228149	0.5828386333	1.5598389064	0.7279862135	0.7817958429	3.8107813866	2.1042568567
0	5.5783383638	11.0807368345	0.4267416747	12.7251472911	7.6572164818	1.1164900888	1.1809762815	1.2680891367	2.2786729717	1.1266215089	0.8904442308	0.3107451674	1.4857246735	1.2703637047	3.2120246114	1.6473478511	0.5548681792	0.8846197113	0.7289136322	0.3138546888	0.1366064853	1.037842562	0.2952989957	1.3727446771	1.1363977106	0.726989121	1.2805470426	0.796947562	1.0763296799	1.0417682438	0.3596088879	4.5733685633	0.5279850464	1.5985028421	11.1366054088	0.9080606863	2.2511541595	5.1198699019	1.4665494903	0.5729011124	1.7151243734	0.8068521484	0.5189711672	5.5024155047	1.779252711
0	3.7862634527	8.3808130367	0.4781383647	10.1922489819	7.0689415747	1.2200760052	1.3278468168	1.1654087211	2.2850267666	1.113784149	0.9437347017	0.2849375086	1.3649574306	1.2130647268	2.9985400722	1.7001320789	0.5681044835	0.7658899778	0.6958687536	0.3029301175	0.1176924108	1.0648701099	0.3381762286	1.343856892	1.2528188866	0.6733299696	1.268522507	0.6685982352	1.0700023424	1.0567061337	0.3700406021	3.835872259	0.4616883315	1.6281138068	7.254701858	0.8574300193	2.202469334	4.7533921353	1.1523064067	0.5945082803	1.7527889957	0.8057636452	0.4944913494	4.8729191939	1.8027213713
0	7.4946540615	9.4773628034	0.3610170024	6.6066846502	3.3491519328	0.8056226062	1.3138039159	1.1562205535	1.0000586903	1.0227947233	0.9208193106	0.2450970121	1.1973366301	1.2974454471	4.6556464844	2.8156443229	0.5307815078	0.7306471709	0.7800204585	0.3895305334	0.119797935	1.2227844084	0.2263917127	1.4668892245	1.0947692424	0.6222129948	1.1969780534	0.9294081331	1.0006052866	0.899435254	0.5824946066	4.7531567533	0.4878847431	1.6876669839	8.9237019568	0.7583387286	2.4692472748	7.5240059656	2.0174829508	0.5568090171	1.3598960332	0.8514692036	0.9893767079	4.6901548963	1.5716030881
0	6.1067933696	9.6090626478	0.3599630274	13.8004344578	7.454546709	1.1164106799	1.3744157287	1.1033352035	1.71051284	0.9198994572	0.8965565085	0.2926437632	1.3692289687	1.4162532088	3.3435975777	1.5066075046	0.559676239	0.7509617512	0.7492158733	0.3202898475	0.1080955164	0.7348927922	0.3019874132	1.1620004309	1.1780371914	0.7001336646	1.3683278868	0.5443903904	0.9559588812	0.9908416425	1.3657230323	4.0614065313	0.4167767569	1.218440777	8.9060157537	0.9220775756	1.4895572017	2.7408781546	1.0090104924	0.5554767993	1.3561696764	0.8040700512	0.8297387621	6.2605777936	1.6792413143
0	6.0287977525	8.9668768944	0.3388474638	11.3379402416	6.3606248783	0.8804561072	1.480121668	1.2376970317	1.5955411911	0.9756851977	0.8016812515	0.2585863327	1.4623895722	1.2582439127	2.8204130934	1.558450529	0.5498642488	0.8308866252	0.724107456	0.3519067312	0.1311769507	0.7265022239	0.2995220155	1.2227565571	1.2528719552	0.6976202727	1.3785407441	0.6468511689	1.0925247314	0.9990553453	1.5498840819	3.2092213967	0.3888926545	1.3255042567	7.4418661343	0.9887797703	1.4542330535	2.9220265266	1.3297952866	0.5796980759	1.2473773851	0.7595360057	0.9882609828	5.4352511912	1.7582524776
0	8.0201732805	10.9794500305	0.3731146618	6.8579243136	3.7408792051	1.0041362801	1.7826164426	1.0322829678	1.5919986906	0.8824408258	0.7916424492	0.3009278369	1.3959643352	1.1330653026	4.180208974	2.3711946773	0.5534246749	0.7092625248	0.8530945756	0.500191647	0.1343265079	0.8255322655	0.2860538439	1.2451251582	1.0296329409	0.7488058262	1.3106314155	0.9047614749	0.9895666879	0.9816212674	1.5326136078	3.7332567156	0.4235831023	1.2539297293	9.3962433473	0.8816804315	1.7099913524	5.3200867964	1.5689101037	0.4974197639	1.3243630467	0.894081987	0.8828789042	5.6826577879	1.7956477664
0	7.9710116802	11.0431376744	0.3619880798	7.8569217415	4.3752967409	1.0001349479	1.6015308531	0.9871981394	1.5518212764	1.0072805225	0.8293335637	0.2788918784	1.3457312538	1.0858186626	4.6089108999	2.3446753734	0.5495489414	0.6956787154	0.7567382087	0.386962677	0.117692065	1.0503120523	0.3404845427	1.3481079681	1.0735212116	0.6641451657	1.4102482323	0.9419033036	0.9349984053	1.0147391341	0.7738424108	4.526068802	0.4090938688	1.264685679	10.0266732232	0.8054766714	2.1490174978	5.3843820584	1.5479023159	0.4853512177	1.2244318913	0.9524914085	0.9327573533	5.5317872592	1.7885260217
0	3.4755839937	11.3259527617	0.2822105969	11.5866761703	6.8102332753	0.8679036592	1.3070396134	1.0178288747	1.8893873547	1.1338887158	1.5231149057	0.2796426271	1.5230726048	1.3508418405	2.7044436293	1.5229047091	0.6085957523	1.0603497567	0.8048032586	0.3841395779	0.1557368328	0.7788205894	0.3750517323	1.3340740821	1.7970992968	0.7069888741	1.3136004474	0.7286818349	1.1762616776	1.0192557189	1.3765735011	2.9548244011	0.5098762976	1.4029460132	10.7935060783	1.0231330683	1.8878867884	4.275233168	1.6588921944	0.6877905427	1.3871223266	0.8881464165	0.6852755332	5.4286930145	2.2019545389
0	4.2412390144	10.9634229569	0.2197284466	10.3911832723	5.8628521172	0.7396930599	1.2005106425	1.0176039185	1.6703521672	1.1070217359	1.0573410871	0.2967623191	1.3332155699	1.2103772968	2.7010590931	1.5811284126	0.6001829182	0.8507334007	0.7547006266	0.3156104029	0.1614958212	0.7674313063	0.3647201364	1.3548352892	1.2374953954	0.7218169842	1.3228638619	0.7974430105	1.0654142823	0.8991738847	1.4813427686	2.6226482355	0.524537268	1.4722773468	11.0267617964	0.9179134211	1.5420269753	4.361226574	1.7376936358	0.6315908151	1.2271665053	0.8130800761	1.0256417693	5.4983469126	2.1843311805
0	5.8896341622	10.0565558073	0.2719238967	5.874899357	3.4736131317	0.9369362611	1.498781905	0.9273717427	1.8082956907	1.0278663223	0.9367930476	0.2533852777	1.1860360913	1.1734039276	4.3858806944	2.2932633179	0.5978711143	0.7587118485	0.8158003759	0.4755331906	0.1447607468	1.0244415592	0.3553827217	1.3860497937	1.2311156238	0.6893522009	1.3330326742	1.098659414	1.0597246217	0.9916287777	1.1219079796	3.0162279319	0.4687809748	1.54787734	9.24981301	0.9117798421	2.1759040169	6.9091992483	1.9600824964	0.6027339444	1.380275092	0.8816995662	0.7071607132	5.4506007976	2.3963387284
0	6.598731911	10.041669747	0.2576878718	5.7463472219	3.3217793591	0.7313052545	1.4072790446	0.8515292126	1.933819094	1.0396384028	0.9483485897	0.2670605195	1.2667292355	1.1639333525	4.73907161	2.5152503925	0.6227655664	0.700352562	0.7922143115	0.4630627691	0.1529599781	1.1025056537	0.3687707249	1.4452378373	1.1803965302	0.7057234357	1.4252431218	1.0990908331	1.1630789932	0.9994894612	1.2159807156	3.0381832026	0.4979063135	1.8032866645	9.475412661	0.9217700266	2.4048519117	7.2033622512	2.5430258568	0.6790933792	1.4446255585	0.8589894187	0.7556819225	5.3493822361	2.4857058693
0	5.1305062894	7.7398414764	0.278377805	12.9964380322	6.4412590935	0.9632144745	1.3171876014	1.0459326957	1.7425058519	1.0025726172	0.9631110291	0.2689505576	1.3701793211	1.1581211957	2.9822599642	1.7757756128	0.678412576	0.8169989046	0.9051961622	0.4387547469	0.1232307754	0.9547810468	0.3365651901	1.2965217289	1.0356352757	0.6763655273	1.2368147846	0.708509017	1.1746992403	1.07830052	1.3636085629	3.5123489041	0.4482603328	1.4195387671	7.2406809657	0.9152492155	1.6214848419	2.9422379674	1.4025049572	0.6566121696	1.4875551375	0.8158317194	0.7612816813	5.0622116276	1.9696745524
0	5.423941443	7.6908480818	0.3231059791	11.7125683369	6.4133591918	0.8936170071	1.5981901148	1.1489263857	1.7822971658	1.0391720032	0.9249456904	0.2598156928	1.4770994277	1.1065170522	3.3054717783	1.8520848533	0.6316046913	0.9131783349	0.9305242841	0.5104289604	0.1279156447	0.9330752848	0.3540421337	1.3757335644	1.2776194997	0.6420969532	1.3196180423	0.6557518139	1.0858917649	1.0458436416	1.2969707057	3.6236536437	0.4366248422	1.6266458326	6.102427606	0.8639883391	1.7104085799	3.0646398241	1.4117005751	0.6238948238	1.6147907258	0.9431850396	0.9804755857	4.7568655145	1.8469003484
0	10.3468373962	15.5306598253	0.2840267729	10.7490545912	5.2255465281	0.8685280838	1.7825848964	0.8033898515	1.8255797176	0.8460207905	0.824686775	0.2858424731	1.267325235	1.0471606443	6.8590304591	3.3004115099	0.5312405913	0.9316356186	0.7344661167	0.5094245221	0.1169202077	0.981978746	0.2720091445	1.5657552977	1.0231864396	0.5873663637	1.2306667622	0.9800738824	0.8333021239	0.9730455031	1.5544154496	6.2552724178	0.3943568182	1.4808269897	11.8058497025	0.8239359201	2.2639603431	12.2638516652	4.0034468952	0.5411903081	1.7842020319	0.8159606589	0.9090451695	8.1524918137	1.9497536964
0	6.9692233696	9.7031367902	0.2988057578	6.6684464859	3.7509780385	0.7502553518	1.5892603481	0.9893108299	1.5884055955	0.987376167	0.9197063919	0.2745956125	1.2578882024	1.0995677961	4.5274556792	2.3639343319	0.6508006438	0.7489326771	0.8651453002	0.5521533988	0.1442699599	1.108851938	0.3376519113	1.3712997352	1.1134757181	0.6653962959	1.185550517	0.9975433566	1.0766118793	1.0276372185	1.2801832764	4.1633595022	0.434101347	1.4024786631	8.3904692753	0.8152577656	1.9604893806	5.7662067419	2.0914811527	0.5954496881	1.5230400507	0.9720347455	0.8643623923	5.1487860495	1.8381969852
