NON $ % + -
#NON	c	a	d	b
0.0	0.43867304729779333	0.5203079775218539	0.31496613396307216	0.5208419132711842
0.33557046979865773	0.2771248605638262	0.3219840434092675	0.2950138812401656	0.38427164549522064
0.6711409395973155	0.18143544839360193	0.20683386281241425	0.2674328841276651	0.29818951833341295
1.0067114093959733	0.12340517516930011	0.1385370054269015	0.23794272872099712	0.24000991437547828
1.342281879194631	0.08728720292413877	0.09699793624948928	0.20976622365190778	0.19859438441600444
1.6778523489932886	0.06418199016209804	0.07100678116528084	0.18450270570245958	0.16809666380173352
2.0134228187919465	0.048985355320448926	0.05424320964113063	0.16274184902306035	0.14516837643649447
2.348993288590604	0.03871709433683281	0.04309310425822957	0.1444885117107175	0.12770507039205092
2.684563758389262	0.03160069272666457	0.03545264512923621	0.12944524235829058	0.11428060428031235
3.0201342281879198	0.026552707186505188	0.03007070561116431	0.11718929620544034	0.1038810186807973
3.3557046979865772	0.022896351798505316	0.026184955389644354	0.10727503420648316	0.09576692113102471
3.691275167785235	0.020198510898199806	0.02331853009418587	0.09928693304073921	0.08939254896218617
4.026845637583893	0.018175359198650508	0.021164913846367726	0.09286220702784903	0.08435236006247444
4.3624161073825505	0.016636630320721643	0.0195216851752417	0.08769626275235215	0.08034330246838609
4.697986577181208	0.015452013936660187	0.01825164247524318	0.08353945981392541	0.07713743531355963
5.033557046979866	0.014530454720789248	0.017259493030525794	0.08019020707194502	0.07456197967797441
5.369127516778524	0.013807129228207149	0.016477552202188796	0.07748711532332418	0.07248481618364906
5.704697986577181	0.01323509856484096	0.01585677592372711	0.07530158191160015	0.07080402134970054
6.0402684563758395	0.012779824744431918	0.015360973667940729	0.07353129780311912	0.06944024927624998
6.375838926174497	0.012415528666752463	0.014963016629644568	0.07209485965551013	0.06833122110763326
6.7114093959731544	0.012122721587933037	0.014642290521015134	0.07092741852439702	0.06742769811538218
7.046979865771813	0.01188648476555949	0.014382929747960344	0.06997719920533835	0.06669050575495128
7.38255033557047	0.01169529443378247	0.014172611884980507	0.0692027488907975	0.06608826454753225
7.718120805369128	0.01154015855928213	0.014001672584492178	0.06857082279016127	0.0655957908266852
8.053691275167786	0.011414007073199917	0.01386247719126009	0.06805466460229696	0.0651927444353746
8.389261744966444	0.01131124287243312	0.013748955967859513	0.0676326995287538	0.06486267237635832
8.724832214765101	0.01122740777588152	0.013656256165868727	0.06728748111848036	0.06459221820231754
9.060402684563758	0.011158927448344354	0.013580474494720256	0.06700485106239551	0.0643705014075568
9.395973154362416	0.01110293540254491	0.013518471696355215	0.06677334050274521	0.06418867574190855
9.731543624161075	0.011057118379511385	0.01346770856028325	0.06658362351741219	0.06403952656441046
10.067114093959733	0.011019600676146999	0.013426122080726924	0.06642809075930615	0.06391714984475172
10.40268456375839	0.01098886187936475	0.013392037042664583	0.06630053867339936	0.06381671463436242
10.738255033557047	0.010963669269187922	0.013364093373950729	0.06619591983738292	0.06373428628995033
11.073825503355705	0.010943007315269019	0.01334116974233599	0.06611007088870985	0.06366662066355082
11.409395973154362	0.010926058391515113	0.013322361684927043	0.06603961664179761	0.06361106813005045
11.74496644295302	0.01091215429319231	0.013306929575817542	0.06598178581801939	0.06356543804026042
12.080536912751679	0.010900744539873405	0.013294264246107966	0.06593431084563005	0.06352796267821716
12.416107382550337	0.010891377487913119	0.013283865254679634	0.06589533900402511	0.0634972126887073
12.751677852348994	0.010883688985336667	0.013275328824284338	0.06586333763819359	0.06347194760582414
13.087248322147651	0.010877376839752633	0.013268320025198945	0.06583706044731005	0.06345119807549665
13.422818791946309	0.010872194195962607	0.013262565021982926	0.06581548289801153	0.06343415799320333
13.758389261744966	0.010867938581797654	0.013257839207216193	0.06579776246571001	0.06342016146209502
14.093959731543626	0.010864443770930163	0.013253958089802894	0.06578320886334264	0.06340866536563895
14.429530201342283	0.010861573677497073	0.013250770635099753	0.06577125591370787	0.06339922278236229
14.76510067114094	0.010859216298116012	0.013248152513439512	0.06576143768761383	0.06339146611276196
15.100671140939598	0.010857279843336145	0.013246001824410028	0.06575337216393588	0.06338509375597896
15.436241610738255	0.010855689232328622	0.013244235207120281	0.06574674675779443	0.0633798588168442
15.771812080536913	0.010854383470320401	0.013242784933575252	0.0657413075647737	0.06337556083481041
16.107382550335572	0.010853310982380486	0.013241593733739837	0.06573684006456888	0.063372030710506
16.44295302013423	0.010852429909630971	0.013240615123540944	0.06573317007068391	0.06336913104824997
16.778523489932887	0.01085170611833114	0.01323981119851755	0.06573015526228847	0.0633667491592386
17.114093959731544	0.010851111535519743	0.013239150787320563	0.06572767835570055	0.06336479181742909
17.449664429530202	0.01085062312065549	0.013238608309688704	0.06572564308930799	0.06336318250131497
17.78523489932886	0.010850222454609025	0.013238163311608772	0.06572397268265995	0.06336186045457187
18.120805369127517	0.01084989336588344	0.01323779782322436	0.0657226003790718	0.06336077388170361
18.456375838926174	0.01084962306489989	0.013237497617835207	0.06572147369916638	0.0633598825549213
18.79194630872483	0.010849400698066478	0.013237250599179285	0.06572054857330512	0.06335915341135406
19.12751677852349	0.010849217679974757	0.01323704721422537	0.06571978949590278	0.06335855876355172
19.46308724832215	0.010849066534449253	0.0132368791530624	0.0657191648919334	0.06335807291441693
19.798657718120808	0.010848943419961498	0.013236742277232625	0.06571865522828005	0.06335767502097026
20.134228187919465	0.010848842391351211	0.013236630062272247	0.06571823358249454	0.06335734050899318
20.469798657718123	0.010848759968965026	0.013236538697081128	0.06571788510616496	0.0633570573218206
20.80536912751678	0.010848691991062427	0.013236463289715115	0.06571759946792075	0.06335682791457897
21.140939597315437	0.010848635848492931	0.013236400918828325	0.06571736588233967	0.0633566437759125
21.476510067114095	0.010848589802465372	0.013236349796123219	0.0657171734574737	0.06335649079850145
21.812080536912752	0.010848551958682085	0.013236307773957914	0.06571701547565041	0.06335636545696507
22.14765100671141	0.010848520857557786	0.013236273232852643	0.06571688579956528	0.06335626281191524
22.483221476510067	0.010848495221959012	0.013236244760015269	0.0657167789565993	0.0633561783078258
22.818791946308725	0.010848474043452513	0.013236221236075728	0.06571669072754772	0.06335610858308773
23.154362416107382	0.010848456801885087	0.013236202083669204	0.06571661893580565	0.06335605190301866
23.48993288590604	0.01084844262997788	0.013236186340176927	0.06571655995083915	0.06335600537214375
23.8255033557047	0.010848431017368421	0.013236173439425212	0.06571651162792698	0.06335596726740458
24.161073825503358	0.01084842150161027	0.013236162868365996	0.06571647202448541	0.06335593602930617
24.496644295302016	0.010848413615089647	0.0132361541071989	0.06571643920316646	0.06335591014310372
24.832214765100673	0.010848407155970866	0.013236146931562979	0.06571641232775446	0.06335588895498939
25.16778523489933	0.010848402001050092	0.013236141204403156	0.06571639089051357	0.06335587207210432
25.503355704697988	0.010848397696300551	0.013236136420648498	0.0657163730203519	0.06335585804669766
25.838926174496645	0.010848394199345945	0.01323613253315782	0.06571635854265181	0.06335584674368969
26.174496644295303	0.010848391323773538	0.013236129333543376	0.06571634671699317	0.06335583763296014
26.51006711409396	0.010848388902026608	0.013236126634496252	0.06571633687785074	0.0633558302380115
26.845637583892618	0.01084838692373484	0.01323612442624368	0.06571632893403674	0.06335582441366594
27.181208053691275	0.0108483853028674	0.013236122627699886	0.0657163221294056	0.06335581895632651
27.516778523489933	0.010848383997866728	0.013236121193256362	0.06571631627667052	0.06335581369667531
27.85234899328859	0.010848382766050671	0.013236119830703549	0.06571631098710147	0.0633558092755953
28.18791946308725	0.010848381634553591	0.01323611857265332	0.0657163063059193	0.06335580562552187
28.52348993288591	0.010848380698208284	0.013236117533081992	0.06571630239116796	0.06335580251032144
28.859060402684566	0.01084837995701475	0.013236116711989564	0.06571629924284743	0.063355799929994
29.194630872483224	0.010848379410972987	0.013236116109376035	0.0657162968609577	0.06335579788453953
29.53020134228188	0.010848379060082996	0.013236115725241407	0.0657162952454988	0.06335579637395805
29.86577181208054	0.0108483786502083	0.013236115272734982	0.06571629346222002	0.06335579484931894
30.201342281879196	0.01084837826075111	0.01323611484148018	0.065716291803018	0.06335579348212966
30.536912751677853	0.01084837796451436	0.01323611451365163	0.06571629053552915	0.06335579242964337
30.87248322147651	0.010848377761498046	0.013236114289249335	0.0657162896597535	0.06335579169186005
31.20805369127517	0.010848377651702169	0.013236114168273293	0.06571628917569103	0.0633557912687797
31.543624161073826	0.01084837763512673	0.013236114150723505	0.06571628908334175	0.06335579116040234
31.879194630872483	0.010848377102864489	0.013236113562194124	0.06571628679251862	0.06335578923822731
32.214765100671144	0.010848377177302783	0.01323611364460418	0.06571628711018832	0.06335578950081192
32.5503355704698	0.010848377251741077	0.013236113727014238	0.06571628742785801	0.06335578976339652
32.88590604026846	0.01084837732617937	0.013236113809424296	0.06571628774552772	0.06335579002598114
33.22147651006711	0.010848377400617663	0.013236113891834352	0.06571628806319742	0.06335579028856575
