NON $ % + - . 0 1
#NON	a	b	f	d	g	e	c
0.0	0.040426552493503354	0.5359786729903957	0.9007960620633327	0.14296182587906636	0.9754651477122671	0.07932866388052418	0.48821853391973324
0.5050505050505051	0.0371500477983017	0.26623599109177554	0.3782522089458457	0.12161564221874496	0.39341307767689393	0.1319116148097348	0.3289908711059443
1.0101010101010102	0.038507605521108795	0.18221980851201736	0.17908535201436293	0.09468058061472531	0.2370052520945569	0.16903851015365362	0.2370077666988962
1.5151515151515151	0.040677897737134566	0.1583533996001433	0.09818875326838168	0.07146070007602882	0.19955094289746003	0.19153508258172322	0.18429698630692057
2.0202020202020203	0.042387128862999425	0.15283952905986217	0.06280166726428961	0.05427980190212649	0.19266386587057174	0.20366715770078836	0.1541509058608934
2.5252525252525255	0.04347591616416521	0.15232675498537268	0.046145589534680245	0.04258544993831781	0.19248159698189712	0.20971072445322853	0.13688563536136422
3.0303030303030303	0.04410436566756471	0.15285056272889508	0.03780184232216891	0.03502327908253547	0.19321868735594103	0.21256347871705264	0.12697069057113103
3.5353535353535355	0.0444484987301317	0.15338377731818456	0.03342112045942321	0.030293756664689964	0.19376366961496827	0.21385683098319652	0.12125921521307101
4.040404040404041	0.04463131005319572	0.15374513032349107	0.031045027187161553	0.027401784420684517	0.1940548409438053	0.21442294602357687	0.1179589121532581
4.545454545454546	0.04472665569953543	0.15395913643378076	0.02972818834902806	0.02566078239296967	0.19418970419087184	0.21466195521561504	0.1160462271852134
5.050505050505051	0.04477581444363383	0.15407798874353368	0.028988041765092135	0.024624060436814726	0.19424612279494718	0.21475858421497604	0.11493469561071953
5.555555555555556	0.04480097306862403	0.15414168787290633	0.028568117019739245	0.024011437683302387	0.194267301065659	0.21479536116320838	0.11428713963897638
6.0606060606060606	0.044813787087955734	0.15417510688378136	0.0283283108788383	0.023651353207399972	0.19427400042352597	0.21480803837665088	0.11390904229370935
6.565656565656566	0.04482029278464262	0.15419240783291957	0.0281907092602393	0.02344047245157566	0.19427533294829766	0.2148115805192457	0.11368784217386174
7.070707070707071	0.04482358873933692	0.154201286765833	0.0281114565622008	0.02331726623089394	0.19427498766787127	0.21481199444139176	0.11355820707084584
7.575757575757576	0.04482525623095201	0.15420581869324443	0.028065668849456545	0.023245383642488866	0.19427431807757062	0.21481154505957167	0.1134821174536183
8.080808080808081	0.0448260989451455	0.15420812228203734	0.028039145201366994	0.023203475728148047	0.19427374017088567	0.21481100417877944	0.11343739764455842
8.585858585858587	0.04482652459532517	0.15420929090512078	0.0280237452263229	0.023179048347228903	0.1942733359987783	0.21481058210650006	0.11341108534082421
9.090909090909092	0.04482673950533525	0.15420988204951722	0.028014783500127743	0.023164805108992666	0.19427307523291604	0.21481029813922217	0.11339558625894354
9.595959595959597	0.04482684798723274	0.1542101814758372	0.028009559108437793	0.0231564965829008	0.1942729203914474	0.2148101212717421	0.11338644969405824
10.101010101010102	0.04482690260837898	0.1542103320516326	0.028006508837333362	0.02315164747986533	0.194272826587884	0.21481001560925828	0.11338106088251056
10.606060606060607	0.04482693022854735	0.15421040860861288	0.02800472420033084	0.02314881391704988	0.19427277694177075	0.21480995507382014	0.11337787907470566
11.111111111111112	0.04482694412063817	0.15421044694167538	0.028003678683224727	0.023147156598875406	0.19427274659338595	0.21480992073490082	0.11337599951135752
11.616161616161618	0.044826951117540696	0.15421046630785593	0.028003066342800368	0.023146187998086425	0.19427273141615414	0.21480990185065318	0.11337489040851838
12.121212121212121	0.04482695465902714	0.15421047608235441	0.028002705985598373	0.02314561923568265	0.1942727223413346	0.21480989147606325	0.1133742334219334
12.626262626262626	0.0448269564415012	0.15421048100624168	0.028002494411766585	0.02314528608701606	0.194272717693237	0.21480988588180078	0.11337384537518407
13.131313131313131	0.04482695734243406	0.15421048349761343	0.028002369601808852	0.023145090016301727	0.19427271519212042	0.21480988287557962	0.11337361524550436
13.636363636363637	0.04482695778528602	0.15421048472291427	0.028002296246239348	0.0231449750650496	0.19427271390833903	0.21480988129321074	0.11337347927433589
14.141414141414142	0.04482695798515701	0.15421048527617107	0.028002254482628445	0.02314490980512078	0.194272713283299	0.2148098805111714	0.11337340142193736
14.646464646464647	0.04482695809025034	0.15421048556693145	0.028002229860163083	0.02314487140164772	0.19427271293725096	0.21480988009656463	0.11337335539715425
15.151515151515152	0.04482695815978294	0.15421048575899513	0.02800221476025209	0.02314484786518516	0.19427271271251853	0.21480987985285768	0.11337332719229698
15.656565656565657	0.044826958204495275	0.15421048588236405	0.028002205503136368	0.023144833444165413	0.19427271257198145	0.2148098797091963	0.11337330990788519
16.161616161616163	0.04482695822807881	0.1542104859475143	0.02800219994260868	0.023144824790779256	0.19427271250174277	0.21480987962790765	0.11337329949960227
16.666666666666668	0.044826958238745065	0.1542104859771643	0.028002196630164584	0.023144819641332245	0.19427271247855074	0.2148098795818526	0.11337329327504962
17.171717171717173	0.044826958243997794	0.15421048599187556	0.028002194643844448	0.02314481655650125	0.194272712474643	0.21480987955581288	0.11337328953338224
17.67676767676768	0.044826958247315835	0.15421048600110335	0.028002193442447833	0.02314481469324473	0.19427271246883668	0.2148098795420335	0.11337328726945593
18.181818181818183	0.044826958249497756	0.15421048600705414	0.02800219271475508	0.02314481356645409	0.19427271245422312	0.21480987953517422	0.11337328589812765
18.68686868686869	0.044826958250726315	0.15421048601034762	0.02800219227551383	0.023144812886930346	0.19427271243730376	0.21480987953142489	0.11337328506947782
19.191919191919194	0.04482695825131439	0.15421048601194443	0.028002192011135445	0.023144812477870664	0.1942727124284422	0.21480987952896136	0.11337328456978626
19.6969696969697	0.04482695825162114	0.154210486012826	0.028002191841742213	0.023144812215717386	0.1942727124291831	0.2148098795272557	0.1133732842491774
20.202020202020204	0.0448269582520247	0.1542104860138846	0.028002191640057746	0.023144811903664245	0.19427271241584046	0.21480987952533523	0.11337328386773692
20.70707070707071	0.04482695825231919	0.15421048601466245	0.02800219148950283	0.02314481167077695	0.19427271240729516	0.2148098795239408	0.11337328358291131
21.212121212121215	0.044826958252504635	0.15421048601515946	0.02800219139007747	0.0231448115170555	0.19427271240354718	0.2148098795230724	0.11337328339470057
21.71717171717172	0.04482695825258102	0.1542104860153757	0.028002191341781668	0.0231448114424999	0.19427271240459654	0.21480987952273004	0.11337328330310471
22.222222222222225	0.04482695825254834	0.15421048601531115	0.028002191344615422	0.023144811447110145	0.19427271241044322	0.21480987952291372	0.11337328330812374
22.72727272727273	0.04482695825240661	0.15421048601496581	0.028002191398578728	0.023144811530886236	0.1942727124210872	0.21480987952362343	0.11337328340975764
23.232323232323235	0.044826958252361084	0.15421048601486154	0.028002191411644724	0.023144811551267255	0.19427271242596575	0.21480987952386166	0.11337328343422262
23.73737373737374	0.04482695825237834	0.1542104860149134	0.028002191398796252	0.023144811531463475	0.19427271242679847	0.2148098795237908	0.11337328340981234
24.242424242424242	0.04482695825237257	0.15421048601490323	0.02800219139851289	0.023144811531084476	0.19427271242800212	0.214809879523828	0.11337328340919173
24.747474747474747	0.04482695825234375	0.15421048601483092	0.028002191410794634	0.02314481155013026	0.19427271242957667	0.21480987952397315	0.11337328343236078
25.252525252525253	0.04482695825229189	0.15421048601469653	0.02800219143564148	0.02314481158860082	0.1942727124315221	0.21480987952422637	0.11337328347931949
25.757575757575758	0.04482695825221699	0.15421048601450005	0.02800219147305344	0.023144811646496163	0.19427271243383848	0.21480987952458758	0.11337328355006789
26.262626262626263	0.044826958252111276	0.15421048601423426	0.028002191514154874	0.023144811710291313	0.19427271243953928	0.21480987952511127	0.1133732836275074
26.767676767676768	0.044826958252095817	0.1542104860141907	0.028002191526085025	0.023144811728689863	0.19427271243937164	0.2148098795251843	0.11337328365016633
27.272727272727273	0.04482695825208036	0.15421048601414714	0.028002191538015177	0.023144811747088413	0.19427271243920397	0.21480987952525732	0.11337328367282525
27.77777777777778	0.0448269582520649	0.1542104860141036	0.028002191549945328	0.023144811765486963	0.1942727124390363	0.21480987952533034	0.11337328369548418
28.282828282828284	0.04482695825204944	0.15421048601406004	0.028002191561875476	0.02314481178388551	0.19427271243886862	0.21480987952540337	0.11337328371814309
28.78787878787879	0.04482695825203397	0.15421048601401646	0.028002191573805627	0.02314481180228406	0.19427271243870095	0.21480987952547642	0.11337328374080202
29.292929292929294	0.04482695825201851	0.15421048601397291	0.02800219158573578	0.02314481182068261	0.19427271243853328	0.21480987952554945	0.11337328376346094
29.7979797979798	0.04482695825201555	0.15421048601396456	0.02800219158808833	0.023144811824310076	0.19427271243850294	0.2148098795255635	0.11337328376793007
30.303030303030305	0.04482695825201521	0.1542104860139636	0.028002191588432226	0.023144811824839684	0.1942727124385014	0.21480987952556516	0.11337328376858435
30.80808080808081	0.04482695825201487	0.15421048601396264	0.02800219158877612	0.02314481182536929	0.19427271243849983	0.21480987952556685	0.11337328376923864
31.313131313131315	0.04482695825201452	0.15421048601396167	0.028002191589120016	0.023144811825898903	0.19427271243849828	0.21480987952556851	0.11337328376989292
31.81818181818182	0.04482695825201418	0.15421048601396073	0.028002191589463907	0.02314481182642851	0.19427271243849673	0.21480987952557018	0.1133732837705472
32.323232323232325	0.044826958252013833	0.15421048601395976	0.028002191589807802	0.02314481182695812	0.19427271243849517	0.21480987952557185	0.1133732837712015
32.82828282828283	0.044826958252013493	0.1542104860139588	0.028002191590151698	0.02314481182748773	0.19427271243849362	0.2148098795255735	0.11337328377185578
33.333333333333336	0.044826958252013153	0.15421048601395784	0.028002191590495593	0.023144811828017336	0.19427271243849206	0.2148098795255752	0.11337328377251006
33.83838383838384	0.04482695825201281	0.15421048601395687	0.028002191590839484	0.023144811828546948	0.1942727124384905	0.21480987952557687	0.11337328377316434
34.343434343434346	0.04482695825201247	0.15421048601395593	0.02800219159118338	0.023144811829076555	0.19427271243848895	0.21480987952557853	0.11337328377381863
34.84848484848485	0.04482695825201212	0.15421048601395496	0.028002191591527274	0.023144811829606166	0.1942727124384874	0.2148098795255802	0.11337328377447292
35.35353535353536	0.04482695825201178	0.15421048601395398	0.02800219159187117	0.023144811830135774	0.19427271243848585	0.21480987952558186	0.1133732837751272
35.85858585858586	0.04482695825201144	0.15421048601395304	0.02800219159221506	0.02314481183066538	0.1942727124384843	0.21480987952558353	0.11337328377578149
36.36363636363637	0.04482695825201109	0.15421048601395207	0.028002191592558956	0.023144811831194993	0.1942727124384827	0.21480987952558522	0.11337328377643577
36.86868686868687	0.04482695825201075	0.15421048601395113	0.02800219159290285	0.0231448118317246	0.19427271243848115	0.2148098795255869	0.11337328377709006
37.37373737373738	0.044826958252010406	0.15421048601395015	0.028002191593246746	0.023144811832254208	0.1942727124384796	0.21480987952558855	0.11337328377774435
37.87878787878788	0.044826958252010066	0.15421048601394918	0.028002191593590638	0.02314481183278382	0.19427271243847805	0.21480987952559022	0.11337328377839863
38.38383838383839	0.044826958252009726	0.15421048601394824	0.028002191593934533	0.023144811833313426	0.1942727124384765	0.21480987952559188	0.11337328377905291
38.88888888888889	0.04482695825200938	0.15421048601394727	0.028002191594278428	0.023144811833843038	0.19427271243847494	0.21480987952559358	0.11337328377970719
39.3939393939394	0.04482695825200904	0.15421048601394632	0.028002191594622323	0.023144811834372645	0.19427271243847338	0.21480987952559524	0.11337328378036149
39.8989898989899	0.04482695825200869	0.15421048601394535	0.028002191594966214	0.023144811834902253	0.19427271243847183	0.2148098795255969	0.11337328378101577
40.40404040404041	0.04482695825200835	0.15421048601394438	0.02800219159531011	0.023144811835431864	0.19427271243847027	0.21480987952559857	0.11337328378167005
40.909090909090914	0.044826958252008005	0.15421048601394344	0.028002191595654004	0.02314481183596147	0.19427271243846872	0.21480987952560024	0.11337328378232434
41.41414141414142	0.044826958252007665	0.15421048601394247	0.0280021915959979	0.02314481183649108	0.19427271243846717	0.2148098795256019	0.11337328378297862
41.919191919191924	0.044826958252007325	0.15421048601394152	0.02800219159634179	0.02314481183702069	0.1942727124384656	0.2148098795256036	0.11337328378363291
42.42424242424243	0.04482695825200698	0.15421048601394055	0.028002191596685686	0.023144811837550298	0.19427271243846406	0.21480987952560526	0.1133732837842872
42.929292929292934	0.04482695825200664	0.15421048601393958	0.02800219159702958	0.02314481183807991	0.1942727124384625	0.21480987952560693	0.11337328378494148
43.43434343434344	0.04482695825200629	0.15421048601393864	0.028002191597373476	0.023144811838609516	0.19427271243846095	0.2148098795256086	0.11337328378559576
43.939393939393945	0.04482695825200595	0.15421048601393766	0.028002191597717368	0.023144811839139124	0.1942727124384594	0.21480987952561026	0.11337328378625004
44.44444444444445	0.04482695825200561	0.1542104860139367	0.028002191598061263	0.023144811839668735	0.19427271243845784	0.21480987952561195	0.11337328378690434
44.949494949494955	0.044826958252005264	0.15421048601393575	0.028002191598405158	0.023144811840198343	0.19427271243845626	0.21480987952561362	0.11337328378755862
45.45454545454546	0.044826958252004924	0.15421048601393478	0.028002191598749053	0.023144811840727954	0.1942727124384547	0.21480987952561528	0.1133732837882129
45.959595959595966	0.04482695825200458	0.15421048601393383	0.028002191599092945	0.02314481184125756	0.19427271243845315	0.21480987952561695	0.11337328378886719
46.46464646464647	0.04482695825200424	0.15421048601393286	0.02800219159943684	0.02314481184178717	0.1942727124384516	0.2148098795256186	0.11337328378952148
46.969696969696976	0.0448269582520039	0.1542104860139319	0.028002191599780735	0.02314481184231678	0.19427271243845004	0.21480987952562028	0.11337328379017576
47.47474747474748	0.04482695825200355	0.15421048601393095	0.02800219160012463	0.023144811842846388	0.19427271243844849	0.21480987952562197	0.11337328379083005
47.979797979797986	0.04482695825200321	0.15421048601392998	0.02800219160046852	0.023144811843375995	0.19427271243844693	0.21480987952562364	0.11337328379148433
48.484848484848484	0.04482695825200286	0.15421048601392903	0.028002191600812416	0.023144811843905606	0.19427271243844538	0.2148098795256253	0.11337328379213861
48.98989898989899	0.04482695825200252	0.15421048601392806	0.02800219160115631	0.023144811844435214	0.19427271243844382	0.21480987952562697	0.1133732837927929
49.494949494949495	0.04482695825200218	0.1542104860139271	0.028002191601500206	0.023144811844964825	0.19427271243844227	0.21480987952562863	0.11337328379344719
50.0	0.044826958252001836	0.15421048601392615	0.028002191601844098	0.023144811845494433	0.19427271243844071	0.21480987952563033	0.11337328379410147
