NON $ % + - .
#NON	a	c	b	d	e
0.0	0.5907248132693813	0.587688047637096	0.4675158163785188	0.18627156760484798	0.2818356096376984
0.5050505050505051	0.31752323091396345	0.4369336256550173	0.2604502574093019	0.18685619847981225	0.23381304912274076
1.0101010101010102	0.21195290960331267	0.34576871026205913	0.1513937543692548	0.15459875112102686	0.18774888392043626
1.5151515151515151	0.15917165326485147	0.28269877302572755	0.09237752119694885	0.12246975870065775	0.14969614153071895
2.0202020202020203	0.12661473882810487	0.23580692095937975	0.059487931856842986	0.09693136404489827	0.11993331381945786
2.5252525252525255	0.10417214332813556	0.2000048050386385	0.0405352289788157	0.07795033271369076	0.09733821401427584
3.0303030303030303	0.08799120676625564	0.1725390719723352	0.029207891117020764	0.06416506146100703	0.08048698580919779
3.5353535353535355	0.07612408910003399	0.1515185919003565	0.022179849484991337	0.05420738175435455	0.06803535440169023
4.040404040404041	0.06734757825515533	0.13547796950563423	0.017658739748299557	0.04699211973419174	0.0588600731631394
4.545454545454546	0.06081429745630907	0.12325345518641138	0.014652045307250377	0.0417254854495778	0.05208637384889755
5.050505050505051	0.05591955930213456	0.11393227933009725	0.012592925343033674	0.037846124984094405	0.047061635941122684
5.555555555555556	0.05222889347371788	0.10681146865568941	0.011146808229882538	0.03496179611632543	0.04331075188395363
6.0606060606060606	0.04942919016691216	0.10135714599796156	0.010109548551369809	0.03279843381172087	0.04049182165458029
6.565656565656566	0.047293684501805947	0.09716697159396119	0.009352474234791795	0.03116317542510634	0.038359383060993305
7.070707070707071	0.04565703006742356	0.09393860886706304	0.008792020419132268	0.029918885559552005	0.036736650787206906
7.575757575757576	0.04439767630540764	0.09144471486539353	0.008372344613221306	0.028966864534999075	0.035495410323135704
8.080808080808081	0.04342538478747945	0.08951364357542936	0.008055179719879324	0.028235132467405943	0.03454178211166698
8.585858585858587	0.04267265419281172	0.08801535859757369	0.007813724698895916	0.027670630492802824	0.03380643720316921
9.090909090909092	0.04208865847209607	0.086850984149398	0.007628836767983683	0.027233880129774297	0.033237748135437506
9.595959595959597	0.04163475592837244	0.08594484512151984	0.007486609303468948	0.026895158288334785	0.03279687332892296
10.101010101010102	0.04128147807303838	0.08523890220849045	0.007376803003775767	0.026631976074761945	0.032454433442994104
10.606060606060607	0.041006201723028254	0.0846884176507513	0.007291780826244548	0.02642717658144636	0.032188032055825926
11.111111111111112	0.04079152040787787	0.08425886082709502	0.007225801858858078	0.02626762578130378	0.03198053647905543
11.616161616161618	0.04062397089255432	0.08392346639311397	0.007174509537693092	0.026143204966992586	0.03181875986968392
12.121212121212121	0.0404931576362978	0.08366150883399201	0.007134582522352875	0.026046128553893332	0.031692550418554837
12.626262626262626	0.040390959974061	0.08345680480981238	0.007103463041137588	0.025970323468936695	0.03159401051787083
13.131313131313131	0.0403110962898466	0.08329680271687742	0.007079189933937737	0.025911108595118	0.03151704310973564
13.636363636363637	0.040248669691288846	0.08317171493829485	0.007060244470139172	0.025864836767218524	0.03145690374767661
14.141414141414142	0.04019986360887681	0.08307390685588606	0.007045449502684424	0.02582866950762328	0.03140989993703961
14.646464646464647	0.04016169908845806	0.08299741701176479	0.007033890708322058	0.025800393421859226	0.03137315334234398
15.151515151515152	0.040131849299931535	0.08293758686640679	0.007024856378521892	0.025778280984578957	0.031344417731595256
15.656565656565657	0.04010850317324828	0.08289079021854032	0.007017794677903965	0.02576098846451214	0.031321946652039676
16.161616161616163	0.040090242513113	0.08285418618169266	0.007012273742342407	0.0257474638435801	0.03130437261739058
16.666666666666668	0.04007596098433902	0.08282555436691193	0.007007956129184671	0.02573688727559545	0.031290627946808876
17.171717171717173	0.04006478702801841	0.08280315238618008	0.007004579218667738	0.025728613089931022	0.03127987518957628
17.67676767676768	0.04005603917348841	0.08278562250486102	0.007001938991506044	0.025722134866880145	0.03127146107976631
18.181818181818183	0.040049192698432254	0.08277190726068683	0.006999874289311052	0.02571706256196078	0.03126487741698683
18.68686868686869	0.04004385163237531	0.0827611888316315	0.00699825762131347	0.025713106917675185	0.031259733797554624
19.191919191919194	0.040039671031259466	0.08275280182982488	0.006996993044210223	0.025710013667936293	0.03125570961826259
19.6969696969697	0.0400363964669006	0.08274623694340938	0.006996004193674869	0.025707589609542822	0.03125255932783864
20.202020202020204	0.04003383406188593	0.08274109983005347	0.006995230508489444	0.02570569244076365	0.03125009417818425
20.70707070707071	0.040031830272599635	0.08273708248147858	0.006994625479849468	0.025704208821453696	0.031248166400243704
21.212121212121215	0.04003026436715486	0.08273394291576315	0.006994152644778889	0.025703049430488255	0.031246659864348682
21.71717171717172	0.04002903765517303	0.0827314831184583	0.006993782131784654	0.02570214125740497	0.031245479556550344
22.222222222222225	0.04002807769667161	0.08272955808373308	0.006993492148406873	0.025701430599120126	0.031244555867387357
22.72727272727273	0.04002732640265876	0.08272805190119283	0.00699326535901789	0.02570087429704801	0.03124383312127149
23.232323232323235	0.04002673837188654	0.08272687447472706	0.006993088388215147	0.025700438524205796	0.031243267995623235
23.73737373737374	0.04002627620330561	0.08272594995936154	0.006992949619392813	0.02570009582425484	0.03124282417659783
24.242424242424242	0.04002591814337608	0.08272522950421991	0.006992840577929004	0.025699831353021944	0.031242478718173452
24.747474747474747	0.040025636292622284	0.08272466423636365	0.006992755416930701	0.025699622725041185	0.03124220749852248
25.252525252525253	0.04002541513105809	0.0827242208598182	0.006992688658476775	0.025699458974076116	0.03124199474667809
25.757575757575758	0.04002524268239308	0.08272387544658916	0.006992636714384359	0.02569933122048767	0.03124182897382879
26.262626262626263	0.04002510706676617	0.08272360347837869	0.0069925957468162025	0.025699230827255757	0.031241698479914506
26.767676767676768	0.040025004359128896	0.08272339626876563	0.006992564279592149	0.025699155068318002	0.03124159917199108
27.272727272727273	0.040024925992221246	0.08272323599385664	0.006992539495313132	0.025699097743597455	0.03124152255697435
27.77777777777778	0.040024866296443605	0.08272311592130355	0.006992521335107476	0.025699053630932386	0.03124146497761398
28.282828282828284	0.040024816498842944	0.0827230176626404	0.006992506865094735	0.025699016411878942	0.031241417683958432
28.78787878787879	0.04002477523200066	0.08272293730396578	0.006992495254522935	0.025698985332830417	0.031241378905938363
29.292929292929294	0.0400247410482204	0.0827228707945309	0.006992485656995647	0.025698959575421818	0.031241346805599337
29.7979797979798	0.0400247145423291	0.08272281852179089	0.006992477965146928	0.025698939757749468	0.031241321643048485
30.303030303030305	0.040024694469318514	0.08272277735362381	0.006992471576389392	0.025698925098453028	0.031241301973964967
30.80808080808081	0.040024679361069786	0.08272274578570853	0.0069924665603200925	0.025698914193427406	0.031241286944068476
31.313131313131315	0.04002466809561507	0.08272272163813482	0.006992462602949116	0.02569890619679651	0.031241275500981606
31.81818181818182	0.04002465886662285	0.08272270261177467	0.006992459630208939	0.025698899479557055	0.031241266419720835
32.323232323232325	0.040024651754809876	0.08272268818290027	0.0069924574222783534	0.025698894252262378	0.031241259512045875
32.82828282828283	0.04002464680875818	0.08272267786911307	0.006992455787345702	0.025698890678272416	0.031241254599792122
33.333333333333336	0.04002464238742906	0.08272266933873633	0.006992454571491898	0.02569888733141521	0.03124125047591397
33.83838383838384	0.04002463793712229	0.0827226615458383	0.006992453630455895	0.025698883787505372	0.031241246632612765
34.343434343434346	0.04002463545919068	0.08272265696957831	0.006992453021968846	0.025698881866559338	0.031241244400702122
34.84848484848485	0.04002463341445784	0.08272265320440769	0.006992452523861929	0.025698880278809913	0.03124124256323623
35.35353535353536	0.040024631481498346	0.08272264952485368	0.006992452010236808	0.025698878804087628	0.031241240779561023
35.85858585858586	0.04002463005826535	0.08272264683891044	0.006992451640374175	0.02569887771307324	0.031241239475274706
36.36363636363637	0.04002462902157796	0.08272264487125192	0.006992451366964616	0.025698876920864564	0.031241238520885086
36.86868686868687	0.040024628077629666	0.0827226429591186	0.006992451075058592	0.025698876226137195	0.031241237605156597
37.37373737373738	0.040024626926456607	0.08272264061572218	0.006992450714916202	0.025698875381606923	0.031241236483969915
37.87878787878788	0.04002462650147935	0.08272263967685305	0.006992450555718287	0.0256988750859726	0.03124123604144201
38.38383838383839	0.04002462599475008	0.08272263860324407	0.006992450382198244	0.025698874723484293	0.03124123553159221
38.88888888888889	0.040024625406268804	0.08272263739489526	0.006992450194356073	0.025698874294142	0.03124123495442051
39.3939393939394	0.040024625061625685	0.08272263666048814	0.006992450074853673	0.025698874048486118	0.031241234606015373
39.8989898989899	0.04002462474298251	0.0827226359927804	0.006992449968385567	0.02569887381889098	0.031241234288276902
40.40404040404041	0.04002462444077612	0.08272263537389397	0.0069924498725238236	0.025698873597997753	0.031241233992508444
40.909090909090914	0.0400246241550065	0.08272263480382884	0.006992449787268444	0.025698873385806443	0.031241233718709998
41.41414141414142	0.04002462388567366	0.08272263428258501	0.006992449712619428	0.02569887318231705	0.031241233466881558
41.919191919191924	0.04002462363547057	0.08272263381240379	0.006992449648266692	0.02569887299021291	0.031241233238388295
42.42424242424243	0.040024623442205136	0.08272263342475199	0.006992449589856791	0.02569887284716685	0.031241233052396438
42.929292929292934	0.040024623277646894	0.08272263309613391	0.006992449540640364	0.025698872725049282	0.031241232894594916
43.43434343434344	0.04002462314179585	0.08272263282654958	0.006992449500617406	0.0256988726238602	0.031241232764983737
43.939393939393945	0.040024623034652006	0.08272263261599899	0.006992449469787918	0.02569887254359961	0.031241232663562893
44.44444444444445	0.04002462295621535	0.08272263246448214	0.006992449448151901	0.025698872484267506	0.031241232590332388
44.949494949494955	0.0400246226441869	0.08272263185207278	0.0069924493586397485	0.025698872250365885	0.031241232295267755
45.45454545454546	0.04002462265725693	0.08272263187781885	0.006992449362423379	0.025698872260140535	0.031241232307663312
45.959595959595966	0.04002462267032697	0.08272263190356491	0.0069924493662070104	0.025698872269915185	0.031241232320058866
46.46464646464647	0.040024622683397	0.08272263192931097	0.006992449369990642	0.025698872279689835	0.031241232332454422
46.969696969696976	0.04002462269646703	0.08272263195505702	0.006992449373774273	0.025698872289464485	0.031241232344849976
47.47474747474748	0.04002462270953707	0.08272263198080308	0.006992449377557905	0.025698872299239135	0.031241232357245532
47.979797979797986	0.04002462271936951	0.0827226320001866	0.006992449380409615	0.025698872306589276	0.03124123236657642
48.484848484848484	0.040024622721165505	0.0827226320037769	0.006992449380948094	0.02569887230792126	0.03124123236830012
48.98989898989899	0.0400246227229615	0.08272263200736718	0.006992449381486572	0.025698872309253242	0.031241232370023825
49.494949494949495	0.0400246227247575	0.08272263201095746	0.00699244938202505	0.025698872310585225	0.031241232371747526
50.0	0.040024622726553494	0.08272263201454776	0.006992449382563529	0.025698872311917205	0.03124123237347123
