NON $ % + - . 0 1 2 3 4 5 6 7 8 9 : ; < > ? @ A B
#NON	ENSA	TPX2	CDC25B	SpindleAssembly	MT	CDK1CCNBComplex	Cytokinesis	AJUBA	AURKAPresent	CentrosomeMat	BORA	hCPEB	GWL_MASTL	STMN	PLK1	MTCanAct	STMNCanAct	GSK3B	PP2A	PP1	NEDD9	AURKAActive	WEE1
0.0	0.26770758499828384	0.8465762840894783	0.39393675134923256	0.0033772937373108824	0.04452018660791812	0.5622699623261135	0.2755592048391292	0.7339716852142574	0.518780562272778	0.9704029479151681	0.4913066425900502	0.7070686452221914	0.9696590763650829	0.8789393556937484	0.20337724781902156	0.3062025367759088	0.3578089165243622	0.7052028148675417	0.626081376440023	0.2164119500419992	0.4214148979894644	0.19809504943337253	0.04162094693493079
0.33557046979865773	0.28612857695938715	0.6519355948997184	0.34312262227070045	0.1305488093383282	0.3749612923958648	0.6350423886207497	0.19540791559950885	0.5096846483349502	0.6199246581527099	0.7213213000181462	0.5927240482755095	0.3758270260921766	0.5438756052658109	0.8625632008303535	0.3244054971539842	0.25542470859031396	0.3423582392451739	0.4812482829246135	0.38250647527320303	0.2761156311996195	0.3220185046363703	0.17208680824466735	0.29718139854571385
0.6711409395973155	0.269147301652864	0.5240800291348994	0.3280674574665389	0.1775452393258629	0.5419692733805069	0.6389496056965243	0.18977527331355815	0.391542175542342	0.6819942620426315	0.5547887847672154	0.6661638313052628	0.23843811372539706	0.3781376157954254	0.8547088528132555	0.3805254825159738	0.22041219982999877	0.3345575749979667	0.3564526141402309	0.28183785233776176	0.31082085895519584	0.2651646440577517	0.1563932280406196	0.4491583235092465
1.0067114093959733	0.24817650977905342	0.4379388128967355	0.3219857237536852	0.18820117276049333	0.6263385678492221	0.6252433232329394	0.19609446060012434	0.3270931646225475	0.7177009786395105	0.4449579174013605	0.7171885145000815	0.1800241500391673	0.31325511485307167	0.8515750898838105	0.40416083759605936	0.19587813552474118	0.33059426493311855	0.28414984798887705	0.24224403985126097	0.3305330128915371	0.232200280355662	0.14557956560053606	0.5417935888163437
1.342281879194631	0.23250562706051978	0.3789721852300837	0.3181534426163189	0.1845286968383108	0.6689006719617525	0.6105178646328518	0.201692262041661	0.2909275178706424	0.7363511229736428	0.37285473994093127	0.7522005839327055	0.15400465737944613	0.28715784860201865	0.8510678707069692	0.41258528835559943	0.1784466196108931	0.32857392416447495	0.2407953139282925	0.22804517316981848	0.34207300747787683	0.21263883478285783	0.13748989418220037	0.5992198569057359
1.6778523489932886	0.22264698725980359	0.3381460620175617	0.3150851434158759	0.17660069861369518	0.6903025384908895	0.5992340201135548	0.20457517979108922	0.27021061353770315	0.7451303572853031	0.32572526435823457	0.7762608848661982	0.14147965686430747	0.2760814243711026	0.8519782925340053	0.4141893927315445	0.1659171294963272	0.3275422609547525	0.21405795266436767	0.22391671418028158	0.3492624581012364	0.20064895686181647	0.13122180842696968	0.6353217266993461
2.0134228187919465	0.21691331704410066	0.30963264664139556	0.3125191594584739	0.16859539648108102	0.7009930377825294	0.5916109060984377	0.20533030408405675	0.2581762676364901	0.7487953343817191	0.2950645796155057	0.7929318019529236	0.13477006765314922	0.2710071564776194	0.8535825044822367	0.41296674008637885	0.15682550670901693	0.32701498744430346	0.19720766011133517	0.22347433833748742	0.35407269616982306	0.193012824240209	0.12633916188063304	0.6583101944702523
2.348993288590604	0.2136958572617676	0.2895801567114821	0.310413449370626	0.1619574243000607	0.7062656613714101	0.586764844278467	0.20488668483023845	0.2511222157562002	0.7500585902058117	0.27521374381473207	0.80461095025483	0.13073668878529035	0.2684744394732268	0.8554421974460198	0.4107836259992572	0.15017825141407778	0.3267453803160468	0.18641750829285034	0.22418149036733662	0.3574918905009765	0.1879562502873806	0.12256825341552165	0.6731290315553551
2.684563758389262	0.21191230369381403	0.2753982656841123	0.30873035499122814	0.15694583698801443	0.7088052835953119	0.5837754881780226	0.20394882162441555	0.246964011349576	0.7503017104858704	0.2624198338927683	0.8128858132928847	0.12806990398731852	0.2671062436327501	0.857298335236571	0.4084805547977158	0.14528900272716988	0.3266074918284191	0.17942886428965532	0.22510028350199235	0.3600201462252957	0.1844908382493322	0.11969372112381563	0.682796217564069
3.0201342281879198	0.21092154218464818	0.26532174855948915	0.30741263775741356	0.15336587036372398	0.709974952105525	0.5819511522595039	0.2029328428888105	0.24450434655538097	0.7501680596494519	0.2542068401799556	0.8188067015431358	0.12619515179675453	0.26631905193363953	0.8590083670918871	0.4064043759490045	0.14167599695385671	0.3265369613882883	0.17486632575570624	0.22592574123574716	0.361924962378719	0.18205205755236745	0.11753081619756563	0.6891762385079433
3.3557046979865772	0.21036491920709946	0.2581348349990521	0.3063953240823939	0.15089969865361216	0.7104666722773677	0.5808327635480603	0.20203701315081996	0.24304635343986253	0.7499328345642959	0.2489515938008977	0.8230753605203991	0.12483491360396232	0.2658444134873763	0.8605052702409852	0.40466748542697883	0.13899645127794358	0.32650088281788636	0.1718713993502015	0.22658739494363528	0.36336549619634073	0.1803043925107725	0.1159214901311876	0.6934339908349694
3.691275167785235	0.21004668207800214	0.252992795197292	0.3056169339599299	0.1492428300192014	0.7106310805982301	0.5801349612464985	0.20132676520267	0.24218102029546557	0.749701771413098	0.24559708381324405	0.8261684792922227	0.12383554555838465	0.26554785931466507	0.8617693231702199	0.4032753785020496	0.1370036901176967	0.326482426758062	0.16989819257870645	0.2270928331577903	0.3644495961604966	0.17903822867628888	0.11473470158118018	0.6963054769035756
4.026845637583893	0.20986071962889677	0.24930435169476733	0.3050248199515483	0.14814915216331262	0.7106447945026351	0.5796872531205535	0.2007995229458141	0.2416670485487264	0.7495080620742968	0.2434593061971721	0.8284161879405765	0.1230994712370918	0.265357061645018	0.8628085237534171	0.40218953728053997	0.1355185544256422	0.3264729853395615	0.1685949009683727	0.22747001307118628	0.3652582637814224	0.17811571923546693	0.11386541312741394	0.6982610296992552
4.3624161073825505	0.20974930570422445	0.24665303867338614	0.30457629444047213	0.1474361374445644	0.7105956416145721	0.5793901485149177	0.2004251432827598	0.24136163513932776	0.7493563844846067	0.24209807179379816	0.8300513741557617	0.12255837165987334	0.2652310744384596	0.8636453568648337	0.40135793667364206	0.1344099580597945	0.3264681555378567	0.16773264660452586	0.22774785520710628	0.36585554296126677	0.17744213341819806	0.11323181253745589	0.6996047050700495
4.697986577181208	0.20968072169058402	0.24474396404070575	0.30423772908178764	0.14697526042314374	0.7105262090666197	0.5791861397105552	0.2001675144350699	0.24118010068171283	0.749241685647656	0.2412313790939168	0.8312408263306746	0.12216195463078702	0.2651458976618586	0.8643082633167752	0.4007291121470921	0.13358142736432307	0.3264656846427952	0.1671615421381858	0.2279508178953209	0.36629260248134965	0.17695024554053107	0.11277158872788	0.7005353668573807
5.033557046979866	0.20963730454719684	0.24336740747083963	0.30398300739585876	0.14667903348421102	0.7104561346664736	0.5790418152984284	0.19999418480836081	0.24107218173586942	0.7491566390857943	0.24067922434678113	0.8321052745938972	0.12187254877913255	0.2650871023378906	0.8648264905452498	0.40025789261886957	0.13296164019835352	0.32646442061950987	0.16678299573100527	0.22809817519009662	0.3666098768815632	0.1765913876946674	0.11243806974837338	0.7011845567842947
5.369127516778524	0.2096090513928958	0.2423736778572266	0.30379198848491923	0.14648928170398715	0.7103935797486678	0.5789373506820146	0.19987946012290367	0.24100801964337296	0.7490943412673292	0.2403270125386914	0.8327326869217615	0.12166189871344148	0.2650458037854666	0.8652272598526662	0.3999070467251959	0.1324976836895539	0.3264637739799288	0.16653195855869005	0.22820463993338697	0.36683872889886804	0.17632994920225764	0.11219672447126439	0.7016402440411591
5.704697986577181	0.20959018787329142	0.24165561078495656	0.3036491990180382	0.14636793016868058	0.7103411055933966	0.5788605498938084	0.19980440838928026	0.2409698686613468	0.7490490751205046	0.24010191347320362	0.8331873663419851	0.1215089287449265	0.2650163943145486	0.8655344397614548	0.3996470237016394	0.13215019562042485	0.32646344313155806	0.1663654227807993	0.22828125688135598	0.36700301010254754	0.17613976446427274	0.11202222378432429	0.7019618652217064
6.0402684563758395	0.20957730722439946	0.24113631682829084	0.30354279268884804	0.14629034558278858	0.7102986736190202	0.5788035639066001	0.19975571165610084	0.24094718687300962	0.7490163725258232	0.23995770773578157	0.8335163505109118	0.12139803227660935	0.26499524109774625	0.8657681443345031	0.39945493852829655	0.1318898380879228	0.32646327397979774	0.16625492498240743	0.22833622167901432	0.3671205441031869	0.17600160199240503	0.11189610372964562	0.7021899453158441
6.375838926174497	0.20956834444664024	0.2407605024443471	0.30346372832882657	0.1462406975555072	0.7102651738547514	0.5787610816628965	0.19972429043872816	0.24093370001358427	0.7489928451910971	0.23986504176570106	0.8337540319218008	0.1213177276219623	0.26497992050589614	0.8659448431057376	0.39931336427227204	0.1316947054421423	0.32646318744197267	0.16618159620997222	0.22837556150510066	0.36720445357711073	0.1759013453714937	0.11180495711088263	0.7023523701696748
6.7114093959731544	0.20956201474979924	0.24048835358081289	0.3034051353512135	0.14620887061279644	0.7102391605046036	0.5787293657866647	0.19970408291523944	0.24092568020539407	0.7489759710676342	0.2398052839149418	0.8339255121608601	0.1212596132873511	0.2649687747850851	0.8660777408275383	0.3992091801758411	0.13154842510551057	0.3264631431264777	0.16613292888899212	0.22840367164200323	0.3672642920316005	0.17582865860091768	0.11173907632085546	0.7024684626360957
7.046979865771813	0.20955749527161252	0.24029116335940898	0.3033618152131065	0.14618841294095744	0.7102192005300936	0.5787056983821313	0.19969110837017842	0.24092091165358323	0.7489638937215697	0.2397665921489383	0.8340490761371427	0.12121757196032677	0.26496064641454514	0.8661772504216642	0.39913258911058636	0.1314387484764061	0.32646312046623055	0.16610062721140897	0.22842373934338278	0.3673069511253939	0.17577599428511262	0.11169144312455494	0.7025517044931696
7.38255033557047	0.20955424246486823	0.2401482105965413	0.30332985236829096	0.14617522000923036	0.7102040237651343	0.578688064117815	0.19968277990919722	0.24091807617711114	0.7489552618903025	0.23974142700539047	0.834138016000919	0.12118715988874938	0.2649547111140189	0.8662514777813659	0.3990763182897763	0.13135650585722147	0.3264631088745941	0.16607918675729094	0.2284380601484548	0.36733737273707207	0.1757378525111198	0.11165698964631524	0.7026115599889147
7.718120805369128	0.20955188875289585	0.24004452576227883	0.3033063097990633	0.14616667883843062	0.71019256501599	0.5786749515081429	0.19967742831155322	0.2409163901083025	0.7489490971414239	0.2397249786911461	0.8342019735250163	0.12116515685688085	0.2649503751466613	0.8663066671692552	0.39903499028934986	0.13129482908812404	0.3264631029438318	0.16606495498050947	0.22844828102186895	0.3673590840094693	0.17571023433950464	0.11163205756302698	0.7026547067635477
8.053691275167786	0.20955017959464467	0.2399692865634707	0.30328899427920686	0.14616112472837478	0.7101839617757099	0.5786652221421626	0.1996739830091617	0.2409153874962802	0.7489446952945104	0.23971417061347608	0.8342479291059387	0.12114923343179206	0.2649472077290796	0.8663475877343195	0.3990046407180027	0.13124857201764026	0.3264630999095625	0.1660555079258723	0.22845557949571293	0.3673745957843421	0.17569023714318066	0.11161400642033915	0.7026858779673528
8.389261744966444	0.2095489358133787	0.23991466307854034	0.30327627342741786	0.14615749525604083	0.7101775316530722	0.5786580180019739	0.19967175873330448	0.240914791284351	0.7489415514186983	0.23970702845348119	0.8342809278875899	0.12113770526355264	0.26494489456934384	0.8663778567896988	0.3989823521832783	0.13121387728725356	0.32646309835766313	0.16604923666813218	0.2284607955441032	0.36738569283030803	0.17567575644906028	0.11160093000668879	0.7027084422957148
8.724832214765101	0.20954802958952096	0.23987499126096282	0.30326693729598136	0.14615511151087873	0.7101727438068757	0.5786526940448194	0.19967031819109854	0.2409144369075638	0.7489393049302776	0.23970228192087467	0.8343046078849456	0.12112935614799666	0.26494320601238663	0.8664002001953716	0.39896598215256723	0.13118785474732653	0.32646309756496183	0.16604507428557977	0.2284645268675604	0.3673936422536453	0.17566526908304125	0.11159145281083367	0.7027248040060416
9.060402684563758	0.20954736888561082	0.23984616499229952	0.30326009008949123	0.14615353680140006	0.7101691899147659	0.5786487660255865	0.19966938121140665	0.2409142261635846	0.7489376982463287	0.23969910768349859	0.8343215931484266	0.12112330633248052	0.264941973824973	0.8664166642873349	0.3989539560974613	0.13116833585915202	0.3264630971587859	0.16604231128813376	0.2284671993835501	0.3673993454046826	0.17565767150084308	0.11158458023036359	0.7027366874715469
9.395973154362416	0.20954688706938665	0.2398252106128886	0.30325507105558647	0.14615249070049874	0.7101665587947382	0.5786458720805793	0.19966876912185832	0.2409141009601429	0.7489365480030407	0.23969697224298567	0.8343337714331038	0.12111892052750074	0.26494107496800107	0.8664287777771008	0.398945118892694	0.13115369497264925	0.32646309695209114	0.16604047750577203	0.22846911592301122	0.36740344295846805	0.17565216565394845	0.1115795938257693	0.7027453305330189
9.731543624161075	0.20954653581784244	0.2398099786677087	0.30325139491598696	0.14615179259394376	0.7101646157166156	0.578643743159426	0.1996683679584037	0.24091402684698815	0.748935723974575	0.23969552856259627	0.8343424959039016	0.1211157409500683	0.26494041964604415	0.8664376757321174	0.39893862538363967	0.1311427159052277	0.3264630968474277	0.16603926206786968	0.2284704913313457	0.36740638958319205	0.17564817596347124	0.11157597567662551	0.7027516221028427
10.067114093959733	0.20954627938302306	0.23979888719907302	0.3032487004819538	0.1461513203010517	0.7101631828683175	0.5786421773030185	0.19966810138124857	0.24091398183443485	0.7489351319617586	0.23969454007302754	0.8343487536785608	0.12111343146437811	0.26493994142303645	0.8664442092021196	0.3989338474623234	0.13113447691559163	0.3264630967850724	0.16603845209787743	0.22847148145507393	0.3674085151111221	0.1756452798892163	0.11157334542137506	0.7027562143119169
10.40268456375839	0.20954609239177807	0.23979081379964837	0.3032467268153563	0.1461510007853692	0.7101621279631729	0.5786410270133512	0.19966792439991798	0.24091395515748176	0.748934706670102	0.239693862885063	0.8343532373856921	0.12111175444588601	0.26493959276912143	0.8664490003815627	0.3989303325659377	0.13112829659327302	0.3264630967549727	0.1660379145448731	0.22847219446068812	0.3674100487757474	0.17564317837829832	0.11157143386591471	0.7027595663424953
10.738255033557047	0.2095459562060891	0.23978493740328896	0.3032452815180522	0.14615078470543366	0.7101613522133713	0.578640182567936	0.19966780699959566	0.24091393996197577	0.7489344007035327	0.2396933987422799	0.8343564479175323	0.12111053676719918	0.26493933858572644	0.8664525108455314	0.39892774651129875	0.13112366127105998	0.32646309674820595	0.16603755924978872	0.22847270814346549	0.3674111560756335	0.17564165338683196	0.11157004454057246	0.7027620139670382
11.073825503355705	0.20954585682551527	0.23978065495392686	0.3032442228131198	0.14615063560073557	0.7101607828767004	0.5786395626209995	0.19966772752666825	0.24091393046206477	0.7489341799402599	0.23969307494209402	0.8343587482594714	0.12110965138696504	0.2649391530924853	0.8664550809210911	0.39892584244873774	0.131120183996936	0.3264630967377413	0.16603732247773298	0.22847307911022627	0.36741195728151915	0.17564054546810576	0.11156903361767137	0.7027638051979817
11.409395973154362	0.20954578419022818	0.23977753319178913	0.30324344712769696	0.14615053261420005	0.7101603652580948	0.5786391079019696	0.19966767376670674	0.2409139246927632	0.7489340211809968	0.23969284877170427	0.8343603961757675	0.12110900716214401	0.26493901786908924	0.8664569617960697	0.3989244399228426	0.13111757536182253	0.3264630967295999	0.16603716513051656	0.22847334733699579	0.36741253758978554	0.1756397402434665	0.11156829769786009	0.702765116738245
11.74496644295302	0.20954573115654382	0.2397752569755562	0.3032428787414265	0.14615046243197202	0.7101600585975091	0.5786387748946485	0.19966763773464302	0.24091392198717645	0.7489339075774478	0.2396926925331937	0.8343615768219991	0.12110853843747094	0.2649389193450286	0.8664583385885108	0.39892340616747995	0.13111561810490674	0.3264630967402701	0.16603706161127108	0.2284735413519428	0.36741295848890276	0.17563915481262007	0.11156776146423787	0.7027660768746526
12.080536912751679	0.20954569267319648	0.23977359690085737	0.3032424625511767	0.1461504135358376	0.710159833976185	0.5786385303788807	0.1996676128801283	0.24091392049139151	0.74893382496486	0.23969258265520058	0.8343624220671132	0.12110819797844445	0.2649388472250726	0.8664593449708813	0.3989226445095479	0.13111415009839877	0.3264630967509515	0.1660369930511557	0.22847368166204646	0.3674132637228953	0.17563872924140903	0.11156737080443827	0.7027667806870082
12.416107382550337	0.20954566485733325	0.2397723856929121	0.3032421573378872	0.1461503786616575	0.7101596699844172	0.5786383498582356	0.1996675955857688	0.24091391917068056	0.7489337632144983	0.2396925038000715	0.8343630268922126	0.12110795016936714	0.26493879444238094	0.8664600799757749	0.3989220831098667	0.13111304923452752	0.32646309674472174	0.1660369472395075	0.2284737834862928	0.3674134848835076	0.17563841953117715	0.11156708659046613	0.7027672974271235
12.751677852348994	0.20954564443245813	0.2397715015112765	0.30324193307804365	0.14615035384407246	0.710159550335865	0.5786382171660518	0.19966758382533412	0.24091391805854248	0.7489337175962747	0.23969244713576113	0.8343634598994236	0.12110776853987855	0.26493875617437695	0.8664606169224915	0.39892166870837953	0.1311122236059797	0.32646309672848295	0.16603691664462625	0.22847385767750547	0.3674136455011385	0.17563819374576248	0.11156687977920517	0.7027676769872973
13.087248322147651	0.2095456289304718	0.23977085558289124	0.30324176882418985	0.146150336751319	0.7101594625812006	0.5786381218453908	0.1996675758074861	0.240913917700347	0.7489336870889737	0.23969240739502673	0.8343637704021797	0.12110763516421778	0.26493872850042505	0.8664610094538228	0.39892136260515676	0.1311116042173678	0.32646309672818274	0.1660368965160755	0.2284739114054501	0.3674137630768832	0.17563802928046068	0.1115667284020056	0.7027679554845981
13.422818791946309	0.20954561770881683	0.23977038367326237	0.303241649488918	0.1461503245451338	0.7101593981761182	0.5786380526942083	0.19966756960707147	0.24091391763075945	0.7489336673359192	0.2396923789644703	0.8343639926201103	0.12110753993160234	0.2649387074384762	0.8664612956790619	0.3989211377280248	0.13111113986940165	0.3264630967394281	0.16603688316419804	0.22847394967503892	0.3674138487328129	0.17563791024965078	0.11156661723457728	0.7027681601876158
13.758389261744966	0.2095456105742365	0.23977003849918255	0.30324156164538724	0.14615031548755827	0.7101593512137502	0.5786379988827788	0.19966756506822342	0.2409139174115219	0.7489336504651398	0.23969235833684163	0.8343641516886483	0.12110747258463311	0.26493869161041966	0.8664615047114106	0.3989209720921142	0.13111079165499523	0.3264630967402014	0.1660368741817804	0.22847397792047175	0.3674139102410729	0.17563782349573673	0.11156653638534736	0.7027683111439154
14.093959731543626	0.2095456052729522	0.239769785750691	0.3032414959662207	0.14615030896013192	0.710159317094363	0.5786379579993193	0.19966756235503616	0.24091391718380986	0.7489336352084155	0.2396923435352512	0.8343642660016923	0.12110742164659938	0.26493868128067055	0.8664616579797093	0.39892084842676356	0.1311105302627329	0.3264630967327604	0.1660368681400428	0.22847399953107206	0.36741395502542235	0.17563775929912007	0.1115664779338827	0.7027684222649243
14.429530201342283	0.2095456006459228	0.23976959684491292	0.30324144659441854	0.14615030432910178	0.7101592916546341	0.5786379290522131	0.19966756055541843	0.24091391706956072	0.7489336242753447	0.23969233259793524	0.834364350056503	0.12110738169937078	0.2649386739114623	0.8664617724984406	0.39892075462413906	0.13111033061754412	0.3264630967278274	0.16603686398283626	0.22847401548874285	0.3674139889598773	0.17563771117106722	0.11156643428407405	0.7027685056014878
14.76510067114094	0.20954559590942307	0.23976946497419704	0.3032414129190836	0.14615030146710795	0.7101592737930811	0.5786379136837236	0.1996675591496333	0.24091391710811455	0.7489336202762096	0.23969232482150382	0.8343644071706483	0.12110735151194635	0.26493866824925927	0.866461852057751	0.39892068831998656	0.13111018667946708	0.32646309673205826	0.16603686146867822	0.22847402509907153	0.36741401376851424	0.17563767804280295	0.11156640319457294	0.7027685640618382
15.100671140939598	0.20954559416195737	0.23976936517759112	0.3032413873894455	0.14615029907889235	0.7101592602620393	0.5786378982529771	0.19966755783575427	0.24091391709096902	0.7489336166163166	0.23969231915964942	0.8343644494262968	0.12110733278480482	0.26493866305039404	0.8664619119147424	0.39892063890795376	0.1311100758957323	0.326463096733511	0.1660368597060218	0.22847403290684154	0.36741403136099376	0.17563765345676477	0.11156637972663626	0.7027686088469453
15.436241610738255	0.20954559269525636	0.23976929223849208	0.3032413682480255	0.14615029729104037	0.7101592504587079	0.5786378858577421	0.19966755714478077	0.24091391707295032	0.7489336128931465	0.23969231518001877	0.834364479681294	0.1211073188203957	0.26493866022489976	0.8664619557137528	0.39892060193439477	0.13110999289633501	0.3264630967330612	0.16603685854430497	0.22847403918958406	0.36741404403101446	0.1756376352173688	0.11156636283632361	0.7027686417360489
15.771812080536913	0.20954559160858502	0.23976923878280548	0.3032413542570254	0.14615029604020197	0.7101592432927637	0.5786378773788343	0.19966755657993357	0.24091391706265777	0.7489336102461608	0.23969231223291934	0.8343645013529557	0.12110730830462806	0.2649386578352651	0.8664619876934028	0.3989205746042228	0.13110993066213353	0.3264630967329091	0.1660368577739701	0.22847404353673587	0.3674140534306401	0.17563762192334512	0.11156635043028632	0.702768665992393
16.107382550335572	0.20954559076534832	0.23976919954328563	0.303241343963359	0.14615029513647468	0.7101592380519847	0.5786378712133429	0.199667556176331	0.24091391705653564	0.74893360837151	0.23969231007974884	0.8343645169057765	0.12110730054053581	0.2649386560966897	0.8664620110895693	0.3989205543392982	0.1311098839456145	0.32646309673283175	0.16603685726252435	0.22847404669618523	0.36741406033461327	0.17563761218995844	0.11156634132543862	0.7027686839088102
16.44295302013423	0.2095455900675873	0.23976917034193965	0.30324133629031097	0.1461502944749404	0.7101592341670434	0.5786378666800945	0.1996675558896108	0.24091391705290913	0.7489336070157502	0.23969230848322753	0.8343645282288431	0.12110729470888873	0.26493865483775814	0.8664620284433149	0.39892053910576875	0.13110984843767812	0.32646309673279345	0.16603685691840503	0.22847404901172172	0.3674140654808611	0.1756376049617282	0.1115663345518152	0.7027686973199448
16.778523489932887	0.20954558950346772	0.23976914960403656	0.30324133083145177	0.1461502940170976	0.7101592314231616	0.578637863528781	0.1996675556965314	0.24091391705121132	0.748933606081981	0.23969230735350047	0.8343645360228419	0.12110729051102156	0.2649386539654662	0.8664620407091241	0.39892052813945567	0.13110982248947645	0.32646309673278534	0.16603685670903362	0.22847405061087706	0.3674140691467664	0.17563759984492336	0.11156632974293934	0.7027687069215999
17.114093959731544	0.2095455890670695	0.23976913437335953	0.30324132682016375	0.1461502936894346	0.7101592294173027	0.5786378612756667	0.19966755555127866	0.2409139170503269	0.7489336053739349	0.23969230652254114	0.8343645416031278	0.12110728739702876	0.264938653297363	0.8664620496784228	0.3989205200073898	0.1311098030074197	0.3264630967327881	0.16603685657255476	0.22847405173958393	0.3674140718494968	0.17563759610003155	0.111566326212541	0.7027687140205993
17.449664429530202	0.2095455887779483	0.23976912331516953	0.30324132389917646	0.1461502934563565	0.7101592279684402	0.5786378596722853	0.19966755543416412	0.24091391704982634	0.7489336047906183	0.23969230591784912	0.8343645455466604	0.12110728512989703	0.2649386527552973	0.8664620561590044	0.39892051404957923	0.131109788547792	0.3264630967327923	0.1660368564840413	0.22847405253047393	0.36741407381533114	0.1756375933908331	0.11156632365477934	0.7027687192119053
17.78523489932886	0.20954558866054676	0.2397691151049962	0.3032413217107945	0.14615029328199186	0.7101592268972499	0.5786378584654281	0.19966755532620314	0.2409139170493142	0.7489336042284127	0.23969230546838124	0.8343645484204004	0.12110728347547431	0.2649386522636775	0.866462060952192	0.39892050960633696	0.131109777662159	0.3264630967327887	0.16603685641981647	0.22847405312097452	0.36741407526727693	0.17563759138287321	0.11156632176734887	0.7027687230874011
18.120805369127517	0.20954558872801027	0.23976910894122072	0.30324132002684323	0.14615029314470315	0.710159226096966	0.5786378575071079	0.19966755522212729	0.2409139170488149	0.7489336036140102	0.23969230513353645	0.8343645505355001	0.1211072822619713	0.264938651795731	0.8664620645426764	0.39892050624415576	0.1311097693773798	0.3264630967327788	0.1660368563726271	0.2284740536104575	0.3674140763429032	0.17563758986822642	0.1115663203722536	0.702768726012306
18.456375838926174	0.20954558898329595	0.2397691044836758	0.3032413187504477	0.14615029303526275	0.7101592255223517	0.5786378567353405	0.1996675551207038	0.2409139170483422	0.7489336029211935	0.2396923048960976	0.8343645520240512	0.1211072814139794	0.26493865134392164	0.8664620671363218	0.39892050377780086	0.1311097632795585	0.3264630967327634	0.16603685633943865	0.2284740540425364	0.3674140771009802	0.17563758875825197	0.11156631939381742	0.7027687281414002
18.79194630872483	0.20954558938362733	0.2397691011625836	0.3032413177187113	0.14615029293737736	0.7101592250988523	0.5786378560610228	0.19966755503800473	0.240913917047973	0.7489336021954192	0.23969230472738937	0.834364553109022	0.12110728076013698	0.2649386509648941	0.8664620690813403	0.39892050187453365	0.13110975866043015	0.3264630967327478	0.1660368563157938	0.2284740545162294	0.3674140776470495	0.17563758789717657	0.11156631870255664	0.702768729730128
19.12751677852349	0.20954558990354732	0.23976909874101526	0.3032413168658788	0.14615029284467929	0.7101592247955102	0.5786378554516661	0.19966755498203512	0.24091391704773674	0.7489336014688395	0.2396923046151586	0.8343645538833973	0.12110728022610975	0.26493865068731004	0.8664620705221746	0.39892050039584204	0.1311097552248382	0.32646309673273455	0.16603685629980877	0.22847405507114057	0.36741407802618886	0.17563758722063288	0.11156631824340023	0.7027687308845684
19.46308724832215	0.2095455903682268	0.23976909692438775	0.30324131614718164	0.14615029275685762	0.7101592245746486	0.5786378549520542	0.19966755498742553	0.240913917047622	0.7489336010287901	0.23969230453802737	0.8343645544678006	0.12110727966202316	0.2649386506421462	0.8664620716318212	0.3989204991667013	0.13110975259383753	0.3264630967327271	0.16603685628857592	0.22847405572719567	0.3674140783166742	0.17563758665619522	0.11156631792494741	0.7027687317339734
19.798657718120808	0.2095455906642027	0.23976909548123462	0.30324131556831263	0.14615029268329865	0.7101592244020444	0.5786378545694519	0.19966755502972333	0.24091391704757742	0.7489336008879994	0.23969230447803538	0.8343645549382838	0.121107279126451	0.264938650750501	0.8664620725213312	0.3989204981424571	0.13110975047897086	0.3264630967327246	0.16603685628002568	0.2284740563282488	0.36741407855853997	0.17563758619030473	0.11156631766708675	0.7027687324000548
20.134228187919465	0.2095455906672807	0.23976909409180652	0.30324131519276926	0.1461502926500783	0.7101592242241332	0.5786378542758835	0.19966755500482342	0.24091391704747447	0.7489336007740468	0.23969230440878977	0.8343645553744126	0.12110727894034456	0.2649386506558836	0.8664620733102442	0.39892049738784274	0.13110974849441537	0.32646309673272045	0.16603685627159215	0.22847405642473445	0.367414078777864	0.1756375858632396	0.11156631734786178	0.7027687330783788
20.469798657718123	0.20954559047853186	0.23976909301631966	0.30324131496887646	0.14615029263597562	0.7101592240845064	0.578637854094116	0.19966755499744787	0.2409139170474178	0.7489336009086317	0.2396923043517694	0.8343645557114353	0.12110727884250948	0.26493865064841093	0.8664620739012773	0.3989204968501774	0.13110974695415875	0.32646309673271995	0.16603685626536346	0.22847405638251497	0.3674140789534237	0.1756375856422209	0.1115663170665223	0.7027687336097912
20.80536912751678	0.20954559009795606	0.23976909225477408	0.3032413148966343	0.14615029264099064	0.7101592239831639	0.5786378540241494	0.19966755500759675	0.24091391704740736	0.7489336012917541	0.23969230430697427	0.8343645559493521	0.12110727883294575	0.2649386507280829	0.8664620742944305	0.3989204965294611	0.13110974585820095	0.3264630967327231	0.16603685626133965	0.22847405620159034	0.3674140790852192	0.17563758552724865	0.1115663168230683	0.7027687339942918
21.140939597315437	0.2095455895255534	0.23976909180716974	0.3032413149760427	0.14615029266512333	0.7101592239201057	0.5786378540659837	0.19966755503527	0.24091391704744314	0.748933601923414	0.2396923042744044	0.834364556088163	0.12110727891165338	0.26493865089489965	0.8664620744897038	0.3989204964256938	0.13110974520654206	0.32646309673273	0.16603685625952072	0.22847405588196057	0.3674140791732506	0.17563758551832281	0.11156631661749979	0.7027687342318808
21.476510067114095	0.20954558906095433	0.23976909144623954	0.3032413150398637	0.14615029268463559	0.7101592238694983	0.5786378541026853	0.19966755505884642	0.2409139170474756	0.7489336024393826	0.23969230424800247	0.8343645561990072	0.12110727897018786	0.26493865103378256	0.8664620746469992	0.3989204963392503	0.13110974467575862	0.32646309673273577	0.1660368562581448	0.22847405562616682	0.3674140792452205	0.17563758551054326	0.11156631645161279	0.7027687344235762
21.812080536912752	0.209545588856825	0.23976909105618757	0.30324131500288704	0.1461502926874324	0.7101592238181788	0.5786378540746753	0.1996675550673096	0.24091391704747955	0.7489336026540795	0.23969230422468213	0.8343645563181316	0.12110727895329507	0.2649386510860975	0.8664620748477894	0.39892049616841846	0.13110974410106166	0.326463096732738	0.16603685625631417	0.2284740555374068	0.36741407931524417	0.17563758545046176	0.11156631632632245	0.7027687346208483
22.14765100671141	0.20954558868277387	0.23976909081176379	0.30324131499370516	0.1461502926917665	0.7101592237860112	0.5786378540718657	0.19966755507728456	0.24091391704749304	0.7489336028475675	0.239692304209101	0.8343645563908356	0.12110727894436008	0.2649386511403305	0.8664620749691223	0.398920496066694	0.1311097437311375	0.3264630967327403	0.16603685625538359	0.22847405545994282	0.36741407936202025	0.17563758541873806	0.11156631624024776	0.7027687347460223
22.483221476510067	0.20954558853880093	0.23976909071296817	0.3032413150123181	0.1461502926976379	0.7101592237729957	0.5786378540942567	0.19966755508877132	0.24091391704751605	0.7489336030198466	0.2396923042012591	0.8343645564171192	0.12110727894338287	0.2649386511964815	0.8664620750109983	0.39892049603407687	0.13110974356598623	0.3264630967327429	0.16603685625535308	0.22847405539377483	0.3674140793855487	0.17563758541537214	0.11156631619338869	0.7027687347990982
22.818791946308725	0.20954558842490617	0.23976909075980074	0.30324131505872587	0.14615029270504662	0.7101592237791322	0.5786378541418482	0.19966755510176984	0.24091391704754864	0.7489336031709167	0.2396923042011564	0.8343645563969825	0.12110727895036347	0.26493865125455063	0.8664620749734172	0.3989204960705671	0.13110974360560776	0.3264630967327455	0.16603685625622258	0.22847405533890283	0.36741407938582965	0.175637585440364	0.11156631618574525	0.7027687347800761
23.154362416107382	0.20954558811295146	0.239769090385683	0.3032413150593204	0.14615029271441282	0.7101592237296234	0.5786378541534093	0.19966755512112125	0.24091391704757667	0.7489336035244296	0.23969230417618795	0.8343645565083105	0.12110727893901577	0.2649386513566968	0.8664620751552748	0.3989204959223229	0.1311097430369905	0.3264630967327499	0.1660368562549164	0.22847405519693056	0.36741407946051696	0.17563758539794105	0.1115663160462667	0.7027687349725624
23.48993288590604	0.20954558815057317	0.23976909051131645	0.3032413150787414	0.14615029271486243	0.7101592237464698	0.5786378541698306	0.19966755512188697	0.24091391704758636	0.7489336034922447	0.2396923041833096	0.8343645564663622	0.12110727894461319	0.26493865135540917	0.86646207508716	0.39892049597791945	0.13110974320728708	0.32646309673275004	0.1660368562557545	0.22847405521444042	0.3674140794394462	0.17563758542056174	0.11156631608233429	0.7027687349107504
23.8255033557047	0.2095455881881949	0.23976909063694987	0.30324131509816243	0.14615029271531207	0.7101592237633161	0.5786378541862519	0.1996675551226527	0.24091391704759604	0.7489336034600599	0.2396923041904313	0.8343645564244139	0.1211072789502106	0.2649386513541215	0.8664620750190452	0.3989204960335159	0.1311097433775837	0.3264630967327501	0.16603685625659265	0.22847405523195027	0.36741407941837545	0.17563758544318242	0.11156631611840188	0.7027687348489385
24.161073825503358	0.20954558822581662	0.2397690907625833	0.3032413151175834	0.1461502927157617	0.7101592237801625	0.5786378542026732	0.19966755512341838	0.24091391704760573	0.748933603427875	0.23969230419755297	0.8343645563824655	0.12110727895580801	0.2649386513528338	0.8664620749509303	0.39892049608911245	0.1311097435478803	0.32646309673275015	0.16603685625743078	0.22847405524946013	0.3674140793973047	0.1756375854658031	0.11156631615446948	0.7027687347871266
24.496644295302016	0.20954558826305142	0.23976909088704454	0.30324131513683905	0.14615029271620952	0.7101592237968505	0.5786378542189433	0.19966755512417667	0.2409139170476153	0.7489336033960269	0.23969230420460783	0.834364556340913	0.12110727896137666	0.26493865135156314	0.8664620748834475	0.3989204961442089	0.13110974371660591	0.3264630967327502	0.16603685625826073	0.22847405526677603	0.3674140793764292	0.17563758548822136	0.11156631619019289	0.702768734725892
24.832214765100673	0.20954558826569553	0.23976909090671322	0.30324131514131286	0.14615029271649768	0.7101592237993809	0.578637854221692	0.19966755512427134	0.24091391704761628	0.7489336033942883	0.23969230420568916	0.8343645563347509	0.12110727896437246	0.2649386513518084	0.8664620748724668	0.39892049615459385	0.13110974374488937	0.3264630967327502	0.16603685625836348	0.22847405526675293	0.36741407937300935	0.17563758549254627	0.11156631619514747	0.7027687347162632
25.16778523489933	0.2095455882683396	0.2397690909263819	0.30324131514578667	0.14615029271678584	0.7101592238019113	0.5786378542244407	0.19966755512436604	0.24091391704761725	0.7489336033925497	0.23969230420677046	0.8343645563285887	0.12110727896736827	0.2649386513520537	0.8664620748614862	0.3989204961649789	0.1311097437731728	0.3264630967327502	0.16603685625846626	0.22847405526672981	0.36741407936958953	0.17563758549687114	0.11156631620010206	0.7027687347066345
25.503355704697988	0.2095455882709837	0.2397690909460506	0.3032413151502605	0.14615029271707397	0.7101592238044417	0.5786378542271894	0.19966755512446072	0.2409139170476182	0.748933603390811	0.2396923042078518	0.8343645563224267	0.12110727897036408	0.264938651352299	0.8664620748505055	0.3989204961753639	0.13110974380145626	0.3264630967327502	0.166036856258569	0.22847405526670672	0.36741407936616965	0.17563758550119604	0.11156631620505665	0.7027687346970056
25.838926174496645	0.20954558827362782	0.23976909096571927	0.30324131515473435	0.14615029271736213	0.7101592238069722	0.5786378542299382	0.1996675551245554	0.24091391704761916	0.7489336033890724	0.2396923042089331	0.8343645563162645	0.12110727897335989	0.2649386513525443	0.8664620748395249	0.3989204961857489	0.1311097438297397	0.3264630967327502	0.16603685625867176	0.22847405526668363	0.36741407936274983	0.17563758550552092	0.11156631621001123	0.7027687346873769
26.174496644295303	0.20954558827627193	0.23976909098538796	0.30324131515920816	0.1461502927176503	0.7101592238095026	0.5786378542326869	0.19966755512465006	0.2409139170476201	0.7489336033873337	0.23969230421001442	0.8343645563101023	0.12110727897635569	0.26493865135278954	0.8664620748285442	0.3989204961961339	0.13110974385802315	0.32646309673275026	0.1660368562587745	0.22847405526666054	0.36741407935933	0.17563758550984582	0.11156631621496582	0.7027687346777481
26.51006711409396	0.209545588278916	0.2397690910050566	0.30324131516368197	0.14615029271793845	0.710159223812033	0.5786378542354356	0.19966755512474474	0.24091391704762108	0.7489336033855951	0.23969230421109575	0.8343645563039402	0.1211072789793515	0.26493865135303485	0.8664620748175635	0.3989204962065189	0.13110974388630658	0.32646309673275026	0.16603685625887726	0.22847405526663744	0.36741407935591014	0.1756375855141707	0.1115663162199204	0.7027687346681193
26.845637583892618	0.2095455882815601	0.2397690910247253	0.3032413151681558	0.1461502927182266	0.7101592238145634	0.5786378542381844	0.1996675551248394	0.24091391704762202	0.7489336033838565	0.23969230421217705	0.8343645562977781	0.12110727898234731	0.26493865135328015	0.8664620748065829	0.3989204962169039	0.13110974391459004	0.32646309673275026	0.16603685625898001	0.22847405526661435	0.3674140793524903	0.17563758551849556	0.11156631622487499	0.7027687346584905
27.181208053691275	0.20954558828420422	0.23976909104439398	0.3032413151726296	0.14615029271851476	0.7101592238170938	0.5786378542409331	0.1996675551249341	0.240913917047623	0.7489336033821179	0.23969230421325838	0.834364556291616	0.12110727898534313	0.26493865135352546	0.8664620747956022	0.3989204962272889	0.13110974394287347	0.32646309673275026	0.16603685625908277	0.22847405526659126	0.3674140793490705	0.17563758552282047	0.11156631622982958	0.7027687346488618
27.516778523489933	0.20954558828684833	0.23976909106406266	0.30324131517710345	0.14615029271880292	0.7101592238196243	0.5786378542436817	0.19966755512502876	0.24091391704762397	0.7489336033803793	0.2396923042143397	0.8343645562854538	0.12110727898833892	0.2649386513537707	0.8664620747846216	0.39892049623767395	0.13110974397115693	0.32646309673275026	0.16603685625918552	0.22847405526656817	0.3674140793456506	0.17563758552714534	0.11156631623478416	0.7027687346392331
27.85234899328859	0.20954558828949243	0.23976909108373134	0.30324131518157726	0.14615029271909105	0.7101592238221547	0.5786378542464304	0.19966755512512344	0.2409139170476249	0.7489336033786407	0.239692304215421	0.8343645562792916	0.12110727899133474	0.264938651354016	0.8664620747736409	0.3989204962480589	0.13110974399944036	0.32646309673275026	0.16603685625928827	0.22847405526654507	0.3674140793422308	0.17563758553147024	0.11156631623973876	0.7027687346296042
28.18791946308725	0.20954558829213651	0.23976909110340003	0.3032413151860511	0.1461502927193792	0.7101592238246851	0.5786378542491792	0.1996675551252181	0.24091391704762588	0.7489336033769021	0.23969230421650234	0.8343645562731296	0.12110727899433055	0.2649386513542613	0.8664620747626602	0.39892049625844395	0.13110974402772382	0.32646309673275026	0.16603685625939102	0.22847405526652198	0.367414079338811	0.17563758553579512	0.11156631624469333	0.7027687346199755
28.52348993288591	0.20954558829478062	0.2397690911230687	0.3032413151905249	0.14615029271966737	0.7101592238272155	0.5786378542519279	0.19966755512531278	0.24091391704762682	0.7489336033751635	0.23969230421758367	0.8343645562669674	0.12110727899732636	0.2649386513545066	0.8664620747516796	0.398920496268829	0.13110974405600725	0.32646309673275026	0.16603685625949377	0.2284740552664989	0.3674140793353911	0.17563758554012002	0.11156631624964793	0.7027687346103467
28.859060402684566	0.20954558829742473	0.2397690911427374	0.3032413151949987	0.14615029271995553	0.7101592238297461	0.5786378542546766	0.19966755512540746	0.2409139170476278	0.7489336033734248	0.23969230421866497	0.8343645562608052	0.12110727900032216	0.26493865135475186	0.8664620747406989	0.39892049627921394	0.1311097440842907	0.32646309673275026	0.16603685625959652	0.22847405526647577	0.3674140793319713	0.1756375855444449	0.11156631625460252	0.7027687346007179
29.194630872483224	0.20954558830006884	0.23976909116240608	0.30324131519947256	0.14615029272024369	0.7101592238322765	0.5786378542574254	0.19966755512550213	0.24091391704762877	0.7489336033716862	0.2396923042197463	0.8343645562546431	0.12110727900331797	0.26493865135499717	0.8664620747297183	0.39892049628959897	0.13110974411257414	0.3264630967327503	0.16603685625969927	0.22847405526645267	0.36741407932855147	0.1756375855487698	0.1115663162595571	0.7027687345910891
29.53020134228188	0.20954558830271292	0.23976909118207473	0.30324131520394637	0.14615029272053184	0.7101592238348069	0.5786378542601741	0.1996675551255968	0.2409139170476297	0.7489336033699476	0.23969230422082763	0.8343645562484809	0.12110727900631378	0.26493865135524247	0.8664620747187376	0.398920496299984	0.13110974414085758	0.3264630967327503	0.16603685625980202	0.22847405526642958	0.3674140793251316	0.17563758555309467	0.11156631626451169	0.7027687345814604
29.86577181208054	0.20954558830535702	0.23976909120174342	0.3032413152084202	0.14615029272081997	0.7101592238373373	0.5786378542629228	0.19966755512569148	0.24091391704763068	0.748933603368209	0.23969230422190893	0.8343645562423189	0.12110727900930959	0.2649386513554878	0.8664620747077569	0.39892049631036897	0.13110974416914103	0.3264630967327503	0.16603685625990477	0.2284740552664065	0.3674140793217118	0.17563758555741957	0.11156631626946628	0.7027687345718316
30.201342281879196	0.20954558830800113	0.2397690912214121	0.303241315212894	0.14615029272110813	0.7101592238398677	0.5786378542656716	0.19966755512578616	0.24091391704763163	0.7489336033664704	0.23969230422299026	0.8343645562361567	0.12110727901230539	0.264938651355733	0.8664620746967763	0.398920496320754	0.13110974419742447	0.3264630967327503	0.16603685626000753	0.2284740552663834	0.36741407931829195	0.17563758556174444	0.11156631627442086	0.7027687345622028
30.536912751677853	0.20954558830931508	0.2397690912320452	0.3032413152153625	0.14615029272127125	0.7101592238412303	0.5786378542671752	0.19966755512583975	0.24091391704763213	0.748933603365662	0.2396923042235728	0.8343645562328614	0.12110727901397941	0.26493865135589173	0.8664620746908386	0.398920496326432	0.13110974421283775	0.3264630967327503	0.16603685626006112	0.22847405526628567	0.3674140793164433	0.17563758556410505	0.11156631627707504	0.7027687345569898
30.87248322147651	0.20954558830952155	0.2397690912351552	0.3032413152161613	0.1461502927213302	0.7101592238416204	0.578637854267642	0.19966755512585915	0.24091391704763224	0.748933603365628	0.23969230422374008	0.834364556231953	0.12110727901455294	0.2649386513559783	0.8664620746890997	0.39892049632819093	0.13110974421753516	0.3264630967327503	0.16603685626007372	0.22847405526612583	0.367414079315903	0.1756375855648302	0.11156631627781385	0.7027687345554535
31.20805369127517	0.20954558830972803	0.2397690912382652	0.30324131521696013	0.14615029272138919	0.7101592238420106	0.578637854268109	0.19966755512587855	0.24091391704763232	0.748933603365594	0.23969230422390736	0.8343645562310447	0.12110727901512645	0.264938651356065	0.8664620746873609	0.3989204963299499	0.13110974422223257	0.3264630967327503	0.1660368562600863	0.22847405526596598	0.3674140793153626	0.17563758556555534	0.11156631627855268	0.7027687345539171
31.543624161073826	0.20954558830993447	0.2397690912413752	0.303241315217759	0.14615029272144817	0.7101592238424007	0.5786378542685758	0.19966755512589796	0.24091391704763243	0.74893360336556	0.23969230422407464	0.8343645562301363	0.12110727901569997	0.2649386513561516	0.8664620746856221	0.39892049633170884	0.13110974422692998	0.3264630967327503	0.1660368562600989	0.2284740552658061	0.36741407931482223	0.17563758556628048	0.1115663162792915	0.7027687345523808
31.879194630872483	0.20954558831014095	0.23976909124448517	0.3032413152185578	0.14615029272150715	0.710159223842791	0.5786378542690428	0.19966755512591736	0.24091391704763251	0.748933603365526	0.23969230422424193	0.8343645562292278	0.12110727901627348	0.2649386513562382	0.8664620746838833	0.39892049633346777	0.13110974423162738	0.3264630967327503	0.1660368562601115	0.22847405526564626	0.3674140793142818	0.17563758556700562	0.11156631628003033	0.7027687345508444
32.214765100671144	0.2095455883103474	0.23976909124759518	0.30324131521935666	0.14615029272156613	0.7101592238431811	0.5786378542695096	0.19966755512593676	0.24091391704763263	0.748933603365492	0.2396923042244092	0.8343645562283194	0.121107279016847	0.2649386513563248	0.8664620746821444	0.39892049633522675	0.13110974423632482	0.3264630967327503	0.1660368562601241	0.2284740552654864	0.3674140793137414	0.17563758556773074	0.11156631628076916	0.7027687345493081
32.5503355704698	0.20954558831055387	0.23976909125070517	0.30324131522015546	0.14615029272162508	0.7101592238435712	0.5786378542699766	0.19966755512595616	0.2409139170476327	0.748933603365458	0.23969230422457646	0.834364556227411	0.12110727901742051	0.2649386513564114	0.8664620746804055	0.3989204963369857	0.13110974424102223	0.3264630967327503	0.1660368562601367	0.22847405526532655	0.3674140793132011	0.17563758556845588	0.11156631628150797	0.7027687345477717
32.88590604026846	0.2095455883107603	0.23976909125381515	0.3032413152209543	0.14615029272168406	0.7101592238439614	0.5786378542704435	0.19966755512597556	0.24091391704763282	0.748933603365424	0.23969230422474375	0.8343645562265026	0.12110727901799402	0.264938651356498	0.8664620746786666	0.3989204963387446	0.13110974424571964	0.32646309673275026	0.1660368562601493	0.2284740552651667	0.3674140793126607	0.17563758556918102	0.1115663162822468	0.7027687345462353
33.22147651006711	0.20954558831096678	0.23976909125692514	0.3032413152217531	0.14615029272174304	0.7101592238443515	0.5786378542709104	0.199667555125995	0.2409139170476329	0.74893360336539	0.23969230422491103	0.8343645562255942	0.12110727901856753	0.2649386513565846	0.8664620746769278	0.3989204963405036	0.13110974425041705	0.32646309673275026	0.1660368562601619	0.22847405526500683	0.36741407931212033	0.17563758556990616	0.11156631628298562	0.702768734544699
