NON $ % + - . 0 1 2 3 4 5 6 7 8
#NON	a	c	i	j	f	k	m	g	b	h	d	l	n	e
0.0	0.054849857993882645	0.0009870852016089504	0.19690798618253735	0.33673185367313474	0.6579129537383832	0.6855576702135444	0.13548972148177862	0.9401043462033778	0.4072561638040596	0.6956530420906426	0.022774055965575357	0.48026798946706084	0.19353308243377454	0.7833947292259018
0.33557046979865773	0.061263668290605595	0.13611632201711854	0.16722957238028327	0.26158475779075485	0.5509998264995513	0.4221351494680672	0.08244322455604308	0.7092608038639457	0.2853366599917626	0.4017546992997133	0.14035835835747934	0.3789939579351074	0.22628438913434543	0.540128265173877
0.6711409395973155	0.059611687272989704	0.19191087331175447	0.17105419297266322	0.2216714949589735	0.46288567953464066	0.3021727318665418	0.05527277529057678	0.5494842419121112	0.2421847858729369	0.2768383155616057	0.1721852393323124	0.31497824075338143	0.23107675631665964	0.3911535730573849
1.0067114093959733	0.05654916571501269	0.21246630989393372	0.17652800136954144	0.19720313732962738	0.39364162168577005	0.24410204375876352	0.041510817444285766	0.4389742619395167	0.22431243756749594	0.22000334668872873	0.17613026198564705	0.27480211692737255	0.22698998860120218	0.29937585288403934
1.342281879194631	0.05380160509277634	0.21814758740741655	0.17933042805989488	0.18105415474778808	0.3411833988793963	0.21464081923888745	0.0344706690636954	0.3626083282662989	0.21567577883007213	0.1926770297004117	0.17240515201118098	0.25006785005728716	0.2211557764421978	0.24256398321396413
1.6778523489932886	0.05171981893492585	0.21818040559157406	0.1800060168824694	0.1699488904612817	0.30250851423193503	0.19921145854012698	0.030802942338782974	0.3099404864533455	0.21078895696392497	0.1787773903810332	0.16772425212527858	0.23516324496800123	0.21604425005758504	0.20731780537257632
2.0134228187919465	0.05024525919880114	0.2165357883238218	0.1796242429945531	0.16216789322754305	0.27456211932909036	0.19096950132890028	0.028843425295420066	0.2737207765624815	0.20770684623075367	0.17133542982403088	0.16397211334442116	0.22635434574608643	0.21225697901260326	0.18545886254842056
2.348993288590604	0.04923343267363121	0.21476019864579585	0.17890754535726613	0.1566901694747502	0.25466678265106424	0.18651523423255367	0.02776475508792432	0.24889530551548533	0.20567328132320029	0.16719180092626085	0.16139063991644712	0.2212312971869185	0.2096967324152642	0.17193434223578605
2.684563758389262	0.04855208968088903	0.21333897048562142	0.17821135307645364	0.15284478463079407	0.24066051653820877	0.1840918850722821	0.027152997044721124	0.23193698920297928	0.2043278848460117	0.16482762917043803	0.1597503964889943	0.21828993473628855	0.20806811342808978	0.16359669465426327
3.0201342281879198	0.04810030054510748	0.21233575980025934	0.17766163436246743	0.15016204996136995	0.23088343429569008	0.18276851910216374	0.02679736005129237	0.22038915561264427	0.20345272380962226	0.16346329367056164	0.15875874134036216	0.2166181227076029	0.2070773261696738	0.1584784689451465
3.3557046979865772	0.04780528957451196	0.21167610285055666	0.17727215009984534	0.14830393349411464	0.22410281913212804	0.18204434142836187	0.026587133497023543	0.21254741175198397	0.20289660799982015	0.1626743913533201	0.15817941269880897	0.21567532680429186	0.20649514221316514	0.15535047486888373
3.691275167785235	0.04761570053882955	0.21126188547703068	0.17701444280172343	0.14702597855945979	0.21942397735399677	0.18164759735413097	0.026461817253839524	0.2072348738221864	0.2025515597472639	0.1622199856939239	0.15784933889553013	0.215146875722457	0.20616253407282453	0.15344711621502719
4.026845637583893	0.04749581957298548	0.21101009989030345	0.17685186702524597	0.1461525417276162	0.21620812317280605	0.18143010125847592	0.026387008347436625	0.20364278037916278	0.2023421339888545	0.16196009463335878	0.1576648021500807	0.21485206427727552	0.20597690305927682	0.15229369159472111
4.3624161073825505	0.04742121519426701	0.2108606958293361	0.17675286032126347	0.14555876281993319	0.21400464867954155	0.18131082786633612	0.026342507447656874	0.20121778215757954	0.20221747707667578	0.16181271379007814	0.15756312133616748	0.21468819648112322	0.20587533813795847	0.15159736761483136
4.697986577181208	0.04737549009849841	0.21077366918416554	0.17669418170055606	0.14515688183923325	0.21249854596082074	0.1812454052688611	0.026316211119529052	0.19958272180892836	0.20214452281372705	0.16172987450830026	0.157507719630355	0.21459737008171892	0.20582071135848393	0.15117843703052847
5.033557046979866	0.04734786291865923	0.21072370375578292	0.17666013960381022	0.14488585351548042	0.21147110803701508	0.18120951874236285	0.02630080280819034	0.1984813550330742	0.2021024435919323	0.16168371436227177	0.1574777891716956	0.21454714042320158	0.20579176242298933	0.15092717219216994
5.369127516778524	0.04733138979136586	0.2106953496865064	0.17664072909162334	0.1447035949916455	0.2107713008968839	0.18118983179727693	0.02629185587284641	0.19774004741070145	0.20207847378078203	0.16165819751814112	0.15746172493470026	0.2145194108736854	0.20577662160424462	0.15077688464080516
5.704697986577181	0.04732168538993469	0.21067940554799994	0.17662981457461355	0.14458130830338228	0.21029524078046613	0.18117903176280536	0.026286708921034165	0.19724137785043938	0.20206496412423886	0.16164419516127054	0.15745313983990922	0.21450412273699992	0.2057687904790349	0.15068721203048446
6.0402684563758395	0.04731603093762341	0.21067050625101422	0.17662374670454142	0.14449940498384065	0.20997171392311686	0.18117310660697566	0.026283774301834036	0.19690607815828684	0.20205741781628436	0.1616365597613636	0.15744856518468045	0.21449570289366185	0.20576477946182412	0.15063382172486578
6.375838926174497	0.04731276874089599	0.2106655678601595	0.1766204037926655	0.1444446243925365	0.20975202364920084	0.18116985587372006	0.02628211512575283	0.19668070225911782	0.2020532338218182	0.16163241858794303	0.157446130895242	0.21449106957891714	0.20576274155875673	0.1506020935316523
6.7114093959731544	0.04731090321039539	0.21066283978397507	0.17661857562787983	0.144408023645854	0.2096029391308733	0.18116807241947766	0.02628118424680095	0.19652925102812235	0.20205092848978368	0.16163018289794254	0.1574448354272066	0.21448852148742437	0.20576171267993612	0.15058326969100205
7.046979865771813	0.04730984470783363	0.2106613377469168	0.17661758143056974	0.14438358902539541	0.20950181905075857	0.18116709386883129	0.026280665603558313	0.1964274939511914	0.20204966456494738	0.16162898021652009	0.15744414510510074	0.21448712066636502	0.20576119549612829	0.15057211746724186
7.38255033557047	0.04730924846013655	0.210660513170526	0.17661704309748943	0.14436728756687456	0.20943326349971975	0.18116655710691051	0.026280378493219857	0.1963591383959397	0.20204897439034242	0.16162833499113635	0.15744377682985605	0.21448635117842502	0.2057609364186661	0.15056551988601563
7.718120805369128	0.04730891476157541	0.2106600615471907	0.17661675271370822	0.14435641821888884	0.2093868037976192	0.18116626283356013	0.026280220468830082	0.1963132283672965	0.20204859891003218	0.16162798976350537	0.15744357991386942	0.2144859288168848	0.20576080683505488	0.15056162228583117
8.053691275167786	0.04730872893775223	0.2106598141056375	0.17661659597147594	0.1443491731124724	0.20935532545719618	0.18116610118464202	0.026280133861282584	0.19628239413285375	0.2020483946420194	0.1616278046948472	0.15744347410136025	0.21448569663513767	0.20576074164336638	0.15055932068771735
8.389261744966444	0.04730862570305199	0.2106596784832206	0.17661651155610797	0.1443443442094135	0.2093339984595346	0.18116601233485272	0.02628008642178808	0.1962616823806036	0.20204828372264497	0.16162770562547082	0.15744341684763116	0.21448556890658582	0.20576070861150708	0.15055796200113564
8.724832214765101	0.0473085688285077	0.21065960455597416	0.17661646620480737	0.14434112747787428	0.2093195554541396	0.18116596379460162	0.026280060699015798	0.19624777504727808	0.2020482237348169	0.16162765280993796	0.15744338614471867	0.2144854990671089	0.20576069210120787	0.1505571622096807
9.060402684563758	0.04730853747598854	0.21065956404658487	0.1766164418207863	0.1443389848401762	0.20930977492892142	0.18116593705891199	0.026280046675411072	0.19623843581194436	0.202048191225041	0.16162762449250667	0.1574433693335866	0.21448546059534762	0.205760683532853	0.15055669092630827
9.395973154362416	0.04730852020647808	0.2106595419711719	0.17661642887486914	0.14433755780184088	0.20930315229728094	0.1811659226124847	0.026280039038059227	0.19623216441132355	0.20204817381850806	0.1616276096608519	0.15744336020512514	0.2144854397527489	0.205760679211204	0.15055641404159842
9.731543624161075	0.0473085109198642	0.21065952981187672	0.17661642139576475	0.14433660724515185	0.20929866789404047	0.1811659144612259	0.026280035052814912	0.19622795239578258	0.2020481639227008	0.1616276010732529	0.1574433554430108	0.21448542804471402	0.20576067698819497	0.15055625057689745
10.067114093959733	0.04730850575108897	0.2106595232251247	0.17661641767075542	0.1443359744697845	0.2092956323624383	0.18116591005094118	0.02628003279569421	0.19622512456409574	0.20204815882423185	0.16162759676964242	0.15744335267763773	0.21448542170448	0.20576067576083845	0.15055615477882728
10.40268456375839	0.047308502803835986	0.2106595194807682	0.1766164158652659	0.14433555317853378	0.20929357731819995	0.1811659077035103	0.026280031483873374	0.19622322562553457	0.20204815625430067	0.16162759475413063	0.1574433508585894	0.21448541828312187	0.20576067493903943	0.15055609850473753
10.738255033557047	0.04730850159168129	0.21065951766269184	0.17661641408999762	0.1443352725458419	0.20929218642547665	0.18116590629712614	0.026280031112053782	0.19622195076069004	0.20204815417342806	0.16162759276012859	0.15744335071681773	0.21448541630812018	0.20576067495671083	0.15055606543645114
11.073825503355705	0.04730850057657728	0.21065951651006085	0.17661641379544135	0.14433508581089205	0.2092912446457706	0.18116590563397394	0.02628003058896954	0.19622109445353378	0.2020481536012241	0.16162759241873084	0.15744334996520418	0.21448541533328178	0.20576067458360292	0.15055604608729314
11.409395973154362	0.04730849978673485	0.21065951571557534	0.1766164143082428	0.14433496168538218	0.2092906072272957	0.181165905265872	0.02628003010172905	0.19622051950275235	0.20204815386607672	0.16162759291910822	0.15744334881933084	0.21448541476009295	0.20576067400776346	0.15055603469148524
11.74496644295302	0.04730850001167856	0.21065951566753224	0.17661641306499945	0.14433487872929768	0.20929017612222633	0.18116590501084837	0.026280030429559027	0.1962201338646317	0.20204815273269675	0.16162759162495494	0.15744334984232755	0.21448541444268895	0.205760674606168	0.15055602813577035
12.080536912751679	0.04730849993803746	0.2106595154762879	0.17661641274611628	0.14433482361819547	0.20928988426238657	0.18116590490831963	0.026280030418097164	0.19621987482684403	0.202048152416765	0.1616275913195383	0.15744334992444156	0.2144854142896326	0.20576067460352315	0.15055602424176637
12.416107382550337	0.04730849967974711	0.21065951530074925	0.17661641318767402	0.14433478709745343	0.20928968679968668	0.18116590484062353	0.026280030222380967	0.1962197009342542	0.20204815275593865	0.16162759174231203	0.1574433493993943	0.21448541418242786	0.20576067434929926	0.1505560219331322
12.751677852348994	0.0473084996486458	0.21065951525336243	0.17661641314577906	0.1443347626955328	0.20928955311533945	0.18116590480153905	0.02628003021506417	0.19621958415372293	0.2020481527054905	0.161627591694611	0.15744334939340185	0.2144854141275531	0.20576067435333703	0.1505560205914802
13.087248322147651	0.047308499622400545	0.21065951522343662	0.17661641314601373	0.1443347464035604	0.20928946235188772	0.18116590477983652	0.026280030202723497	0.1962195054858215	0.20204815269689372	0.16162759169081367	0.15744334936714374	0.21448541409686675	0.20576067434397274	0.1505560198000825
13.422818791946309	0.04730849961120182	0.21065951520748818	0.17661641313814394	0.14433473554039647	0.20928940082249659	0.18116590476798267	0.026280030198639538	0.19621945258192244	0.2020481526857026	0.16162759168125942	0.15744334935940094	0.2144854140800091	0.20576067434128012	0.150556019337124
13.758389261744966	0.04730849959916074	0.21065951519647388	0.1766164131495018	0.1443347282866793	0.20928935897952342	0.18116590476177222	0.026280030190782025	0.19621941690691422	0.20204815269257428	0.1616275916912288	0.15744334933994386	0.21448541407103758	0.20576067433181092	0.15055601907028882
14.093959731543626	0.04730849958772453	0.21065951518909737	0.17661641317022908	0.14433472366432934	0.2092893316743688	0.18116590475914554	0.026280030181580715	0.1962193938792576	0.20204815270857102	0.1616275917108247	0.1574433493158886	0.2144854140671339	0.20576067431954584	0.15055601893386064
14.429530201342283	0.04730849957891223	0.21065951518421885	0.17661641318875604	0.14433472066263053	0.20928931357963995	0.18116590475795652	0.026280030174046926	0.1962193787622766	0.2020481527233169	0.16162759172849406	0.15744334929593243	0.21448541406535498	0.20576067430930067	0.15055601886003506
14.76510067114094	0.0473084995756743	0.21065951518185538	0.1766164131936941	0.14433471860290595	0.20928930104946938	0.1811659047569373	0.026280030171593343	0.1962193683461938	0.20204815272694102	0.16162759173305272	0.1574433492896443	0.21448541406394533	0.20576067430617484	0.15055601880848196
15.100671140939598	0.047308499579155665	0.21065951518219203	0.17661641318147533	0.14433471718088223	0.20928929236748467	0.18116590475589436	0.026280030175357242	0.19621936115334515	0.2020481527164436	0.1616275917210733	0.1574433493001317	0.2144854140625936	0.20576067431166306	0.1505560187689368
15.436241610738255	0.04730849958937701	0.21065951518520484	0.1766164131522586	0.1443347161943897	0.20928928634626873	0.18116590475491176	0.026280030185280502	0.1962193561788232	0.2020481526920046	0.16162759169277158	0.1574433493271845	0.2144854140613589	0.20576067432549439	0.1505560187387725
15.771812080536913	0.04730849960330031	0.21065951518983317	0.17661641311465487	0.14433471551121585	0.2092892821610871	0.18116590475425234	0.026280030198377328	0.1962193527384875	0.2020481526608347	0.16162759165652715	0.1574433493625993	0.2144854140605246	0.20576067434328846	0.15055601871949098
16.107382550335572	0.04730849961637527	0.2106595151943659	0.17661641308034934	0.14433471504775078	0.20928927929533148	0.1811659047539239	0.02628003021046981	0.19621935039871627	0.20204815263254303	0.16162759162356796	0.15744334939512936	0.2144854140600738	0.20576067435940426	0.15055601870891283
16.44295302013423	0.047308499624404636	0.2106595151972061	0.17661641305985024	0.14433471474047566	0.2092892773586988	0.18116590475386074	0.026280030217767213	0.1962193488302795	0.2020481526157284	0.1616275916039556	0.15744334941463914	0.21448541405991386	0.20576067436885295	0.15055601870417687
16.778523489932887	0.047308499623353685	0.2106595151967963	0.1766164130627533	0.14433471453553307	0.20928927602394065	0.18116590475388283	0.026280030216739463	0.19621934775553546	0.20204815261816197	0.16162759160680976	0.15744334941184124	0.21448541405984434	0.20576067436725323	0.15055601870113783
17.114093959731544	0.047308499613413685	0.21065951519315196	0.1766164130881471	0.1443347144017557	0.2092892751060686	0.18116590475389985	0.02628003020764715	0.19621934701960386	0.2020481526390296	0.1616275916312003	0.15744334938752558	0.21448541405979113	0.205760674355138	0.1505560186981193
17.449664429530202	0.047308499596589795	0.2106595151869685	0.1766164131307375	0.14433471431748918	0.20928927448098297	0.1811659047538719	0.026280030192354923	0.19621934651961592	0.20204815267395632	0.16162759167202437	0.15744334934670165	0.21448541405973034	0.20576067433504508	0.15055601869452123
17.78523489932886	0.047308499580403465	0.21065951518099116	0.17661641317160753	0.14433471425604108	0.20928927400703995	0.18116590475383054	0.026280030177667366	0.19621934614123593	0.2020481527074523	0.16162759171117572	0.15744334930747805	0.2144854140596876	0.20576067431581008	0.15055601869122787
18.120805369127517	0.04730849957472978	0.21065951517894776	0.1766164131861171	0.14433471417846758	0.20928927346951354	0.18116590475383537	0.02628003017247609	0.19621934571251337	0.20204815271937898	0.16162759172511865	0.1574433492936461	0.21448541405963134	0.20576067430889602	0.15055601868945617
18.456375838926174	0.047308499571432086	0.21065951517775947	0.17661641319455695	0.1443347141170861	0.20928927304702064	0.18116590475383623	0.026280030169457274	0.19621934537641275	0.20204815272631796	0.16162759173323163	0.1574433492856018	0.21448541405959146	0.205760674304866	0.15055601868820015
18.79194630872483	0.04730849957051039	0.21065951517742632	0.17661641319692714	0.14433471407189663	0.20928927273956124	0.18116590475383307	0.026280030168610927	0.1962193451329341	0.20204815272826926	0.16162759173551472	0.15744334928334522	0.21448541405956792	0.20576067430372	0.15055601868745982
19.12751677852349	0.04730849957196469	0.21065951517794826	0.17661641319322768	0.14433471404289913	0.20928927254713536	0.18116590475382588	0.02628003016993704	0.19621934498207738	0.20204815272523285	0.1616275917319679	0.15744334928687628	0.21448541405956076	0.205760674305458	0.15055601868723514
19.46308724832215	0.04730849957579498	0.21065951517932532	0.17661641318345853	0.14433471403009368	0.20928927246974297	0.1811659047538147	0.02628003017343562	0.1962193449238426	0.20204815271720877	0.16162759172259117	0.15744334929619505	0.21448541405956997	0.20576067431008002	0.15055601868752616
19.798657718120808	0.047308499582001264	0.21065951518155754	0.17661641316761972	0.14433471403348022	0.20928927250738408	0.1811659047537995	0.026280030179106663	0.1962193449582298	0.20204815270419701	0.1616275917073845	0.15744334931130152	0.2144854140595955	0.20576067431758607	0.15055601868833285
20.134228187919465	0.04730849958892887	0.21065951518404938	0.17661641314993567	0.1443347140452107	0.2092892726029699	0.18116590475378336	0.02628003018543777	0.19621934503897048	0.20204815268966844	0.16162759169040478	0.15744334932816703	0.21448541405962745	0.20576067432597098	0.15055601868934257
20.469798657718123	0.04730849958998456	0.2106595151844283	0.17661641314723908	0.14433471403401393	0.20928927252902516	0.18116590475377828	0.026280030186402632	0.19621934498170418	0.20204815268745316	0.16162759168781682	0.1574433493307392	0.21448541405962598	0.20576067432724499	0.15055601868930943
20.80536912751678	0.04730849959104868	0.21065951518481035	0.1766164131445173	0.14433471402777995	0.20928927248842955	0.18116590475377353	0.02628003018737597	0.19621934495085758	0.20204815268521645	0.1616275916852036	0.15744334933333476	0.2144854140596266	0.20576067432853395	0.15055601868934457
21.140939597315437	0.04730849959212122	0.21065951518519554	0.1766164131417703	0.14433471402650877	0.209289272481183	0.18116590475376912	0.026280030188357777	0.19621934494643062	0.20204815268295834	0.16162759168256513	0.15744334933595375	0.2144854140596293	0.2057606743298379	0.150556018689448
21.476510067114095	0.047308499593202186	0.21065951518558387	0.1766164131389981	0.14433471403020035	0.20928927250728557	0.181165904753765	0.026280030189348054	0.19621934496842333	0.20204815268067877	0.16162759167990137	0.1574433493385961	0.21448541405963406	0.20576067433115683	0.15055601868961976
21.812080536912752	0.04730849959429158	0.2106595151859753	0.17661641313620066	0.14433471403885473	0.20928927256673724	0.18116590475376126	0.026280030190346804	0.19621934501683574	0.2020481526783778	0.16162759167721238	0.1574433493412619	0.2144854140596409	0.2057606743324907	0.15055601868985982
22.14765100671141	0.047308499595389394	0.2106595151863699	0.17661641313337806	0.14433471405247186	0.20928927265953798	0.18116590475375782	0.026280030191354022	0.1962193450916678	0.20204815267605541	0.1616275916744981	0.15744334934395107	0.2144854140596498	0.20576067433383957	0.1505560186901682
22.483221476510067	0.04730849959932706	0.2106595151877832	0.1766164131232895	0.14433471405966602	0.20928927271144307	0.18116590475374417	0.026280030194959298	0.19621934513799485	0.2020481526677612	0.16162759166480567	0.15744334935356574	0.21448541405966787	0.2057606743386345	0.1505560186907524
22.818791946308725	0.04730849959905832	0.21065951518768736	0.176616413123971	0.14433471406587417	0.20928927275338036	0.1811659047537449	0.02628003019471471	0.19621934517068298	0.2020481526683203	0.16162759166545895	0.15744334935291632	0.21448541405966806	0.20576067433831507	0.1505560186907858
23.154362416107382	0.04730849959878959	0.2106595151875915	0.1766164131246525	0.14433471407208232	0.20928927279531762	0.18116590475374564	0.026280030194470116	0.19621934520337114	0.20204815266887938	0.16162759166611226	0.1574433493522669	0.21448541405966826	0.20576067433799566	0.15055601869081917
23.48993288590604	0.04730849959852086	0.21065951518749565	0.176616413125334	0.1443347140782905	0.20928927283725487	0.1811659047537464	0.026280030194225527	0.1962193452360593	0.20204815266943846	0.16162759166676557	0.15744334935161747	0.21448541405966848	0.20576067433767622	0.15055601869085253
23.8255033557047	0.047308499598252125	0.21065951518739978	0.1766164131260155	0.14433471408449863	0.20928927287919216	0.1811659047537471	0.026280030193980935	0.19621934526874743	0.20204815266999757	0.16162759166741886	0.15744334935096804	0.21448541405966867	0.2057606743373568	0.15055601869088592
24.161073825503358	0.047308499597983396	0.21065951518730391	0.176616413126697	0.14433471409070678	0.20928927292112942	0.18116590475374786	0.026280030193736346	0.1962193453014356	0.20204815267055665	0.16162759166807217	0.1574433493503186	0.21448541405966887	0.20576067433703737	0.15055601869091928
24.496644295302016	0.047308499597714666	0.21065951518720807	0.17661641312737852	0.14433471409691495	0.20928927296306668	0.1811659047537486	0.026280030193491753	0.19621934533412372	0.20204815267111573	0.16162759166872545	0.15744334934966916	0.21448541405966906	0.20576067433671796	0.15055601869095264
24.832214765100673	0.04730849959751074	0.21065951518713533	0.1766164131278957	0.14433471410165705	0.20928927299512026	0.18116590475374916	0.026280030193306145	0.19621934535910276	0.20204815267154	0.16162759166922122	0.15744334934917634	0.21448541405966923	0.20576067433647557	0.1505560186909782
25.16778523489933	0.04730849959750724	0.2106595151871341	0.1766164131279046	0.14433471410186494	0.20928927299660563	0.1811659047537492	0.026280030193302956	0.1962193453602391	0.20204815267154733	0.16162759166922977	0.15744334934916787	0.21448541405966925	0.2057606743364714	0.15055601869097948
25.503355704697988	0.04730849959750374	0.21065951518713288	0.1766164131279135	0.14433471410207283	0.209289272998091	0.1811659047537492	0.026280030193299768	0.19621934536137542	0.20204815267155463	0.16162759166923832	0.1574433493491594	0.21448541405966925	0.20576067433646725	0.15055601869098076
25.838926174496645	0.04730849959750024	0.21065951518713166	0.17661641312792242	0.14433471410228071	0.20928927299957636	0.18116590475374922	0.02628003019329658	0.19621934536251173	0.20204815267156195	0.16162759166924687	0.15744334934915094	0.21448541405966928	0.20576067433646308	0.15055601869098206
26.174496644295303	0.047308499597496736	0.21065951518713041	0.17661641312793133	0.1443347141024886	0.20928927300106173	0.18116590475374922	0.02628003019329339	0.19621934536364805	0.20204815267156925	0.16162759166925542	0.15744334934914248	0.21448541405966928	0.20576067433645892	0.15055601869098334
26.51006711409396	0.04730849959749324	0.2106595151871292	0.17661641312794024	0.14433471410269652	0.2092892730025471	0.18116590475374925	0.0262800301932902	0.19621934536478436	0.20204815267157658	0.16162759166926396	0.15744334934913404	0.21448541405966928	0.20576067433645476	0.15055601869098462
26.845637583892618	0.047308499597489735	0.21065951518712797	0.17661641312794918	0.1443347141029044	0.20928927300403244	0.18116590475374927	0.02628003019328701	0.19621934536592067	0.20204815267158388	0.1616275916692725	0.15744334934912557	0.2144854140596693	0.20576067433645062	0.1505560186909859
27.181208053691275	0.04730849959748624	0.21065951518712675	0.1766164131279581	0.1443347141031123	0.2092892730055178	0.18116590475374927	0.026280030193283822	0.19621934536705699	0.2020481526715912	0.16162759166928106	0.1574433493491171	0.2144854140596693	0.20576067433644646	0.1505560186909872
27.516778523489933	0.047308499597482734	0.2106595151871255	0.176616413127967	0.1443347141033202	0.20928927300700317	0.1811659047537493	0.026280030193280634	0.1962193453681933	0.20204815267159854	0.1616275916692896	0.15744334934910864	0.2144854140596693	0.2057606743364423	0.15055601869098847
27.85234899328859	0.04730849959747923	0.21065951518712428	0.1766164131279759	0.14433471410352808	0.20928927300848854	0.18116590475374933	0.026280030193277445	0.1962193453693296	0.20204815267160584	0.16162759166929813	0.15744334934910018	0.21448541405966934	0.20576067433643813	0.15055601869098975
28.18791946308725	0.04730849959747573	0.21065951518712306	0.17661641312798482	0.14433471410373597	0.2092892730099739	0.18116590475374933	0.026280030193274257	0.19621934537046593	0.20204815267161316	0.16162759166930668	0.1574433493490917	0.21448541405966934	0.20576067433643397	0.15055601869099103
28.52348993288591	0.04730849959747223	0.2106595151871218	0.17661641312799373	0.14433471410394386	0.20928927301145925	0.18116590475374936	0.02628003019327107	0.19621934537160224	0.20204815267162046	0.16162759166931523	0.15744334934908324	0.21448541405966937	0.2057606743364298	0.15055601869099233
28.859060402684566	0.04730849959746873	0.2106595151871206	0.17661641312800264	0.14433471410415175	0.20928927301294462	0.18116590475374936	0.02628003019326788	0.19621934537273855	0.2020481526716278	0.16162759166932378	0.15744334934907478	0.21448541405966937	0.20576067433642564	0.1505560186909936
29.194630872483224	0.04730849959746523	0.21065951518711937	0.17661641312801155	0.14433471410435963	0.20928927301442998	0.18116590475374938	0.02628003019326469	0.19621934537387486	0.20204815267163512	0.16162759166933233	0.1574433493490663	0.21448541405966937	0.20576067433642148	0.15055601869099489
29.53020134228188	0.04730849959746173	0.21065951518711815	0.17661641312802046	0.14433471410456755	0.20928927301591535	0.1811659047537494	0.0262800301932615	0.19621934537501118	0.20204815267164242	0.16162759166934088	0.15744334934905785	0.2144854140596694	0.20576067433641734	0.15055601869099616
29.86577181208054	0.047308499597458226	0.2106595151871169	0.17661641312802936	0.14433471410477544	0.20928927301740072	0.1811659047537494	0.02628003019325831	0.1962193453761475	0.20204815267164974	0.16162759166934942	0.1574433493490494	0.2144854140596694	0.20576067433641318	0.15055601869099747
30.201342281879196	0.04730849959745473	0.21065951518711568	0.17661641312803827	0.14433471410498333	0.20928927301888609	0.18116590475374944	0.026280030193255123	0.1962193453772838	0.20204815267165704	0.16162759166935797	0.15744334934904095	0.2144854140596694	0.20576067433640902	0.15055601869099874
30.536912751677853	0.047308499597451224	0.21065951518711445	0.17661641312804718	0.14433471410519122	0.20928927302037142	0.18116590475374944	0.026280030193251935	0.19621934537842012	0.20204815267166437	0.1616275916693665	0.15744334934903248	0.21448541405966942	0.20576067433640485	0.15055601869100002
30.87248322147651	0.04730849959744773	0.21065951518711323	0.17661641312805612	0.1443347141053991	0.2092892730218568	0.18116590475374947	0.026280030193248746	0.19621934537955643	0.20204815267167167	0.16162759166937504	0.15744334934902401	0.21448541405966942	0.2057606743364007	0.1505560186910013
31.20805369127517	0.04730849959744422	0.21065951518711198	0.17661641312806503	0.144334714105607	0.20928927302334216	0.1811659047537495	0.026280030193245558	0.19621934538069274	0.202048152671679	0.1616275916693836	0.15744334934901555	0.21448541405966942	0.20576067433639653	0.1505560186910026
31.543624161073826	0.047308499597440726	0.21065951518711076	0.17661641312807394	0.1443347141058149	0.20928927302482753	0.1811659047537495	0.026280030193242366	0.19621934538182906	0.20204815267168633	0.16162759166939214	0.15744334934900708	0.21448541405966945	0.20576067433639236	0.15055601869100388
31.879194630872483	0.04730849959743722	0.21065951518710954	0.17661641312808285	0.14433471410602278	0.2092892730263129	0.18116590475374952	0.026280030193239177	0.19621934538296537	0.20204815267169363	0.1616275916694007	0.15744334934899862	0.21448541405966945	0.2057606743363882	0.15055601869100516
32.214765100671144	0.047308499597433724	0.21065951518710832	0.17661641312809176	0.14433471410623067	0.20928927302779826	0.18116590475374955	0.02628003019323599	0.19621934538410168	0.20204815267170095	0.16162759166940924	0.15744334934899015	0.21448541405966948	0.20576067433638406	0.15055601869100643
32.5503355704698	0.04730849959743022	0.21065951518710707	0.17661641312810067	0.14433471410643858	0.2092892730292836	0.18116590475374955	0.0262800301932328	0.196219345385238	0.20204815267170825	0.16162759166941779	0.1574433493489817	0.21448541405966948	0.2057606743363799	0.15055601869100774
32.88590604026846	0.04730849959742672	0.21065951518710585	0.17661641312810958	0.14433471410664647	0.20928927303076897	0.18116590475374958	0.026280030193229612	0.1962193453863743	0.20204815267171558	0.16162759166942633	0.15744334934897325	0.21448541405966948	0.20576067433637574	0.150556018691009
33.22147651006711	0.04730849959742322	0.21065951518710463	0.1766164131281185	0.14433471410685436	0.20928927303225434	0.18116590475374958	0.026280030193226424	0.19621934538751062	0.20204815267172288	0.16162759166943488	0.15744334934896478	0.2144854140596695	0.20576067433637157	0.1505560186910103
