NON $ % + - . 0
#NON	a	c	f	e	b	d
0.0	0.1451576423897074	0.2815645834567754	0.5414726836730804	0.3665287807124775	0.2447999028461968	0.428613660044329
0.33557046979865773	0.2050806867070942	0.2351353365307779	0.22817680499707477	0.2608693784601197	0.1178175247756973	0.3374381763272185
0.6711409395973155	0.2015321448595486	0.18566806321041732	0.10350390292746031	0.18252758993993348	0.059262208215868854	0.26468614109569094
1.0067114093959733	0.1767766829298035	0.14330820814877748	0.05122644827438186	0.1280464806693167	0.031056739640473355	0.2095818829468339
1.342281879194631	0.14839022997061643	0.11013995450006042	0.027777707874765925	0.09127622863895678	0.01693102239203287	0.16856033144457025
1.6778523489932886	0.12292004044003757	0.0853137080752262	0.016384947420480574	0.06675329209886602	0.009595045144523584	0.13821245993239387
2.0134228187919465	0.10204949648838497	0.06710267601215691	0.010368274068593739	0.0503300466667841	0.00565212144754933	0.11564985121971293
2.348993288590604	0.08555137684522045	0.05379045897314754	0.006937849810627697	0.03913517286420846	0.0034617846228522106	0.09861760419979378
2.684563758389262	0.07263812579523632	0.043985782224300614	0.00485359006671704	0.03130083793419868	0.002205114432010976	0.0854868785580031
3.0201342281879198	0.06250209442774157	0.03666473141440301	0.0035225353239933593	0.025655634050579978	0.0014606960532001702	0.07514489699207143
3.3557046979865772	0.05448059601952662	0.03110939199090534	0.002639054806559853	0.021474197979955176	0.0010055123089437639	0.06685026883126415
3.691275167785235	0.04807201077690498	0.026826188711204017	0.0020344134644977004	0.01830358008412599	0.0007183530144933349	0.06010630545562406
4.026845637583893	0.04290629045047263	0.02347588640948387	0.0016099560158713993	0.015853811431967554	0.0005315938235664163	0.05457022428665267
4.3624161073825505	0.03871029697511992	0.020822575991116515	0.001305368493290637	0.013932833308590525	0.000406538567126944	0.04999536787084031
4.697986577181208	0.03527987411521206	0.01869913245688044	0.001082473703841342	0.012408725890850297	0.00032046737833281934	0.04619679845504302
5.033557046979866	0.03245985853132161	0.016984635187391153	0.0009164324771226833	0.011187809228243906	0.00025969497719768175	0.0430311333017682
5.369127516778524	0.03013045322936674	0.015589799026367068	0.0007907143323172917	0.010201727003660833	0.00021576788972160592	0.040384640705433246
5.704697986577181	0.028197962122377403	0.014447506440795165	0.0006941004806139924	0.00939955017983191	0.00018333422226591163	0.0381658397799734
6.0402684563758395	0.026588373652922888	0.013506543392245619	0.0006188410471993996	0.008742736117113074	0.00015892413784778897	0.03630056126066307
6.375838926174497	0.025242781615795087	0.012727347004518469	0.0005594931464344876	0.008201763113263105	0.0001402360408481625	0.03472839373332401
6.7114093959731544	0.02411402083242695	0.012079042109432168	0.0005121737869621828	0.007753797764468343	0.00012570979465185658	0.03339998047266173
7.046979865771813	0.023164132915692533	0.011537323066473395	0.0004740710086761102	0.0073810296532670775	0.00011426597426452878	0.03227489038507654
7.38255033557047	0.022362424063030427	0.011082907958223117	0.000443119055703769	0.007069457806072042	0.00010514323121965992	0.03131991378314426
7.718120805369128	0.02168396086593162	0.010700392420230201	0.00041777950395226784	0.006807994268429549	9.779482658546607e-05	0.030507691765432828
8.053691275167786	0.021108396493079218	0.010377388359668614	0.00039689164878276836	0.006587794852189366	9.182147979319128e-05	0.029815612759136127
8.389261744966444	0.020619052408310398	0.010103871761976689	0.0003795690510725387	0.006401756522828789	8.692705627330541e-05	0.0292249252766025
8.724832214765101	0.020202193137932506	0.009871681682248959	0.0003651266926769448	0.006244135301697048	8.288865210497333e-05	0.028720022391181238
9.060402684563758	0.019846460963759263	0.009674138379237298	0.0003530296499300447	0.006110258220001197	7.953626966596571e-05	0.02828787607205151
9.395973154362416	0.019542419192925754	0.009505742738830099	0.0003428557715602123	0.005996298309954787	7.673861163713812e-05	0.027917562833719316
9.731543624161075	0.019282201841080343	0.009361947415046382	0.00033426895359861173	0.005899106343872116	7.439310129775396e-05	0.027599910445939686
10.067114093959733	0.019059220533231423	0.009238971992661086	0.0003269991246409753	0.0058160742854601885	7.241878012749647e-05	0.027327173996332308
10.40268456375839	0.018867948457891696	0.009133664817148236	0.0003208278922693805	0.005745036414686233	7.075115314695889e-05	0.027092821947906645
10.738255033557047	0.018703719745102404	0.009043380666276054	0.00031557677743785127	0.005684180255081967	6.933826904699943e-05	0.026891303811790043
11.073825503355705	0.01856259055122345	0.008965894816875902	0.0003110992758136717	0.00563198581875434	6.813800635676192e-05	0.026717906036299324
11.409395973154362	0.018441229549955744	0.008899337066471818	0.00030727494568807517	0.005587178158265143	6.711614925059623e-05	0.026568625801527693
11.74496644295302	0.018336808737454434	0.008842125012351433	0.0003040035976435757	0.005548681460920492	6.624448888310412e-05	0.02644005642748952
12.080536912751679	0.018246916680540695	0.008792913448025925	0.00030120160579126363	0.005515583237998763	6.549963364953234e-05	0.026329292015132143
12.416107382550337	0.01816949163618351	0.008750557511628848	0.00029879867298074776	0.005487106214584204	6.48621887424152e-05	0.026233817411178226
12.751677852348994	0.018102777624568495	0.008714083881706785	0.0002967358685350938	0.005462591748864002	6.431596498257984e-05	0.026151495944542892
13.087248322147651	0.018045274337912122	0.008682662919907182	0.00029496366853659997	0.0054414790420086205	6.384742236317361e-05	0.02608050065244212
13.422818791946309	0.017995696001456247	0.008655584922967967	0.00029344005307340587	0.005423288914307104	6.344513598142455e-05	0.026019261968821508
13.758389261744966	0.017952940028869647	0.008632242429386167	0.00029212930123080687	0.005407611492215398	6.309945100880833e-05	0.025966429167241838
14.093959731543626	0.017916061069114846	0.008612115486357444	0.0002910010937701877	0.005394096167768966	6.28022080804711e-05	0.025920842134100546
14.429530201342283	0.017884244494291258	0.008594756607326864	0.00029002952676672933	0.0053824413997539365	6.254645609507071e-05	0.025881500665622937
14.76510067114094	0.017856788179227895	0.008579780500344275	0.00028919241335230986	0.005372387741812432	6.232625850824218e-05	0.02584754194582196
15.100671140939598	0.017833090112111302	0.008566857185215857	0.00028847084788927575	0.005363713132134244	6.213657459543815e-05	0.02581822501177136
15.436241610738255	0.017812634107119904	0.008555704025426948	0.0002878487200784724	0.0053562274501702265	6.197312170610273e-05	0.025792913734582028
15.771812080536913	0.017794975990185518	0.008546077990598517	0.00028731223178813216	0.005349767288036322	6.183223878267416e-05	0.025771060459941385
16.107382550335572	0.017779731660515892	0.008537769020342496	0.00028684949380594973	0.005344191430160273	6.171077388502497e-05	0.025752191600632978
16.44295302013423	0.017766570277417144	0.008530596266854856	0.0002864502899872914	0.00533937836306337	6.16060235926172e-05	0.02573589894561986
16.778523489932887	0.017755206178639748	0.008524403662618496	0.0002861058264640527	0.005335223230179285	6.151566394956562e-05	0.02572182979799676
17.114093959731544	0.01774539171064625	0.008519055955060039	0.0002858084895362562	0.005331635175898795	6.143768579909414e-05	0.025709678105971474
17.449664429530202	0.017736915463875746	0.008514437785453499	0.0002855518149441296	0.005328536722859076	6.137038706583883e-05	0.025699182380828516
17.78523489932886	0.017729594554680345	0.008510449370787862	0.00028533021627150367	0.00532586087100734	6.131229718799558e-05	0.025690116462504263
18.120805369127517	0.017723271381611987	0.008507004748573336	0.0002851388928276287	0.005323549913906171	6.126215312297548e-05	0.025682285505714598
18.456375838926174	0.01771781014634816	0.00850402983989075	0.000284973705591757	0.005321554138960172	6.12188657870489e-05	0.025675521677849655
18.79194630872483	0.017713094526066623	0.008501461228523327	0.0002848311187718656	0.005319830984440811	6.118150656123959e-05	0.025669681017874764
19.12751677852349	0.017709021405752624	0.008499242650527464	0.00028470798411229896	0.005318342696138004	6.114924662058532e-05	0.025664636112629292
19.46308724832215	0.01770550471802413	0.008497327215383835	0.00028460169437654264	0.005317057800379089	6.112140240149835e-05	0.0256602803278741
19.798657718120808	0.01770246627057289	0.008495672292120744	0.000284509867282165	0.005315947670608499	6.10973482644627e-05	0.025656516786671718
20.134228187919465	0.017699842178935853	0.00849424307999544	0.0002844305711126377	0.005314988957594017	6.107657780690614e-05	0.025653266395500394
20.469798657718123	0.017697574270098864	0.008493007898318418	0.00028436204620900903	0.005314160388700964	6.105863011763717e-05	0.025650457012099233
20.80536912751678	0.017695614968371638	0.008491940821320789	0.00028430285205118677	0.00531344457957883	6.104312733490993e-05	0.025648029789255917
21.140939597315437	0.017693921684470343	0.008491018648661369	0.0002842517036258434	0.0053128259773542325	6.10297325854905e-05	0.025645932074009364
21.476510067114095	0.01769245887474197	0.00849022201421348	0.00028420752393171363	0.005312291590678202	6.101816357899321e-05	0.025644119838586624
21.812080536912752	0.01769119501374712	0.008489533727027907	0.00028416935625199933	0.005311829901989562	6.1008169013132065e-05	0.025642554152786472
22.14765100671141	0.01769010356468299	0.008488939338362003	0.0002841363988279688	0.005311431211347105	6.099953903651494e-05	0.02564120209394821
22.483221476510067	0.01768916059041027	0.008488425802613268	0.0002841079235046557	0.005311086758579266	6.099208268035574e-05	0.025640033966746214
22.818791946308725	0.017688347223382642	0.00848798284876516	0.0002840833646309201	0.005310789664694728	6.098565184731416e-05	0.025639026475583235
23.154362416107382	0.01768764489536959	0.008487600370744064	0.00028406216003997267	0.0053105331314601085	6.0980099474942866e-05	0.025638156513485017
23.48993288590604	0.01768703795236698	0.0084872698470093	0.0002840438364840117	0.005310311433821312	6.0975301738087686e-05	0.025637404637552645
23.8255033557047	0.01768651477342387	0.008486984929055492	0.0002840280390078919	0.005310120334553766	6.0971165252882256e-05	0.02563675655460855
24.161073825503358	0.0176860622657496	0.008486738488321193	0.00028401437141779915	0.005309955046647021	6.0967586372935844e-05	0.025636196006957712
24.496644295302016	0.017685671414448465	0.008486525631472225	0.00028400256554380243	0.005309812270911819	6.0964495150094166e-05	0.0256357117575579
24.832214765100673	0.017685333551859892	0.008486341651423505	0.00028399236339712674	0.005309688837200359	6.09618242387039e-05	0.025635293021533133
25.16778523489933	0.017685040694413918	0.008486182205545359	0.00028398352609838683	0.00530958183077064	6.095951114536795e-05	0.025634929913974633
25.503355704697988	0.017684787740949375	0.008486044472900592	0.0002839758901021847	0.00530948941633082	6.095751232047458e-05	0.025634616372484303
25.838926174496645	0.017684568927293823	0.00848592530050599	0.00028396928004029945	0.005309409504866035	6.095578153839753e-05	0.025634345398297124
26.174496644295303	0.017684379661540187	0.00848582220834051	0.0002839635610301284	0.005309340397726767	6.0954283833231535e-05	0.025634111124383272
26.51006711409396	0.017684215873578612	0.008485733025818622	0.00028395861815513603	0.005309280561097815	6.095298992284533e-05	0.025633908112626468
26.845637583892618	0.01768407378568703	0.008485655709942998	0.0002839543393088754	0.005309228595106303	6.095187068331227e-05	0.02563373152943929
27.181208053691275	0.017683951490129905	0.008485589135420636	0.00028395065298021655	0.005309183907195073	6.095090587626458e-05	0.02563357987200643
27.516778523489933	0.01768384603037213	0.008485531666875894	0.00028394746547735	0.0053091454522214065	6.0950070542528075e-05	0.02563344976648588
27.85234899328859	0.017683755180083305	0.008485482125521335	0.00028394471435104875	0.0053091123694570565	6.094934895182785e-05	0.02563333805936167
28.18791946308725	0.017683676727742677	0.008485439402494507	0.0002839423471550891	0.005309083719936566	6.094872910115665e-05	0.025633240920051606
28.52348993288591	0.017683608714150357	0.008485402377330488	0.00028394029510679756	0.0053090588517086465	6.094819210883855e-05	0.02563315644044547
28.859060402684566	0.017683549819186115	0.00848537032914162	0.00028393851918499823	0.0053090372938937565	6.0947727654770895e-05	0.02563308308816761
29.194630872483224	0.017683498966154447	0.008485342663304706	0.0002839369870741887	0.005309018675276698	6.094732704469578e-05	0.02563301972344665
29.53020134228188	0.01768345483261368	0.008485318637793103	0.0002839356551697281	0.005309002540897176	6.0946978498620104e-05	0.025632964937324452
29.86577181208054	0.01768341649582177	0.008485297767118457	0.0002839344980287551	0.005308988527614161	6.094667567086549e-05	0.02563291736514661
30.201342281879196	0.01768338323553251	0.008485279659557086	0.00028393349412939793	0.005308976371494582	6.094641293119925e-05	0.02563287610492945
30.536912751677853	0.01768335453452134	0.008485264020365552	0.00028393262627926774	0.005308965903480413	6.094618552694555e-05	0.025632840679907218
30.87248322147651	0.017683329527049714	0.008485250391639358	0.00028393186983132374	0.005308956785812205	6.0945987275013675e-05	0.025632809839549794
31.20805369127517	0.01768330786669031	0.008485238586294047	0.00028393121452655664	0.0053089488886701825	6.094581552207269e-05	0.02563278312544453
31.543624161073826	0.017683289329226158	0.008485228485868888	0.0002839306540191	0.005308942123431802	6.0945668680878565e-05	0.025632760201927982
31.879194630872483	0.01768327315082384	0.008485219668295648	0.00028393016458272684	0.0053089362233753505	6.0945540408358105e-05	0.02563274023128185
32.214765100671144	0.01768325922984895	0.008485212084016553	0.00028392974379754936	0.005308931141600763	6.09454301864728e-05	0.02563272300579862
32.5503355704698	0.017683247316547662	0.008485205598430752	0.00028392938428074084	0.005308926785042847	6.0945336107948406e-05	0.025632708202267592
32.88590604026846	0.017683236768017647	0.008485199852519873	0.0002839290656203322	0.005308922932134784	6.094525265865926e-05	0.025632695129121533
33.22147651006711	0.01768322763586146	0.00848519487956581	0.00028392878994489836	0.005308919594637831	6.0945180492135615e-05	0.025632683796280437
