NON $ % + - . 0 1 2
#NON	f	c	e	b	g	d	a	h
0.0	0.7690112293971454	0.1796389414168723	0.1743631898290573	0.8587043194468185	0.21877679386421356	0.6245684890000807	0.704858497699801	0.4615290962100044
0.33557046979865773	0.5437848963939382	0.16642008139524425	0.17224124275140576	0.550692114952748	0.16686656158643154	0.33901886253085245	0.5043519597759683	0.24814905331158277
0.6711409395973155	0.39163935690909885	0.1475269286258682	0.1644414257221533	0.38473281675501925	0.13119485313927914	0.20638894464060772	0.36935919650787563	0.15037952525262868
1.0067114093959733	0.2891244090324718	0.12938890735158376	0.15457068430463455	0.2914099302597378	0.10643660657648185	0.1414997599643168	0.27759299054127073	0.1024270973546473
1.342281879194631	0.22029482357658697	0.11459072103705684	0.1450817440812372	0.23682090167292094	0.08963779423243796	0.10807348082330123	0.2150211433701154	0.0768278302495994
1.6778523489932886	0.17412634261367102	0.10360527799894206	0.13719790747659918	0.20363658644862806	0.07858162434741547	0.09009166990038325	0.1724375834130157	0.06196568484615897
2.0134228187919465	0.1430862384040222	0.09595832269197985	0.13125188803488913	0.18267927808980672	0.07152003355527495	0.0801184642451418	0.1436055922776145	0.05275041844838159
2.348993288590604	0.12212656125863654	0.09089019277941766	0.12708388063813789	0.16897863403634839	0.06713704807247942	0.07449645647236945	0.12422278653290487	0.046796831378171255
2.684563758389262	0.10791017907675136	0.08766804005975679	0.1243372983456063	0.1597842069664098	0.06449424736185815	0.07131992997078145	0.11130086831222424	0.04287495427596256
3.0201342281879198	0.09823833538479673	0.08569827247713147	0.12262998695170162	0.15352001911584973	0.06295085823051212	0.06954497692386172	0.10276507921944833	0.04028065554441623
3.3557046979865772	0.09165373188744678	0.08454266212577684	0.12163279018009576	0.14923395466476877	0.062083670671618955	0.06857794441582536	0.097181573503423	0.03857384822099164
3.691275167785235	0.087179281897424	0.08389654824099313	0.12109330809031273	0.14631398920409172	0.0616207148091061	0.06807339392367816	0.0935665077487809	0.037463322364713225
4.026845637583893	0.08415143252704226	0.08355746080599517	0.1208325955482795	0.14434483823053684	0.06139158000040785	0.06782853496474844	0.09125071626787506	0.03675103710660696
4.3624161073825505	0.08211482151617085	0.08339588863808325	0.12073139039805426	0.14303498279692964	0.061292240945470505	0.06772477407227509	0.08978352411029306	0.03630151640155934
4.697986577181208	0.0807550481108079	0.08333193628178258	0.12071449518422134	0.1421772275542797	0.061261036322326066	0.06769380428390419	0.0888645993871155	0.0360227340940731
5.033557046979866	0.07985471981724514	0.08331811280090819	0.1207370478930679	0.1416248216616202	0.06126266000835677	0.06769730458723061	0.08829596891958116	0.03585303524700794
5.369127516778524	0.07926393032333473	0.08332736627611396	0.12077392808565657	0.1412751668232483	0.061277781505937524	0.06771462043041024	0.08794859474686885	0.03575180488795526
5.704697986577181	0.0788798947560403	0.08334508412010755	0.12081219583489136	0.14105776988928662	0.06129645245685876	0.06773527144856474	0.08773932122533014	0.035692765090342665
6.0402684563758395	0.07863268157637872	0.08336394337512583	0.12084602388416865	0.1409251124775928	0.061314031421051025	0.06775445069775123	0.08761517768457086	0.03565922413347439
6.375838926174497	0.07847514276146438	0.08338071067698723	0.12087347977815138	0.14084577919921118	0.061328738126833496	0.06777037239793864	0.08754282320066946	0.03564077580369547
6.7114093959731544	0.0783757877068345	0.08339431417747772	0.12089457589042626	0.14079938506606113	0.06134022734235078	0.0677827464157258	0.08750151426960269	0.035631050507000384
7.046979865771813	0.07831380275628473	0.0834047417706772	0.1209101668714074	0.14077294839396515	0.061348802783069735	0.06779194710944028	0.08747852108457577	0.03562622849772503
7.38255033557047	0.07827557185897877	0.08341242336272786	0.12092135125607739	0.14075835746458978	0.06135499238201173	0.06779856801684377	0.0874661349407686	0.03562406892784003
7.718120805369128	0.07825227763726296	0.08341791424935954	0.12092918360468247	0.14075063382860553	0.0613593442023877	0.06780321161060485	0.08745975590216955	0.035623287115086506
8.053691275167786	0.07823827106185924	0.08342174603188679	0.12093455921965286	0.14074678326481582	0.06136233868979815	0.06780639998035656	0.08745668716543614	0.035623170470996175
8.389261744966444	0.0782299724380399	0.08342436668624709	0.12093818431099249	0.1407450436807376	0.061364361578616244	0.06780854984772673	0.08745537747468485	0.03562333634648051
8.724832214765101	0.07822513854486593	0.08342612806038797	0.1209405908955764	0.14074440253704193	0.061365705998511946	0.06780997613628918	0.08745495682571273	0.03562359202180804
9.060402684563758	0.07822237635577062	0.0834272934313041	0.12094216545106952	0.14074429347829012	0.06136658628952058	0.06781090855733735	0.08745494870532358	0.03562384608603631
9.395973154362416	0.07822083678007637	0.08342805358626985	0.12094318194627336	0.14074441543415514	0.06136715478887031	0.06781150983290118	0.08745510626943258	0.03562406309141048
9.731543624161075	0.0782200043431091	0.0834285428698328	0.12094382963308843	0.14074461078371805	0.06136751715391624	0.06781189242127572	0.08745530680894263	0.03562423445495987
10.067114093959733	0.07821957521080086	0.08342885286571637	0.12094423597727469	0.14074480945233445	0.061367744476529526	0.06781213211232841	0.08745549526653831	0.035624362365908824
10.40268456375839	0.07821936599166589	0.08342904707744289	0.12094448806174078	0.1407449793453898	0.061367885490543714	0.06781228055218827	0.08745565086442382	0.03562445450650196
10.738255033557047	0.07821927429594082	0.08342916716036732	0.12094464233281768	0.14074511342879012	0.061367971776390536	0.06781237122897497	0.08745577084418166	0.035624519072211036
11.073825503355705	0.07821924091439748	0.08342924153733337	0.12094473690088521	0.14074521474966303	0.06136802465160094	0.0678124267035881	0.08745585997130435	0.03562456378664782
11.409395973154362	0.0782192390363988	0.08342928540167359	0.1209447919096051	0.14074528839437853	0.061368055397941386	0.06781245888426018	0.08745592384309099	0.035624593784776365
11.74496644295302	0.07821924974338204	0.08342931070051669	0.12094482312857927	0.1407453401548222	0.06136807283791843	0.06781247708714741	0.0874559681871576	0.03562461349085198
12.080536912751679	0.07821926219633529	0.08342932530668912	0.12094484088142742	0.1407453750863205	0.06136808274648704	0.06781248740279723	0.08745599780808747	0.03562462615453898
12.416107382550337	0.07821927292176889	0.08342933375645126	0.12094485099780443	0.14074539816889506	0.06136808838660461	0.06781249325942997	0.08745601721634487	0.03562463420983106
12.751677852348994	0.0782192818210882	0.08342933845165344	0.12094485648980083	0.1407454133590724	0.06136809144492253	0.06781249642139135	0.08745602989450424	0.03562463929527422
13.087248322147651	0.07821928880498408	0.08342934095617212	0.12094485932063319	0.14074542325649586	0.06136809301889092	0.06781249803780522	0.08745603809862182	0.03562464247178198
13.422818791946309	0.0782192939847079	0.08342934223626337	0.12094486069663368	0.1407454296164533	0.06136809378177808	0.06781249881335995	0.08745604333109197	0.035624644429225
13.758389261744966	0.0782192976902828	0.0834293428451429	0.12094486129652637	0.14074543364918898	0.061368094112430084	0.06781249914316657	0.08745604662247593	0.03562464561801951
14.093959731543626	0.07821930030697152	0.08342934309116848	0.12094486148960545	0.14074543618687818	0.061368094216966027	0.06781249924113404	0.08745604867623623	0.0356246463309425
14.429530201342283	0.07821930208606805	0.08342934313522402	0.12094486146634617	0.1407454377045378	0.06136809420163384	0.06781249921729239	0.08745604989178095	0.03562464673110521
14.76510067114094	0.07821930325553997	0.08342934311173712	0.12094486138512878	0.1407454386142058	0.061368094154730816	0.06781249916301187	0.08745605061452288	0.03562464695851068
15.100671140939598	0.07821930399992012	0.08342934307972322	0.12094486131184384	0.14074543916549256	0.06136809411284069	0.0678124991157897	0.08745605105045459	0.03562464709199598
15.436241610738255	0.07821930446994528	0.08342934305000838	0.12094486125355101	0.1407454394985925	0.061368094079680406	0.0678124990789106	0.08745605131241922	0.03562464717002816
15.771812080536913	0.07821930476286343	0.08342934302436325	0.12094486120826888	0.14074543969501022	0.06136809405399407	0.06781249905067359	0.0874560514655406	0.035624647213843307
16.107382550335572	0.07821930504128152	0.08342934300097446	0.12094486116644032	0.14074543988317031	0.06136809403026882	0.06781249902454299	0.08745605161254838	0.03562464725621244
16.44295302013423	0.07821930530964631	0.08342934297976173	0.12094486112776148	0.14074544006653822	0.06136809400833133	0.06781249900031451	0.08745605175621998	0.03562464729801894
16.778523489932887	0.07821930550918578	0.08342934296181877	0.12094486109629339	0.14074544019936097	0.061368093990496045	0.06781249898071509	0.08745605185988056	0.03562464732760101
17.114093959731544	0.0782193056398999	0.08342934294714555	0.12094486107203604	0.14074544028163855	0.06136809397676298	0.06781249896574475	0.08745605192353015	0.03562464734495868
17.449664429530202	0.07821930570178869	0.08342934293574207	0.12094486105498946	0.14074544031337097	0.06136809396713212	0.06781249895540348	0.08745605194716873	0.03562464735009193
17.78523489932886	0.07821930569485214	0.08342934292760834	0.12094486104515362	0.1407454402945582	0.06136809396160348	0.06781249894969127	0.08745605193079628	0.03562464734300077
18.120805369127517	0.07821930561909025	0.08342934292274436	0.12094486104252852	0.1407454402252003	0.061368093960177054	0.06781249894860814	0.08745605187441284	0.0356246473236852
18.456375838926174	0.07821930561192038	0.08342934291736416	0.12094486103613743	0.14074544021066362	0.06136809395658741	0.06781249894491205	0.08745605186191252	0.035624647318456354
18.79194630872483	0.07821930563416601	0.0834293429125471	0.12094486102910972	0.14074544022090915	0.06136809395262077	0.06781249894066765	0.08745605186937785	0.03562464731981317
19.12751677852349	0.07821930563821916	0.0834293429096048	0.12094486102524825	0.14074544021943286	0.06136809395044779	0.06781249893838392	0.08745605186774386	0.03562464731864019
19.46308724832215	0.07821930562407983	0.08342934290853728	0.12094486102455303	0.14074544020623478	0.06136809395006846	0.06781249893806086	0.08745605185701052	0.03562464731493742
19.798657718120808	0.07821930559174803	0.08342934290934452	0.12094486102702408	0.14074544018131488	0.06136809395148278	0.06781249893969847	0.08745605183717786	0.03562464730870484
20.134228187919465	0.07821930554122374	0.08342934291202653	0.12094486103266136	0.14074544014467316	0.06136809395469075	0.06781249894329675	0.08745605180824587	0.035624647299942476
20.469798657718123	0.07821930547250695	0.08342934291658331	0.1209448610414649	0.14074544009630963	0.06136809395969237	0.0678124989488557	0.08745605177021454	0.035624647288650314
20.80536912751678	0.078219305447238	0.08342934291050469	0.12094486103500239	0.1407454400659185	0.06136809395608509	0.06781249894522305	0.08745605174497774	0.03562464727917038
21.140939597315437	0.07821930542696592	0.08342934291429545	0.12094486104066206	0.1407454400556471	0.061368093959278856	0.06781249894865554	0.08745605173731036	0.03562464727751753
21.476510067114095	0.07821930540669383	0.08342934291808622	0.12094486104632171	0.14074544004537573	0.06136809396247263	0.06781249895208803	0.08745605172964296	0.035624647275864695
21.812080536912752	0.07821930538642174	0.08342934292187698	0.12094486105198136	0.14074544003510434	0.0613680939656664	0.06781249895552054	0.08745605172197557	0.03562464727421185
22.14765100671141	0.07821930536614966	0.08342934292566774	0.12094486105764102	0.14074544002483294	0.061368093968860164	0.06781249895895303	0.08745605171430819	0.03562464727255901
22.483221476510067	0.07821930534587757	0.08342934292945851	0.12094486106330067	0.14074544001456155	0.061368093972053936	0.06781249896238552	0.0874560517066408	0.03562464727090617
22.818791946308725	0.07821930532560548	0.08342934293324927	0.12094486106896034	0.14074544000429015	0.06136809397524771	0.06781249896581801	0.0874560516989734	0.03562464726925333
23.154362416107382	0.07821930532419197	0.08342934293355848	0.12094486106941144	0.14074544000364717	0.06136809397550197	0.06781249896609044	0.08745605169850307	0.03562464726916832
23.48993288590604	0.07821930532362607	0.08342934293371122	0.12094486106962843	0.14074544000343692	0.06136809397562413	0.06781249896622084	0.0874560516983562	0.03562464726915379
23.8255033557047	0.07821930532306019	0.08342934293386395	0.12094486106984542	0.14074544000322667	0.06136809397574628	0.06781249896635123	0.08745605169820934	0.03562464726913926
24.161073825503358	0.0782193053224943	0.08342934293401667	0.1209448610700624	0.14074544000301642	0.06136809397586843	0.06781249896648162	0.08745605169806249	0.03562464726912473
24.496644295302016	0.0782193053219284	0.0834293429341694	0.1209448610702794	0.14074544000280617	0.061368093975990586	0.06781249896661201	0.08745605169791562	0.0356246472691102
24.832214765100673	0.07821930532136251	0.08342934293432214	0.12094486107049639	0.1407454400025959	0.06136809397611274	0.06781249896674241	0.08745605169776877	0.035624647269095665
25.16778523489933	0.07821930532079661	0.08342934293447486	0.12094486107071338	0.14074544000238565	0.0613680939762349	0.0678124989668728	0.0874560516976219	0.035624647269081135
25.503355704697988	0.07821930532023072	0.08342934293462759	0.12094486107093037	0.1407454400021754	0.06136809397635705	0.0678124989670032	0.08745605169747504	0.035624647269066605
25.838926174496645	0.07821930531966483	0.08342934293478031	0.12094486107114737	0.14074544000196515	0.0613680939764792	0.06781249896713358	0.08745605169732819	0.035624647269052075
26.174496644295303	0.07821930531909893	0.08342934293493305	0.12094486107136435	0.1407454400017549	0.061368093976601354	0.06781249896726398	0.08745605169718132	0.035624647269037545
26.51006711409396	0.07821930531853304	0.08342934293508578	0.12094486107158134	0.14074544000154462	0.06136809397672351	0.06781249896739437	0.08745605169703446	0.035624647269023015
26.845637583892618	0.07821930531796714	0.0834293429352385	0.12094486107179833	0.14074544000133438	0.061368093976845665	0.06781249896752477	0.0874560516968876	0.035624647269008484
27.181208053691275	0.07821930531740125	0.08342934293539123	0.12094486107201532	0.14074544000112413	0.06136809397696782	0.06781249896765516	0.08745605169674074	0.03562464726899395
27.516778523489933	0.07821930531683535	0.08342934293554397	0.12094486107223232	0.14074544000091388	0.06136809397708997	0.06781249896778556	0.08745605169659389	0.03562464726897942
27.85234899328859	0.07821930531626946	0.08342934293569669	0.12094486107244931	0.14074544000070363	0.06136809397721212	0.06781249896791594	0.08745605169644702	0.03562464726896489
28.18791946308725	0.07821930531570356	0.08342934293584942	0.12094486107266629	0.14074544000049335	0.06136809397733428	0.06781249896804634	0.08745605169630016	0.03562464726895036
28.52348993288591	0.07821930531513767	0.08342934293600214	0.12094486107288328	0.1407454400002831	0.061368093977456434	0.06781249896817673	0.0874560516961533	0.03562464726893583
28.859060402684566	0.07821930531457177	0.08342934293615488	0.12094486107310028	0.14074544000007286	0.061368093977578586	0.06781249896830713	0.08745605169600644	0.0356246472689213
29.194630872483224	0.07821930531400588	0.0834293429363076	0.12094486107331727	0.1407454399998626	0.06136809397770074	0.06781249896843752	0.08745605169585959	0.03562464726890677
29.53020134228188	0.07821930531343999	0.08342934293646033	0.12094486107353426	0.14074543999965236	0.06136809397782289	0.06781249896856792	0.08745605169571272	0.03562464726889223
29.86577181208054	0.07821930531287409	0.08342934293661305	0.12094486107375126	0.14074543999944208	0.06136809397794505	0.0678124989686983	0.08745605169556586	0.0356246472688777
30.201342281879196	0.0782193053123082	0.0834293429367658	0.12094486107396824	0.14074543999923184	0.0613680939780672	0.0678124989688287	0.08745605169541901	0.03562464726886317
30.536912751677853	0.0782193053117423	0.08342934293691852	0.12094486107418523	0.1407454399990216	0.061368093978189354	0.06781249896895909	0.08745605169527214	0.03562464726884864
30.87248322147651	0.07821930531117641	0.08342934293707124	0.12094486107440222	0.14074543999881134	0.06136809397831151	0.06781249896908949	0.08745605169512528	0.03562464726883411
31.20805369127517	0.07821930531061051	0.08342934293722398	0.12094486107461921	0.1407454399986011	0.061368093978433666	0.06781249896921988	0.08745605169497842	0.03562464726881958
31.543624161073826	0.07821930531004462	0.08342934293737671	0.12094486107483621	0.14074543999839084	0.06136809397855582	0.06781249896935027	0.08745605169483156	0.03562464726880505
31.879194630872483	0.07821930530947872	0.08342934293752943	0.1209448610750532	0.14074543999818057	0.06136809397867797	0.06781249896948066	0.0874560516946847	0.03562464726879051
32.214765100671144	0.07821930530891283	0.08342934293768216	0.12094486107527018	0.14074543999797032	0.06136809397880012	0.06781249896961106	0.08745605169453784	0.03562464726877598
32.5503355704698	0.07821930530834693	0.0834293429378349	0.12094486107548717	0.14074543999776007	0.061368093978922275	0.06781249896974145	0.08745605169439098	0.03562464726876145
32.88590604026846	0.07821930530778104	0.08342934293798762	0.12094486107570417	0.14074543999754982	0.061368093979044434	0.06781249896987185	0.08745605169424411	0.03562464726874692
33.22147651006711	0.07821930530721515	0.08342934293814035	0.12094486107592116	0.14074543999733957	0.06136809397916659	0.06781249897000224	0.08745605169409726	0.03562464726873239
