NON $ % + - . 0 1 2 3
#NON	g	d	f	c	b	e	h	a	i
0.0	0.6661689666769588	0.6254383417357127	0.33122784577337516	0.11259618041911179	0.27484145162906004	0.806181322269606	0.6097268503155351	0.5294104741428295	0.8938670896321302
0.33557046979865773	0.475845227740164	0.27657848252646516	0.28236638439188305	0.18646304286642887	0.2525173490117789	0.4565220117780148	0.47275101365450956	0.3885689748210305	0.5662356359666528
0.6711409395973155	0.392380230275245	0.1328730803558748	0.2450460252615298	0.21160794631229962	0.24073678781381447	0.30521633689261346	0.36579689788881437	0.31386180133593883	0.41214311088490024
1.0067114093959733	0.3553388394481379	0.07084782524867321	0.21937012522417773	0.21950373261114653	0.23445598171221846	0.2394115163954145	0.28315753997521065	0.27418487076679826	0.33938589674249764
1.342281879194631	0.3386812101175431	0.04256583073993362	0.20324852322628031	0.22158001365173244	0.2310876856418412	0.2106200541359518	0.2199693467118843	0.2530926803551877	0.30488944880173285
1.6778523489932886	0.33108110010201125	0.028888239683072282	0.1938260891580361	0.22186000996252067	0.22927541479271416	0.19793333753471282	0.1721234056959336	0.2418716799773426	0.28846059226162185
2.0134228187919465	0.32755940961987157	0.02189004048086633	0.18860166457568492	0.2216879680802313	0.22829859410842707	0.19229639945684582	0.13621562777241084	0.2358983119002098	0.2805988091283616
2.348993288590604	0.325900971640824	0.018133261618627505	0.1858112865061859	0.2214709251975271	0.22777156911326435	0.18976763199828908	0.10948084409952093	0.23271663849537677	0.27681727756437974
2.684563758389262	0.3251070827533758	0.016041012795351067	0.18435933307245686	0.22130606297677416	0.2274870718770996	0.18862076428668448	0.08971362692603824	0.23102104345503707	0.27498835138882316
3.0201342281879198	0.3247208818653586	0.01484535375621297	0.18361724209949848	0.2211987438592331	0.22733345116644962	0.18809427335458534	0.07518474980982053	0.23011696397814108	0.27409865044638987
3.3557046979865772	0.32453010137627175	0.01415045147057539	0.18324249010046498	0.22113376975411803	0.2272504872938024	0.18784936781149728	0.06455931960935825	0.22963468322736616	0.273663209064049
3.691275167785235	0.3244345084825369	0.013742349716268629	0.18305468860073962	0.2210959880217444	0.22720567832690874	0.18773384308274416	0.056820861260620255	0.22937729123921619	0.27344874889629317
4.026845637583893	0.3243859941116661	0.013501207029985217	0.18296099000037025	0.22107455058513903	0.22718147584855022	0.18767855894845947	0.05120431048619608	0.22923986025838117	0.27334244344888065
4.3624161073825505	0.32436109493911086	0.01335823425147956	0.1829143331162554	0.2210625766287674	0.22716840328797344	0.1876517192588029	0.047139357637357555	0.22916644966554045	0.2732894064971677
4.697986577181208	0.32434819141330035	0.013273317431133488	0.18289109954925045	0.22105595760467034	0.22716134205876312	0.18763850385243785	0.044204205895112265	0.22912721848264725	0.27326277210677685
5.033557046979866	0.32434145022351635	0.013222844880882987	0.1828795132778996	0.2210523243067895	0.22715752792096935	0.18763191040963317	0.04208889561458437	0.22910624478127292	0.27324931175402034
5.369127516778524	0.3243379045996218	0.01319283974517912	0.18287372009635625	0.221050339530296	0.22715546768094938	0.18762858023566117	0.04056682996382452	0.2290950272746275	0.2732424668039863
5.704697986577181	0.32433602965799024	0.01317500533433886	0.18287081379683584	0.22104925901421826	0.22715435492419903	0.18762687989684237	0.03947305624661914	0.22908902601078282	0.27323896568792366
6.0402684563758395	0.32433503315525425	0.013164406976548823	0.18286934835376387	0.22104867200654812	0.22715375369712434	0.18762600238372415	0.038687896392268786	0.2290858128738873	0.2732371632593126
6.375838926174497	0.3243345021166648	0.013158111510413935	0.18286860699376842	0.22104835366607314	0.2271534289742446	0.18762554650738228	0.0381247691021596	0.2290840926818637	0.27323623157179355
6.7114093959731544	0.3243342181735548	0.013154373483172868	0.18286822986576082	0.22104818124221645	0.22715325357195243	0.18762530770895794	0.0377211822275487	0.22908317129420785	0.27323574726365324
7.046979865771813	0.3243340661612436	0.013152154708908636	0.18286803728196632	0.22104808788951036	0.2271531588346539	0.18762518219116855	0.037432108567973243	0.22908267767971632	0.2732354947123773
7.38255033557047	0.3243339843523795	0.013150837964985212	0.1828679381323552	0.22104803741398887	0.2271531076245004	0.18762511536645068	0.0372251555173384	0.22908241288306866	0.2732353618990743
7.718120805369128	0.324333940978567	0.013150058137435253	0.1828678879828206	0.22104801021328982	0.22715308015267346	0.18762508076468076	0.037077064315946026	0.22908227205154516	0.2732352933533495
8.053691275167786	0.32433391703137593	0.013149594984574313	0.18286786079593073	0.22104799543578377	0.2271530651398876	0.187625061336373	0.036971125243532625	0.22908219544805217	0.2732352557308103
8.389261744966444	0.32433390457550104	0.01314932091907112	0.18286784770908987	0.22104798751851015	0.2271530571508723	0.1876250516880666	0.036895362456520746	0.22908215510982347	0.2732352369270646
8.724832214765101	0.32433389767642673	0.013149158175456333	0.18286783998373568	0.22104798312408516	0.22715305275101694	0.1876250462501671	0.036841192803710884	0.2290821329383216	0.27323522631932695
9.060402684563758	0.32433389389180395	0.013149061814139537	0.18286783615806332	0.22104798081638208	0.22715305038597988	0.18762504318739148	0.036802469535039725	0.22908212110473003	0.27323522065359646
9.395973154362416	0.32433389186526446	0.013149004738282233	0.18286783413804886	0.22104797956317157	0.22715304910874642	0.1876250415715574	0.036774792569276335	0.22908211475356277	0.27323521765382475
9.731543624161075	0.32433389077160335	0.013148970936491713	0.18286783313213956	0.2210479788949061	0.2271530484193007	0.1876250407048202	0.036755013190055356	0.2290821113464275	0.27323521606547657
10.067114093959733	0.32433389018102526	0.01314895092417945	0.1828678325354815	0.2210479785246576	0.2271530480464043	0.18762504023443347	0.03674087950223304	0.22908210951225952	0.2732352152013364
10.40268456375839	0.32433388986491246	0.013148939084495836	0.18286783222862915	0.22104797832553308	0.22715304784528348	0.1876250399865151	0.03673078273763213	0.22908210852859343	0.2732352147440123
10.738255033557047	0.3243338896931356	0.013148932076884013	0.1828678320571797	0.22104797821700906	0.22715304773650502	0.18762503985042656	0.036723570148549683	0.2290821079989791	0.273235214495839
11.073825503355705	0.32433388960090126	0.013148927922615641	0.18286783197511103	0.22104797815950794	0.22715304767760855	0.18762503977886683	0.036718415706505525	0.2290821077137302	0.27323521436452236
11.409395973154362	0.3243338895503251	0.01314892545052954	0.1828678319236024	0.22104797812698446	0.22715304764546482	0.18762503973904784	0.0367147296452802	0.229082107558682	0.2732352142923282
11.74496644295302	0.3243338895234427	0.01314892400378892	0.18286783189786782	0.22104797811014038	0.22715304762863756	0.18762503971752148	0.036712098219491396	0.22908210747803154	0.27323521425479214
12.080536912751679	0.324333889510379	0.013148923166767579	0.18286783189377154	0.2210479781029979	0.22715304762014052	0.18762503970799566	0.03671022182153873	0.2290821074376858	0.27323521423708225
12.416107382550337	0.3243338895027504	0.013148922654131876	0.18286783188694178	0.22104797809786805	0.2271530476149013	0.18762503970268138	0.03670887994209959	0.22908210741263602	0.2732352142257247
12.751677852348994	0.32433388949777464	0.013148922346521328	0.18286783187552483	0.22104797809367405	0.22715304761186886	0.1876250396983289	0.03670792123801569	0.22908210739809493	0.2732352142184683
13.087248322147651	0.3243338894954376	0.013148922172749416	0.18286783187790645	0.22104797809317583	0.22715304761067825	0.18762503969629243	0.03670723616233668	0.22908210739264057	0.27323521421633423
13.422818791946309	0.32433388949541997	0.013148922077254443	0.18286783189949665	0.22104797809662755	0.22715304761040384	0.18762503969756253	0.03670674809013136	0.22908210739168297	0.27323521421750757
13.758389261744966	0.32433388949546876	0.013148922012742106	0.18286783190801756	0.22104797809766588	0.22715304760975907	0.18762503969876015	0.036706399594824135	0.22908210738851836	0.27323521421631336
14.093959731543626	0.324333889494362	0.013148921966981496	0.18286783188263908	0.22104797809267768	0.22715304760891147	0.1876250396970522	0.036706150301905834	0.22908210738409826	0.2732352142125374
14.429530201342283	0.3243338894924993	0.013148921940758068	0.1828678318431261	0.2210479780854402	0.22715304760853502	0.18762503969323419	0.036705971956488594	0.22908210738213386	0.27323521420980384
14.76510067114094	0.3243338894917196	0.013148921931550263	0.1828678318456319	0.2210479780859895	0.2271530476089059	0.18762503969203928	0.036705844721695455	0.22908210738425955	0.27323521421190217
15.100671140939598	0.3243338894928933	0.013148921924743769	0.18286783190358227	0.22104797809646315	0.22715304760908378	0.18762503969561434	0.036705753918554664	0.2290821073853608	0.27323521421487307
15.436241610738255	0.32433388949559844	0.01314892191625828	0.18286783197856743	0.22104797810998333	0.22715304760871197	0.18762503970162994	0.03670568924566321	0.2290821073833523	0.27323521421470653
15.771812080536913	0.3243338894987283	0.013148921905272197	0.18286783202608933	0.22104797811852567	0.2271530476077929	0.18762503970684782	0.0367056429466874	0.22908210737819412	0.273235214209778
16.107382550335572	0.32433388949987635	0.013148921899936869	0.18286783199318674	0.2210479781125456	0.22715304760730243	0.1876250397062341	0.036705609471965106	0.22908210737532092	0.27323521420438296
16.44295302013423	0.32433388949773156	0.013148921900585909	0.18286783188484654	0.22104797809276325	0.22715304760749275	0.1876250396994231	0.0367055853022177	0.2290821073762949	0.2732352142021663
16.778523489932887	0.3243338894924354	0.013148921904525048	0.18286783175060928	0.22104797806805088	0.22715304760822533	0.1876250396895751	0.03670556763806717	0.22908210738049703	0.27323521420559277
17.114093959731544	0.3243338894861484	0.01314892190854212	0.1828678316481951	0.22104797804909676	0.22715304760901645	0.18762503968125094	0.036705555738362886	0.22908210738516802	0.2732352142125173
17.449664429530202	0.32433388948347874	0.01314892190846391	0.18286783168210288	0.22104797805548188	0.22715304760915153	0.1876250396823986	0.03670554689274208	0.22908210738612508	0.2732352142181992
17.78523489932886	0.3243338894852126	0.013148921906423722	0.18286783183872402	0.22104797808498539	0.22715304760879645	0.18762503969186486	0.03670554082354821	0.229082107384163	0.27323521422078045
18.120805369127517	0.3243338894902224	0.013148921904783	0.18286783205501325	0.22104797812586596	0.22715304760838018	0.1876250397041959	0.036705536577485265	0.22908210738169735	0.2732352142200558
18.456375838926174	0.32433388949729713	0.013148921904262777	0.18286783228740822	0.22104797816985117	0.22715304760808186	0.18762503971605832	0.03670553368891739	0.2290821073797821	0.2732352142164838
18.79194630872483	0.3243338895033816	0.013148921904757218	0.18286783245162924	0.22104797820067335	0.22715304760805485	0.18762503972172043	0.036705531575165214	0.22908210737944246	0.2732352142119407
19.12751677852349	0.32433388950504927	0.01314892190563335	0.182867832438983	0.2210479781977656	0.2271530476082249	0.18762503971810612	0.03670553003420553	0.22908210738035156	0.2732352142087159
19.46308724832215	0.3243338895081911	0.013148921906366955	0.18286783249937189	0.22104797820898656	0.22715304760831728	0.18762503971883546	0.036705528704325995	0.2290821073807727	0.27323521420554403
19.798657718120808	0.3243338895112259	0.013148921906920321	0.18286783257215147	0.22104797822277364	0.22715304760835925	0.1876250397211853	0.03670552761481071	0.229082107380906	0.27323521420304986
20.134228187919465	0.3243338895110737	0.013148921907222555	0.1828678325391158	0.22104797821658856	0.22715304760840485	0.18762503971983857	0.03670552682366638	0.22908210738114515	0.2732352142024459
20.469798657718123	0.3243338895077348	0.01314892190727366	0.18286783240026483	0.22104797819043132	0.22715304760845406	0.18762503971479524	0.036705526330892996	0.22908210738149007	0.2732352142037322
20.80536912751678	0.32433388950171027	0.013148921907104476	0.18286783217312552	0.2210479781476075	0.22715304760850524	0.18762503970666677	0.03670552610850064	0.229082107381919	0.2732352142066321
21.140939597315437	0.324333889500617	0.01314892190718358	0.18286783212397925	0.22104797813833726	0.22715304760853364	0.1876250397047433	0.036705525731246934	0.22908210738210003	0.27323521420694385
21.476510067114095	0.3243338894993142	0.013148921907194714	0.18286783207310578	0.22104797812872573	0.22715304760855595	0.18762503970275468	0.03670552548613906	0.22908210738225718	0.2732352142075033
21.812080536912752	0.32433388949780184	0.013148921907137881	0.18286783202050508	0.22104797811877286	0.2271530476085722	0.1876250397007009	0.03670552537317703	0.2290821073823904	0.2732352142083105
22.14765100671141	0.32433388949608005	0.013148921907013084	0.18286783196617717	0.22104797810847868	0.22715304760858235	0.187625039698582	0.03670552539236082	0.22908210738249973	0.2732352142093654
22.483221476510067	0.3243338894927224	0.013148921906917905	0.1828678318471033	0.22104797808597296	0.22715304760861804	0.187625039694016	0.036705525107022546	0.22908210738278834	0.27323521421109936
22.818791946308725	0.3243338894927301	0.013148921906856136	0.18286783185259908	0.22104797808698237	0.22715304760861346	0.18762503969415795	0.03670552522315678	0.22908210738276974	0.27323521421122504
23.154362416107382	0.32433388949273784	0.013148921906794368	0.18286783185809485	0.22104797808799181	0.2271530476086089	0.18762503969429992	0.03670552533929101	0.22908210738275114	0.27323521421135066
23.48993288590604	0.3243338894927456	0.013148921906732601	0.18286783186359062	0.22104797808900123	0.22715304760860436	0.18762503969444186	0.03670552545542524	0.22908210738273255	0.2732352142114763
23.8255033557047	0.3243338894927533	0.013148921906670833	0.1828678318690864	0.22104797809001067	0.2271530476085998	0.18762503969458383	0.036705525571559476	0.22908210738271398	0.2732352142116019
24.161073825503358	0.3243338894927552	0.01314892190665321	0.18286783187050648	0.22104797809027124	0.22715304760859853	0.18762503969462097	0.03670552560817921	0.22908210738270882	0.27323521421163527
24.496644295302016	0.3243338894927555	0.013148921906648266	0.18286783187075575	0.22104797809031668	0.22715304760859822	0.18762503969462802	0.03670552562195712	0.22908210738270754	0.27323521421164204
24.832214765100673	0.3243338894927557	0.013148921906643322	0.182867831871005	0.2210479780903621	0.22715304760859792	0.18762503969463504	0.03670552563573504	0.22908210738270623	0.2732352142116488
25.16778523489933	0.324333889492756	0.01314892190663838	0.18286783187125427	0.22104797809040755	0.22715304760859759	0.18762503969464206	0.036705525649512946	0.22908210738270496	0.27323521421165564
25.503355704697988	0.3243338894927562	0.013148921906633436	0.18286783187150354	0.22104797809045298	0.22715304760859728	0.1876250396946491	0.036705525663290856	0.22908210738270368	0.2732352142116624
25.838926174496645	0.32433388949275643	0.013148921906628492	0.18286783187175282	0.22104797809049842	0.22715304760859698	0.18762503969465613	0.036705525677068765	0.2290821073827024	0.2732352142116692
26.174496644295303	0.3243338894927567	0.01314892190662355	0.1828678318720021	0.22104797809054386	0.22715304760859664	0.18762503969466318	0.036705525690846674	0.2290821073827011	0.27323521421167596
26.51006711409396	0.32433388949275693	0.013148921906618606	0.18286783187225134	0.2210479780905893	0.22715304760859634	0.1876250396946702	0.03670552570462459	0.22908210738269982	0.2732352142116828
26.845637583892618	0.3243338894927572	0.013148921906613662	0.1828678318725006	0.2210479780906347	0.22715304760859603	0.18762503969467725	0.0367055257184025	0.22908210738269855	0.27323521421168956
27.181208053691275	0.32433388949275743	0.01314892190660872	0.18286783187274988	0.22104797809068014	0.2271530476085957	0.18762503969468428	0.03670552573218041	0.22908210738269727	0.27323521421169633
27.516778523489933	0.32433388949275765	0.013148921906603776	0.18286783187299915	0.22104797809072557	0.2271530476085954	0.1876250396946913	0.03670552574595832	0.229082107382696	0.2732352142117031
27.85234899328859	0.32433388949275793	0.013148921906598832	0.18286783187324843	0.221047978090771	0.2271530476085951	0.18762503969469835	0.03670552575973623	0.2290821073826947	0.27323521421170993
28.18791946308725	0.32433388949275815	0.01314892190659389	0.1828678318734977	0.22104797809081644	0.22715304760859475	0.18762503969470537	0.036705525773514144	0.2290821073826934	0.2732352142117167
28.52348993288591	0.32433388949275843	0.013148921906588945	0.18286783187374694	0.22104797809086188	0.22715304760859445	0.18762503969471242	0.036705525787292054	0.22908210738269214	0.2732352142117235
28.859060402684566	0.32433388949275865	0.013148921906584001	0.18286783187399622	0.22104797809090732	0.22715304760859414	0.18762503969471944	0.03670552580106996	0.22908210738269086	0.27323521421173025
29.194630872483224	0.3243338894927589	0.01314892190657906	0.1828678318742455	0.22104797809095272	0.2271530476085938	0.18762503969472646	0.03670552581484787	0.22908210738268955	0.2732352142117371
29.53020134228188	0.32433388949275915	0.013148921906574115	0.18286783187449476	0.22104797809099816	0.2271530476085935	0.18762503969473351	0.03670552582862578	0.22908210738268828	0.27323521421174385
29.86577181208054	0.3243338894927594	0.013148921906569171	0.18286783187474404	0.2210479780910436	0.2271530476085932	0.18762503969474054	0.0367055258424037	0.229082107382687	0.2732352142117506
30.201342281879196	0.32433388949275965	0.013148921906564229	0.18286783187499328	0.22104797809108903	0.22715304760859287	0.1876250396947476	0.03670552585618161	0.22908210738268572	0.2732352142117574
30.536912751677853	0.3243338894927599	0.013148921906559285	0.18286783187524255	0.22104797809113447	0.22715304760859256	0.1876250396947546	0.03670552586995952	0.22908210738268445	0.2732352142117642
30.87248322147651	0.3243338894927601	0.013148921906554341	0.18286783187549183	0.2210479780911799	0.22715304760859226	0.18762503969476163	0.036705525883737426	0.22908210738268314	0.273235214211771
31.20805369127517	0.3243338894927604	0.013148921906549399	0.1828678318757411	0.22104797809122534	0.22715304760859192	0.18762503969476868	0.03670552589751534	0.22908210738268187	0.27323521421177777
31.543624161073826	0.32433388949276043	0.013148921906547708	0.1828678318758202	0.22104797809123972	0.2271530476085918	0.18762503969477093	0.036705525902609074	0.22908210738268145	0.27323521421177993
31.879194630872483	0.32433388949276043	0.013148921906547312	0.18286783187583153	0.22104797809124177	0.22715304760859178	0.18762503969477126	0.03670552590424383	0.22908210738268134	0.2732352142117803
32.214765100671144	0.32433388949276043	0.013148921906546918	0.18286783187584285	0.22104797809124382	0.22715304760859178	0.18762503969477162	0.03670552590587858	0.22908210738268125	0.27323521421178065
32.5503355704698	0.32433388949276043	0.013148921906546523	0.18286783187585418	0.22104797809124585	0.22715304760859176	0.18762503969477196	0.03670552590751334	0.22908210738268117	0.27323521421178104
32.88590604026846	0.32433388949276043	0.013148921906546127	0.1828678318758655	0.2210479780912479	0.22715304760859173	0.18762503969477232	0.03670552590914809	0.2290821073826811	0.27323521421178143
33.22147651006711	0.32433388949276043	0.013148921906545732	0.18286783187587682	0.22104797809124993	0.2271530476085917	0.18762503969477265	0.03670552591078284	0.229082107382681	0.27323521421178176
