NON $ % + - . 0 1 2 3 4
#NON	a	b	h	g	d	c	f	i	e	j
0.0	0.9441764613369648	0.001571733064771541	0.02263679940725416	0.06100271621866615	0.7581655184250774	0.6311674836429011	0.5983799577683889	0.2642824188971701	0.724365061462701	0.8693585502449495
0.33557046979865773	0.6441138522694587	0.11617931718756878	0.1750886368815902	0.19982580571883934	0.48656814459023073	0.4085834368476746	0.43409803504032457	0.22621564098219898	0.3884268455954898	0.7070332872915774
0.6711409395973155	0.4520643397358247	0.15876176268769748	0.22082809480529722	0.25558291497836455	0.3381739791611396	0.3013530102326701	0.3379325106257875	0.2031395767855589	0.22842914550515434	0.58794489780869
1.0067114093959733	0.3249163441277657	0.17013454709175488	0.22564057960460798	0.2710511914538041	0.2550248859066548	0.2437032241309791	0.2784155246556792	0.1858960744451749	0.1472102999489832	0.4999936447000281
1.342281879194631	0.2392396036981065	0.16934355004838608	0.21715371538274825	0.26885996175806637	0.20733668569625027	0.20794186271901935	0.2402961461768445	0.17124884091631157	0.10346832755434403	0.4352140741761132
1.6778523489932886	0.1807068092431687	0.164893158768376	0.20632259581725876	0.2604286132362918	0.17949472300975694	0.1825343473023677	0.21552740816254856	0.15817097099534583	0.07832732877313048	0.3879382203132314
2.0134228187919465	0.14023669568438413	0.16024951177759794	0.19695325383696347	0.2510819440756991	0.16307244412288133	0.16272464481036947	0.19943077577529664	0.14641424679610168	0.0628823589906128	0.35387645553627184
2.348993288590604	0.11194862342976762	0.15656202499932273	0.18992777144879208	0.2429662734291714	0.15336518013536934	0.14654624118882023	0.18905948360094077	0.13596723017206072	0.052794586863204526	0.32968524383085995
2.684563758389262	0.0919733939663211	0.15399662561684477	0.1850535979139905	0.2366756042592126	0.1476586735682053	0.13313860257668825	0.18246739654316482	0.12685266498389136	0.04586264717011144	0.3127533089323332
3.0201342281879198	0.07773235508981628	0.15236638282513815	0.18184178132288767	0.23212367479591609	0.14434593363654563	0.12205071140371816	0.1783460562758341	0.11905764243886743	0.04091236516214532	0.3010691305794162
3.3557046979865772	0.06748802870718525	0.15140913431995415	0.17980688571440379	0.228985438019379	0.14246018643598768	0.11296709904390242	0.17581682708926336	0.11251854594238347	0.03728022080925972	0.29311430277899897
3.691275167785235	0.060057869398332776	0.15089360164175486	0.17856033577208816	0.22690207412041982	0.14141627359206296	0.10561214384709643	0.17429634411169198	0.10712890709864634	0.034567340915630525	0.2877672180047819
4.026845637583893	0.05462896808268703	0.15064756956152733	0.1778209116272478	0.22556281827872443	0.14086084238770769	0.09972580163911873	0.1734034077716005	0.10275523220371721	0.03251882279476161	0.28421638211072153
4.3624161073825505	0.05063674906274288	0.1505547214566141	0.17739706360306828	0.2247270925831476	0.14058241640476327	0.09506421731296866	0.17289330396681019	0.09925315846943902	0.03096248513243645	0.28188571509083943
4.697986577181208	0.04768496468162281	0.15054190339903722	0.17716375029426254	0.22422080257632854	0.1404562468925527	0.0914059590469288	0.172611820693947	0.09648043606192803	0.029776599468477848	0.2803732136476598
5.033557046979866	0.045492562188604785	0.15056590969411363	0.17704202698391105	0.22392374727759157	0.140410169618606	0.08855684031721354	0.17246360883399686	0.09430561951525498	0.028872125178706923	0.27940265641290285
5.369127516778524	0.04385816988472903	0.15060286076572643	0.17698348004977138	0.22375589003993385	0.14040349622705783	0.08635171393188334	0.17239087990828392	0.09261280621764294	0.02818242029336399	0.2787869035224006
5.704697986577181	0.04263615650538983	0.15064063538111844	0.17695923705622954	0.22366553733457176	0.14041405720764036	0.08465363003816369	0.17235936289084	0.0913033310555951	0.027656908498312736	0.2784008059782909
6.0402684563758395	0.041720324582886284	0.15067387156791537	0.1769525783487831	0.22362021040148916	0.14043034230244938	0.08335128905653148	0.17234923023323115	0.09029542488875253	0.027256921962755736	0.2781616818757208
6.375838926174497	0.04103269614549198	0.15070085381170745	0.1769541521834895	0.22360005482132433	0.14044681358189395	0.08235568047222946	0.1723493559609668	0.08952271703369759	0.026952812918506295	0.2780155557553481
6.7114093959731544	0.040515661766195414	0.15072166138619558	0.1769589471802149	0.22359326733993218	0.1404611485538971	0.08159650407000504	0.17235373044016009	0.08893219087370545	0.026721837745796246	0.2779275757888538
7.046979865771813	0.04012645564473733	0.15073713430100885	0.1769644413474408	0.22359305509838673	0.14047267186201476	0.0810187678269886	0.17235928379694387	0.08848200787224894	0.02654656571338615	0.2778754937510989
7.38255033557047	0.039833221796900374	0.15074832820392647	0.17696949305680293	0.22359566779916912	0.14048148347945158	0.08057980168607841	0.17236458488494483	0.08813948402722524	0.026413665938037557	0.27784528364313005
7.718120805369128	0.03961213027930917	0.15075624735008206	0.17697368064348984	0.22359913118792002	0.14048798437166451	0.08024668280650749	0.17236906611630534	0.08787927609834273	0.026312955563984806	0.27782817752538025
8.053691275167786	0.03944534317257962	0.150761749717154	0.17697695071265931	0.22360250491803593	0.14049265702858174	0.07999410943887952	0.172372609025247	0.08768181184034907	0.026236672649477818	0.27781880147828414
8.389261744966444	0.03931946714793739	0.15076551194510396	0.17697940092591413	0.22360539876516142	0.14049594359859055	0.0798027593356164	0.17237528658243764	0.08753211729425667	0.026178916300354037	0.2778138851616011
8.724832214765101	0.03922443224829127	0.15076804868140903	0.1769811827528102	0.22360771123215722	0.14049821487825903	0.07965786400631504	0.17237724641581623	0.08741870467309398	0.026135198023715035	0.27781147605077644
9.060402684563758	0.03915266578850832	0.15076973684249248	0.1769824481973252	0.22360947547912824	0.1404997601273412	0.0795482005452068	0.17237864548337262	0.08733283488462726	0.026102115210448893	0.2778104296054077
9.395973154362416	0.03909845508642236	0.15077084693523735	0.17698332973742645	0.22361077724521378	0.14050079710877392	0.07946522394440644	0.17237962429744452	0.08726784173738307	0.02607708322533073	0.27781008713535904
9.731543624161075	0.03905749001860995	0.15077156895564525	0.1769839340180537	0.2236117135635359	0.1405014845973947	0.07940244295416306	0.17238029773258887	0.08721865559577072	0.026058141588035946	0.2778100807600224
10.067114093959733	0.03902653691008068	0.15077203290721183	0.17698434231320212	0.22361237369623152	0.14050193477164383	0.07935496055834405	0.17238075427365834	0.08718144809476128	0.02604381293295412	0.2778102167042485
10.40268456375839	0.039003145981748644	0.1507723275658875	0.17698461439210145	0.22361283063885776	0.14050222604088852	0.07931905461238849	0.17238105942590118	0.08715330825441304	0.026032974869351286	0.277810392485879
10.738255033557047	0.03898546580871794	0.1507725126248511	0.17698479354230467	0.2236131422039989	0.14050241244129802	0.07929190196283277	0.17238126092372724	0.08713202638702273	0.026024776526395475	0.2778105608503202
11.073825503355705	0.038972102362191334	0.15077262736242159	0.1769849102029678	0.2236133520200175	0.14050253035547508	0.07927137064241181	0.17238139250485968	0.08711593190359891	0.026018575610723477	0.27781070438349265
11.409395973154362	0.038962006993674074	0.1507726971280028	0.17698498498825943	0.22361349115026996	0.1405026036658763	0.07925585666251664	0.17238147709627605	0.08710376932234565	0.026013888566966938	0.27781081864853235
11.74496644295302	0.03895436631770427	0.15077273963578108	0.17698503240043126	0.22361358167166642	0.1405026490980488	0.07924411733431952	0.17238153083447358	0.08709456832844084	0.02601034033575104	0.27781090123576857
12.080536912751679	0.03894858800592382	0.1507727650707978	0.1769850622989899	0.2236136404576177	0.14050267692340382	0.07923523922779058	0.17238156480949343	0.08708761196219514	0.026007655903905514	0.2778109613690404
12.416107382550337	0.038944221806241366	0.1507727799128226	0.1769850812833403	0.22361367920842481	0.14050269381679817	0.07922852418202454	0.17238158646712637	0.08708234497456191	0.026005625777175856	0.27781100720959145
12.751677852348994	0.038940921234657255	0.15077278828329943	0.17698509298591156	0.22361370404473466	0.1405027037633569	0.07922344617327934	0.17238159986786245	0.08707835644493657	0.026004090591312916	0.2778110400447247
13.087248322147651	0.03893842416848849	0.15077279276297112	0.176985099681542	0.2236137188456095	0.14050270925151234	0.07921961309921365	0.17238160755219864	0.08707535395207701	0.026002930124234054	0.2778110606809479
13.422818791946309	0.0389365366202948	0.15077279517120964	0.17698510384627814	0.22361372841624177	0.14050271244688223	0.07921671181076195	0.17238161235726576	0.08707308193180315	0.0260020520397669	0.27781107571972113
13.758389261744966	0.03893510934187959	0.1507727963568241	0.17698510628147793	0.2236137342898669	0.14050271418133461	0.07921451805629999	0.17238161518099526	0.08707136338831997	0.02600138796432276	0.27781108582032177
14.093959731543626	0.03893403014404778	0.15077279687446757	0.17698510766823433	0.22361373783269994	0.14050271507450743	0.07921285915721953	0.1723816167991514	0.0870700629360452	0.02600088576862049	0.27781109249822117
14.429530201342283	0.03893321349000122	0.15077279704534982	0.17698510843319226	0.22361373993358147	0.14050271549800544	0.07921160403419993	0.17238161769902025	0.0870690791654404	0.0260005057246722	0.27781109685595073
14.76510067114094	0.0389325964840982	0.15077279704763857	0.17698510883481078	0.2236137411479124	0.14050271566778424	0.07921065573904282	0.1723816181770865	0.08706833561025583	0.026000218566514167	0.27781109965797934
15.100671140939598	0.03893212978197812	0.15077279698050042	0.17698510903320275	0.22361374183468943	0.14050271571053025	0.07920993852137993	0.1723816184175847	0.08706777333095278	0.02600000134875703	0.27781110144339594
15.436241610738255	0.03893177964243274	0.15077279688910658	0.17698510911254262	0.2236137421915012	0.1405027156887718	0.07920940046486416	0.17238161851788045	0.08706735150700562	0.025999838373657377	0.2778111025368187
15.771812080536913	0.038931512685880056	0.15077279681120678	0.17698510914795393	0.2236137423979314	0.1405027156567225	0.07920899025787255	0.17238161856500564	0.08706702995900115	0.02599971411265798	0.27781110324291
16.107382550335572	0.038931309815071334	0.15077279675297867	0.17698510916391608	0.22361374252032945	0.14050271562837136	0.07920867853674192	0.1723816185877186	0.0870667856542523	0.025999619679396548	0.2778111036969927
16.44295302013423	0.03893115606674944	0.15077279670800253	0.17698510916689833	0.22361374258653838	0.14050271560256405	0.07920844229507497	0.17238161859413798	0.08706660050438793	0.025999548110000773	0.27781110398222464
16.778523489932887	0.03893104008879757	0.15077279666504884	0.1769851091540788	0.22361374260236636	0.14050271557135077	0.07920826408114194	0.1723816185816248	0.08706646076514528	0.025999494120480995	0.27781110414490323
17.114093959731544	0.03893095274678004	0.15077279662647344	0.17698510913438958	0.2236137425918613	0.14050271553988034	0.07920812986443858	0.1723816185606561	0.08706635542221623	0.025999453460204026	0.2778111042337564
17.449664429530202	0.03893088697157545	0.1507727965957908	0.17698510911544296	0.22361374257356545	0.140502715513457	0.07920802878967938	0.1723816185400637	0.0870662759886845	0.025999422839452065	0.2778111042814187
17.78523489932886	0.03893083681840567	0.15077279657724588	0.17698510910429188	0.22361374256338018	0.14050271549759538	0.07920795173042647	0.17238161852796666	0.08706621535244265	0.025999399491662273	0.2778111043122919
18.120805369127517	0.03893079862564472	0.15077279656832834	0.17698510909958481	0.22361374256038596	0.14050271549023086	0.07920789306299685	0.17238161852291575	0.08706616918676441	0.02599938171205347	0.2778111043316232
18.456375838926174	0.038930769645941096	0.1507727965647945	0.17698510909754464	0.22361374255853395	0.1405027154872422	0.07920784856674466	0.1723816185206868	0.0870661342781786	0.025999368221124024	0.2778111043378623
18.79194630872483	0.03893074786492314	0.15077279656227716	0.17698510909512918	0.22361374255425065	0.14050271548473056	0.07920781513489565	0.17238161851794842	0.08706610824881088	0.025999358080935963	0.2778111043354652
19.12751677852349	0.03893073064453412	0.15077279655755055	0.17698510909074108	0.22361374254693184	0.1405027154800767	0.07920778869177687	0.17238161851302317	0.08706608789040238	0.025999350063576482	0.27781110433240086
19.46308724832215	0.0389307193292607	0.15077279654979808	0.17698510908303006	0.2236137425334774	0.14050271547223595	0.07920777131503344	0.17238161850434766	0.08706607489834539	0.025999344794562392	0.27781110432390016
19.798657718120808	0.03893071011630954	0.15077279654427636	0.17698510907836276	0.2236137425266048	0.14050271546699142	0.07920775712606652	0.17238161849918737	0.08706606439265947	0.025999340505031873	0.2778111043239988
20.134228187919465	0.03893070295012954	0.1507727965418189	0.176985109076395	0.22361374252409164	0.14050271546469886	0.07920774605054949	0.17238161849706687	0.08706605630432976	0.02599933716893888	0.27781110432524747
20.469798657718123	0.03893069696504971	0.15077279654033418	0.17698510907515239	0.22361374252247362	0.1405027154632873	0.07920773679882796	0.17238161849573588	0.08706604947339561	0.025999334382780518	0.27781110432576395
20.80536912751678	0.038930691061473705	0.15077279653688488	0.17698510907218998	0.2236137425179302	0.14050271545998447	0.07920772773030733	0.1723816184924319	0.0870660424248754	0.02599933163406192	0.27781110432528167
21.140939597315437	0.03893068644741228	0.1507727965346979	0.1769851090701938	0.22361374251465865	0.14050271545783596	0.07920772064733621	0.17238161849018974	0.08706603677917617	0.025999329485807257	0.2778111043240935
21.476510067114095	0.03893068312286543	0.15077279653377326	0.17698510906916382	0.22361374251265898	0.1405027154568418	0.07920771554991458	0.1723816184890094	0.08706603253629794	0.025999327938016525	0.27781110432219935
21.812080536912752	0.038930681087833145	0.15077279653411094	0.1769851090691	0.22361374251193117	0.14050271545700196	0.07920771243804245	0.17238161848889091	0.0870660296962407	0.025999326990689724	0.2778111043195993
22.14765100671141	0.038930680342315435	0.15077279653571093	0.1769851090700024	0.22361374251247526	0.14050271545831644	0.07920771131171982	0.17238161848983427	0.08706602825900445	0.025999326643826853	0.27781110431629336
22.483221476510067	0.03893067943082465	0.15077279653672507	0.1769851090705333	0.2236137425126872	0.14050271545913137	0.07920770992477033	0.17238161849038156	0.08706602679091066	0.02599932621962183	0.27781110431389583
22.818791946308725	0.03893067813278705	0.15077279653687323	0.17698510907049	0.22361374251232394	0.14050271545919604	0.07920770793679431	0.17238161849031192	0.08706602507469072	0.02599932561535567	0.27781110431265144
23.154362416107382	0.03893067733662812	0.1507727965372836	0.17698510907068904	0.22361374251236457	0.14050271545952006	0.07920770671885138	0.1723816184905152	0.08706602398545786	0.025999325244759258	0.27781110431157474
23.48993288590604	0.03893067704234786	0.1507727965379561	0.17698510907113038	0.22361374251280908	0.1405027154601034	0.07920770627094154	0.1723816184909914	0.08706602352321208	0.02599932510783259	0.2778111043106657
23.8255033557047	0.03893067724994627	0.1507727965388908	0.17698510907181406	0.22361374251365745	0.14050271546094606	0.07920770659306477	0.1723816184917405	0.08706602368795338	0.025999325204575673	0.2778111043099244
24.161073825503358	0.03893067795942334	0.15077279654008768	0.17698510907274	0.2236137425149097	0.14050271546204807	0.07920770768522108	0.1723816184927625	0.08706602447968177	0.0259993255349885	0.2778111043093508
24.496644295302016	0.038930676726619096	0.15077279654121162	0.17698510907336176	0.22361374251527646	0.1405027154629705	0.07920770580157567	0.1723816184934156	0.0870660227290654	0.025999324961196762	0.27781110430698064
24.832214765100673	0.03893067734010331	0.1507727965415339	0.17698510907368672	0.2236137425158583	0.14050271546330145	0.07920770674273533	0.17238161849378375	0.0870660235023329	0.025999325246826594	0.27781110430737965
25.16778523489933	0.03893067795358752	0.15077279654185619	0.1769851090740117	0.22361374251644014	0.14050271546363238	0.079207707683895	0.1723816184941519	0.08706602427560041	0.02599932553245643	0.2778111043077786
25.503355704697988	0.03893067856707173	0.15077279654217846	0.17698510907433665	0.22361374251702199	0.1405027154639633	0.07920770862505465	0.17238161849452005	0.08706602504886791	0.025999325818086262	0.27781110430817757
25.838926174496645	0.03893067918055594	0.15077279654250075	0.1769851090746616	0.22361374251760385	0.14050271546429427	0.07920770956621431	0.1723816184948882	0.08706602582213542	0.025999326103716098	0.27781110430857653
26.174496644295303	0.038930679794040156	0.15077279654282302	0.17698510907498657	0.2236137425181857	0.1405027154646252	0.07920771050737398	0.17238161849525638	0.08706602659540294	0.02599932638934593	0.2778111043089755
26.51006711409396	0.03893067995273517	0.15077279654287504	0.17698510907504425	0.2236137425182951	0.1405027154646808	0.0792077107510395	0.1723816184953219	0.08706602678973616	0.025999326463229656	0.27781110430907563
26.845637583892618	0.03893068010990053	0.15077279654292616	0.17698510907510104	0.22361374251840294	0.14050271546473544	0.079207710992359	0.17238161849538644	0.08706602698212217	0.02599932653640118	0.2778111043091747
27.181208053691275	0.038930680267065886	0.1507727965429773	0.17698510907515783	0.22361374251851077	0.14050271546479007	0.0792077112336785	0.17238161849545097	0.08706602717450816	0.025999326609572708	0.27781110430927386
27.516778523489933	0.038930680424231236	0.15077279654302841	0.17698510907521461	0.2236137425186186	0.14050271546484472	0.079207711474998	0.17238161849551548	0.08706602736689417	0.025999326682744232	0.277811104309373
27.85234899328859	0.03893068058139659	0.15077279654307954	0.1769851090752714	0.22361374251872643	0.14050271546489937	0.0792077117163175	0.17238161849558	0.08706602755928017	0.025999326755915757	0.2778111043094721
28.18791946308725	0.03893068073856194	0.15077279654313067	0.1769851090753282	0.22361374251883426	0.14050271546495402	0.07920771195763701	0.17238161849564454	0.08706602775166616	0.02599932682908728	0.27781110430957123
28.52348993288591	0.0389306808957273	0.1507727965431818	0.17698510907538498	0.2236137425189421	0.14050271546500867	0.07920771219895652	0.17238161849570907	0.08706602794405217	0.025999326902258806	0.2778111043096704
28.859060402684566	0.03893068105289266	0.15077279654323292	0.17698510907544177	0.22361374251904992	0.14050271546506332	0.07920771244027602	0.1723816184957736	0.08706602813643817	0.02599932697543033	0.27781110430976946
29.194630872483224	0.03893068121005801	0.15077279654328404	0.17698510907549855	0.22361374251915775	0.14050271546511794	0.07920771268159553	0.17238161849583813	0.08706602832882418	0.025999327048601854	0.2778111043098686
29.53020134228188	0.038930681367223365	0.15077279654333517	0.17698510907555534	0.22361374251926558	0.1405027154651726	0.07920771292291504	0.17238161849590264	0.08706602852121018	0.02599932712177338	0.27781110430996775
29.86577181208054	0.03893068145373041	0.15077279654336004	0.17698510907558357	0.22361374251931984	0.14050271546519943	0.07920771305575532	0.17238161849593472	0.08706602862679279	0.025999327162048204	0.27781110431002015
30.201342281879196	0.03893068149399342	0.15077279654336773	0.1769851090755931	0.22361374251933905	0.14050271546520804	0.07920771311759875	0.1723816184959456	0.0870660286755648	0.025999327180792984	0.27781110431004197
30.536912751677853	0.03893068153425642	0.15077279654337541	0.1769851090756026	0.22361374251935826	0.14050271546521664	0.07920771317944218	0.17238161849595648	0.08706602872433682	0.025999327199537764	0.27781110431006384
30.87248322147651	0.03893068157451943	0.15077279654338308	0.17698510907561213	0.22361374251937746	0.14050271546522528	0.0792077132412856	0.17238161849596734	0.08706602877310883	0.02599932721828254	0.27781110431008565
31.20805369127517	0.03893068161478243	0.15077279654339076	0.17698510907562165	0.22361374251939667	0.14050271546523388	0.07920771330312903	0.17238161849597822	0.08706602882188084	0.02599932723702732	0.2778111043101075
31.543624161073826	0.038930681655045436	0.15077279654339845	0.17698510907563117	0.22361374251941588	0.1405027154652425	0.07920771336497247	0.1723816184959891	0.08706602887065286	0.0259993272557721	0.2778111043101294
31.879194630872483	0.038930681695308444	0.1507727965434061	0.1769851090756407	0.22361374251943508	0.14050271546525112	0.07920771342681589	0.17238161849599995	0.08706602891942489	0.025999327274516877	0.2778111043101512
32.214765100671144	0.038930681735571446	0.1507727965434138	0.1769851090756502	0.2236137425194543	0.14050271546525975	0.07920771348865932	0.17238161849601083	0.0870660289681969	0.025999327293261657	0.2778111043101731
32.5503355704698	0.038930681775834454	0.15077279654342146	0.17698510907565976	0.2236137425194735	0.14050271546526835	0.07920771355050274	0.1723816184960217	0.08706602901696892	0.025999327312006437	0.2778111043101949
32.88590604026846	0.038930681816097455	0.15077279654342915	0.17698510907566928	0.2236137425194927	0.14050271546527696	0.07920771361234617	0.17238161849603256	0.08706602906574093	0.025999327330751217	0.27781110431021677
33.22147651006711	0.038930681848590186	0.15077279654343526	0.17698510907567688	0.22361374251950808	0.14050271546528384	0.07920771366225475	0.17238161849604125	0.08706602910509684	0.02599932734587847	0.2778111043102343
