NON $ % + - . 0
#NON	d	f	b	c	e	a
0.0	0.10045853377352587	0.5081384289066116	0.8843243838387308	0.3630362548301256	0.2001081695999266	0.9479863184986009
0.5050505050505051	0.16482101179304623	0.285240086035063	0.35214553785961505	0.19840540253872094	0.1132113232290604	0.4233233393885829
1.0101010101010102	0.1862045920523421	0.22516718550248038	0.2162825504456405	0.15715743070385338	0.0666900837568618	0.24777163081514397
1.5151515151515151	0.19304423748246982	0.20917538842184688	0.18135202456980076	0.14854732949569774	0.043651468424378614	0.1889673331130624
2.0202020202020203	0.1952930969580521	0.20506008908493606	0.17236417876261922	0.14731648522997376	0.03279893356938688	0.16940500029270017
2.5252525252525255	0.1960836223944866	0.20407620778174212	0.1700653364472345	0.1474007766693361	0.02785909096875138	0.1629597774058649
3.0303030303030303	0.1963873480684234	0.20388190242899848	0.169489553300382	0.14758226649733105	0.0256639912882076	0.1608618560527627
3.5353535353535355	0.19651521814520254	0.20386771044110147	0.16935306933436392	0.14769390695573667	0.024704925429767963	0.1601899125939133
4.040404040404041	0.1965733411348609	0.20388403543131187	0.16932521839117803	0.14774989436852756	0.02429097160192994	0.15997970565880684
4.545454545454546	0.19660124089181752	0.20389897638145413	0.16932220757808808	0.14777617758702113	0.02411392773791119	0.1599164024201098
5.050505050505051	0.19661510181725478	0.2039084961531435	0.1693237061713408	0.14778831152203192	0.024038759959206818	0.1598986203819446
5.555555555555556	0.1966221279234143	0.20391391911401943	0.16932530610035598	0.1477939464650431	0.02400704512964267	0.1598943331434226
6.0606060606060606	0.1966257298014325	0.20391686565920453	0.16932635785747638	0.1477966059245582	0.023993740807415752	0.15989372261838605
6.565656565656566	0.19662758722944412	0.20391843136105228	0.16932696399967553	0.14779788523315165	0.023988195491012023	0.15989393414432934
7.070707070707071	0.19662854829861567	0.20391925389774784	0.16932729462355045	0.1477985121717278	0.02398589865069599	0.15989421456453612
7.575757575757576	0.19662904588212626	0.20391968317699413	0.1693274704461205	0.1477988238699244	0.02398495677384872	0.15989441569876556
8.080808080808081	0.1966293045844339	0.2039199071993706	0.169327563009675	0.1477989815071423	0.02398456984171462	0.15989453727946423
8.585858585858587	0.19662943971817898	0.2039200245550626	0.16932761180423844	0.14779906210760005	0.02398441369205194	0.15989460741924355
9.090909090909092	0.19662950903150883	0.20392008484461885	0.1693276369667439	0.14779910275306496	0.023984355454801126	0.15989464578364385
9.595959595959597	0.19662954480277015	0.20392011593195178	0.16932764991979918	0.14779912359483177	0.023984332481386393	0.1598946657801323
10.101010101010102	0.1966295635147505	0.20392013219919297	0.1693276566988302	0.14779913447204743	0.02398432305611278	0.1598946763023614
10.606060606060607	0.1966295732007712	0.20392014062967218	0.16932766022132453	0.14779914007469352	0.023984319585791662	0.15989468187054828
11.111111111111112	0.19662957824695765	0.20392014501954225	0.16932766205484048	0.1477991429831934	0.023984318355613866	0.15989468479067118
11.616161616161618	0.1966295808676202	0.2039201472993125	0.1693276630064183	0.14779914449077455	0.023984317974853526	0.15989468631227735
12.121212121212121	0.19662958222504726	0.20392014848082746	0.16932766350001324	0.1477991452707122	0.023984317889831068	0.15989468710504234
12.626262626262626	0.19662958310254916	0.2039201492445942	0.16932766381921288	0.14779914577452	0.0239843178702115	0.15989468761858178
13.131313131313131	0.1966295839116308	0.20392014994891114	0.16932766411346956	0.147799146239301	0.023984317835279375	0.15989468809157467
13.636363636363637	0.19662958438097355	0.20392015035743147	0.1693276642841423	0.14779914650871753	0.023984317832858235	0.15989468836630077
14.141414141414142	0.19662958451057744	0.20392015047015516	0.1693276643312311	0.14779914658276963	0.023984317862948083	0.15989468844276009
14.646464646464647	0.19662958430044247	0.2039201502870822	0.16932766425473597	0.14779914646145728	0.023984317925548917	0.15989468832095258
15.151515151515152	0.19662958439351047	0.20392015036805533	0.1693276642885603	0.14779914651474108	0.023984317939034903	0.15989468837566168
15.656565656565657	0.1966295844116841	0.20392015038384564	0.16932766429515161	0.14779914652505685	0.023984317951408065	0.159894688386487
16.161616161616163	0.19662958433788377	0.20392015031958102	0.1693276642682963	0.1477991464825767	0.023984317964836778	0.1598946883434725
16.666666666666668	0.1966295841721095	0.20392015017526147	0.16932766420799436	0.14779914638730057	0.02398431797932104	0.15989468824661823
17.171717171717173	0.19662958406503586	0.2039201500820012	0.16932766416902106	0.14779914632555427	0.023984318010089455	0.15989468818441951
17.67676767676768	0.19662958399515557	0.2039201500211873	0.16932766414361167	0.14779914628551188	0.023984318004341316	0.1598946881433688
18.181818181818183	0.1966295839252753	0.2039201499603734	0.1693276641182023	0.14779914624546953	0.02398431799859318	0.15989468810231808
18.68686868686869	0.19662958385539503	0.20392014989955948	0.1693276640927929	0.14779914620542714	0.023984317992845037	0.15989468806126733
19.191919191919194	0.1966295837980937	0.2039201498496925	0.16932766407195737	0.1477991461725928	0.023984317988105547	0.15989468802760573
19.6969696969697	0.19662958379574672	0.20392014984765	0.16932766407110397	0.1477991461712487	0.023984317987772577	0.15989468802622542
20.202020202020204	0.19662958379339976	0.2039201498456075	0.16932766407025057	0.1477991461699046	0.023984317987439607	0.1598946880248451
20.70707070707071	0.19662958379105278	0.203920149843565	0.16932766406939717	0.14779914616856052	0.023984317987106638	0.1598946880234648
21.212121212121215	0.19662958378870582	0.2039201498415225	0.16932766406854374	0.14779914616721643	0.023984317986773668	0.15989468802208448
21.71717171717172	0.19662958378635884	0.20392014983948	0.16932766406769034	0.14779914616587236	0.023984317986440698	0.15989468802070417
22.222222222222225	0.19662958378401188	0.2039201498374375	0.16932766406683694	0.14779914616452827	0.023984317986107728	0.15989468801932386
22.72727272727273	0.1966295837816649	0.203920149835395	0.16932766406598354	0.14779914616318418	0.02398431798577476	0.15989468801794354
23.232323232323235	0.19662958377931794	0.2039201498333525	0.16932766406513014	0.1477991461618401	0.02398431798544179	0.15989468801656323
23.73737373737374	0.19662958377697096	0.20392014983131	0.16932766406427674	0.147799146160496	0.02398431798510882	0.15989468801518292
24.242424242424242	0.196629583774624	0.20392014982926748	0.16932766406342334	0.1477991461591519	0.02398431798477585	0.1598946880138026
24.747474747474747	0.19662958377227702	0.203920149827225	0.1693276640625699	0.14779914615780781	0.02398431798444288	0.1598946880124223
25.252525252525253	0.19662958376993006	0.2039201498251825	0.1693276640617165	0.14779914615646372	0.02398431798410991	0.15989468801104198
25.757575757575758	0.19662958376758308	0.20392014982314	0.1693276640608631	0.14779914615511963	0.02398431798377694	0.15989468800966167
26.262626262626263	0.19662958376523612	0.2039201498210975	0.1693276640600097	0.14779914615377554	0.02398431798344397	0.15989468800828135
26.767676767676768	0.19662958376288914	0.20392014981905499	0.1693276640591563	0.14779914615243145	0.023984317983111	0.15989468800690101
27.272727272727273	0.19662958376054218	0.20392014981701248	0.1693276640583029	0.14779914615108736	0.02398431798277803	0.1598946880055207
27.77777777777778	0.19662958375819523	0.20392014981496998	0.1693276640574495	0.14779914614974327	0.02398431798244506	0.1598946880041404
28.282828282828284	0.19662958375584824	0.2039201498129275	0.16932766405659608	0.14779914614839917	0.02398431798211209	0.15989468800276008
28.78787878787879	0.19662958375350129	0.203920149810885	0.16932766405574268	0.14779914614705508	0.02398431798177912	0.15989468800137976
29.292929292929294	0.1966295837511543	0.2039201498088425	0.16932766405488928	0.147799146145711	0.02398431798144615	0.15989468799999945
29.7979797979798	0.19662958374880735	0.20392014980679998	0.16932766405403588	0.1477991461443669	0.023984317981113182	0.15989468799861914
30.303030303030305	0.19662958374646036	0.20392014980475748	0.16932766405318248	0.1477991461430228	0.023984317980780212	0.15989468799723883
30.80808080808081	0.1966295837441134	0.20392014980271497	0.16932766405232907	0.14779914614167872	0.023984317980447242	0.15989468799585851
31.313131313131315	0.19662958374176642	0.20392014980067247	0.16932766405147567	0.14779914614033463	0.023984317980114273	0.1598946879944782
31.81818181818182	0.19662958373941947	0.20392014979863	0.16932766405062227	0.14779914613899053	0.023984317979781306	0.1598946879930979
32.323232323232325	0.19662958373707248	0.20392014979658749	0.16932766404976884	0.14779914613764644	0.023984317979448336	0.15989468799171758
32.82828282828283	0.19662958373472553	0.20392014979454498	0.16932766404891544	0.14779914613630235	0.023984317979115367	0.15989468799033726
33.333333333333336	0.19662958373237854	0.20392014979250248	0.16932766404806204	0.14779914613495826	0.023984317978782397	0.15989468798895695
33.83838383838384	0.1966295837300316	0.20392014979045997	0.16932766404720864	0.14779914613361417	0.023984317978449427	0.15989468798757664
34.343434343434346	0.1966295837276846	0.20392014978841747	0.16932766404635524	0.14779914613227008	0.023984317978116457	0.15989468798619633
34.84848484848485	0.19662958372533765	0.20392014978637496	0.16932766404550184	0.14779914613092598	0.023984317977783488	0.15989468798481601
35.35353535353536	0.19662958372299066	0.20392014978433248	0.16932766404464844	0.1477991461295819	0.023984317977450518	0.1598946879834357
35.85858585858586	0.1966295837206437	0.20392014978228998	0.169327664043795	0.1477991461282378	0.023984317977117548	0.1598946879820554
36.36363636363637	0.19662958371829675	0.20392014978024747	0.1693276640429416	0.1477991461268937	0.02398431797678458	0.15989468798067505
36.86868686868687	0.19662958371594977	0.20392014977820497	0.1693276640420882	0.14779914612554962	0.02398431797645161	0.15989468797929474
37.37373737373738	0.1966295837136028	0.20392014977616246	0.1693276640412348	0.14779914612420553	0.02398431797611864	0.15989468797791442
37.87878787878788	0.19662958371125583	0.20392014977411996	0.1693276640403814	0.14779914612286144	0.02398431797578567	0.1598946879765341
38.38383838383839	0.19662958370890887	0.20392014977207745	0.169327664039528	0.14779914612151737	0.0239843179754527	0.1598946879751538
38.88888888888889	0.1966295837065619	0.20392014977003495	0.1693276640386746	0.14779914612017328	0.02398431797511973	0.15989468797377349
39.3939393939394	0.19662958370421493	0.20392014976799247	0.16932766403782118	0.1477991461188292	0.02398431797478676	0.15989468797239317
39.8989898989899	0.19662958370186795	0.20392014976594997	0.16932766403696778	0.1477991461174851	0.02398431797445379	0.15989468797101286
40.40404040404041	0.196629583699521	0.20392014976390746	0.16932766403611438	0.147799146116141	0.02398431797412082	0.15989468796963255
40.909090909090914	0.196629583697174	0.20392014976186496	0.16932766403526098	0.14779914611479691	0.02398431797378785	0.15989468796825224
41.41414141414142	0.1966295836954524	0.20392014976036665	0.16932766403463495	0.14779914611381095	0.023984317973542602	0.1598946879672397
41.919191919191924	0.19662958369537356	0.20392014976029807	0.16932766403460628	0.14779914611376582	0.023984317973527805	0.1598946879671933
42.42424242424243	0.19662958369529474	0.20392014976022946	0.16932766403457764	0.1477991461137207	0.02398431797351301	0.15989468796714693
42.929292929292934	0.1966295836952159	0.20392014976016087	0.16932766403454896	0.1477991461136756	0.023984317973498214	0.15989468796710052
43.43434343434344	0.19662958369513708	0.20392014976009226	0.1693276640345203	0.14779914611363046	0.02398431797348342	0.15989468796705414
43.939393939393945	0.19662958369505826	0.20392014976002368	0.16932766403449165	0.14779914611358533	0.023984317973468627	0.15989468796700776
44.44444444444445	0.19662958369497943	0.20392014975995507	0.16932766403446298	0.1477991461135402	0.02398431797345383	0.15989468796696135
44.949494949494955	0.1966295836949006	0.20392014975988648	0.1693276640344343	0.14779914611349507	0.023984317973439036	0.15989468796691497
45.45454545454546	0.19662958369482178	0.20392014975981787	0.16932766403440566	0.14779914611344994	0.023984317973424242	0.15989468796686856
45.959595959595966	0.19662958369474295	0.2039201497597493	0.169327664034377	0.1477991461134048	0.023984317973409445	0.15989468796682219
46.46464646464647	0.19662958369466416	0.20392014975968067	0.16932766403434832	0.14779914611335968	0.02398431797339465	0.1598946879667758
46.969696969696976	0.19662958369458533	0.2039201497596121	0.16932766403431967	0.14779914611331457	0.023984317973379854	0.1598946879667294
47.47474747474748	0.1966295836945065	0.20392014975954348	0.169327664034291	0.14779914611326944	0.02398431797336506	0.15989468796668302
47.979797979797986	0.19662958369442768	0.2039201497594749	0.16932766403426233	0.1477991461132243	0.023984317973350266	0.15989468796663664
48.484848484848484	0.19662958369434885	0.20392014975940628	0.1693276640342337	0.14779914611317918	0.02398431797333547	0.15989468796659023
48.98989898989899	0.19662958369427003	0.2039201497593377	0.16932766403420502	0.14779914611313405	0.023984317973320676	0.15989468796654385
49.494949494949495	0.1966295836941912	0.2039201497592691	0.16932766403417635	0.14779914611308892	0.023984317973305882	0.15989468796649745
50.0	0.19662958369411238	0.2039201497592005	0.16932766403414767	0.1477991461130438	0.023984317973291085	0.15989468796645107
