NON $ % + - . 0 1 2
#NON	b	e	f	d	h	a	c	g
0.0	0.6542290105999891	0.8020617798915142	0.9528306519273981	0.18385769581333333	0.08278137001976527	0.6878198819702301	0.15003019522767647	0.30539263491850477
0.5050505050505051	0.46690132897937786	0.3973441884961292	0.5090617499664364	0.16922322876155585	0.11459624061847991	0.28417732742972646	0.16725263619245756	0.23891843574666985
1.0101010101010102	0.35907874308459464	0.19805381071180184	0.30524726258746565	0.14079769327269123	0.1149842112033961	0.1803397351424489	0.15866432147832038	0.20156988143354992
1.5151515151515151	0.2943539290239052	0.10058879004810298	0.213499573447343	0.12500262718300995	0.11052285430636932	0.15229939310235863	0.14824903124614927	0.1783098941943373
2.0202020202020203	0.25504136083894546	0.05269134266369701	0.17367662530067943	0.11902481440283977	0.10776247249385058	0.14408785455235418	0.14158256710991265	0.16344266151939724
2.5252525252525255	0.23129862137352875	0.028776760781830293	0.15708530062523574	0.11748267313501282	0.10683442400738692	0.1415576812737461	0.13817353758118894	0.15408501998457497
3.0303030303030303	0.21714816846563084	0.01654691250193868	0.1505267716350878	0.11749023806789878	0.10688540816547824	0.14086130273962638	0.136704217746782	0.14836914917759297
3.5353535353535355	0.20884733419356544	0.010101290722812961	0.14814742656606741	0.11789511972188128	0.10730061260535041	0.14079757463679646	0.13622077582012346	0.14499379256958375
4.040404040404041	0.20405826401990113	0.0065843320859908785	0.14742755406557115	0.11831004136749317	0.10776966542388502	0.1409348661673657	0.1361775418018161	0.14306985334117353
4.545454545454546	0.20134186561054887	0.0045924933850836295	0.14731595776255257	0.11863380510046628	0.10816987115003539	0.141108392872024	0.13629652992937855	0.14201437345388263
5.050505050505051	0.19982795711822765	0.0034211887132956685	0.14739283490083158	0.1188604511635306	0.10847128345057837	0.1412595817766655	0.1364498783753685	0.14146055540988006
5.555555555555556	0.19899978831638795	0.0027073716501566053	0.14750259878582947	0.11900990451618813	0.1086822907382195	0.14137386017571701	0.13658673097851332	0.14118614635582724
6.0606060606060606	0.19855586957417637	0.002258202131799633	0.1475958617764287	0.1191046052375969	0.10882286828944941	0.1414536398993951	0.13669256609484107	0.14106115157215335
6.565656565656566	0.19832335552536545	0.001967748813649819	0.14766305822243309	0.11916281467593907	0.10891312034228345	0.14150643607011237	0.1367681407668014	0.1410121742035581
7.070707070707071	0.19820483517348517	0.0017756792329127013	0.14770755789331094	0.11919768846468748	0.10896936116275993	0.14153998629101064	0.13681932655171944	0.14099929342584833
7.575757575757576	0.19814643925832745	0.0016464141515409453	0.14773550073616948	0.11921809953153696	0.10900352678762068	0.14156060263142672	0.13685266763175827	0.14100175663350847
8.080808080808081	0.1981189339958033	0.0015582313018992003	0.14775237573144998	0.11922977722227049	0.109023809929511	0.14157289605547058	0.13687371665023015	0.14100937672783795
8.585858585858587	0.19810680016140703	0.0014974589060558184	0.14776224774025482	0.1192363041729571	0.1090355915842788	0.14158001870479792	0.13688665592115545	0.14101756991411427
9.090909090909092	0.19810200281013712	0.0014552608682095076	0.14776785920072108	0.11923986044616262	0.1090422877256178	0.14158402521804916	0.13689442098737417	0.1410245761962399
9.595959595959597	0.19810050147184186	0.0014257969147107633	0.14777095930206072	0.11924174172960043	0.10904600822619864	0.14158620709286215	0.1368989757865733	0.1410299594080699
10.101010101010102	0.19810034932677145	0.001405142104708489	0.14777262244879202	0.11924270236368766	0.10904802511155083	0.1415873504383225	0.1369015883998884	0.14103384120262433
10.606060606060607	0.19810065304127283	0.001390620698220357	0.14777348315185487	0.11924316887637341	0.10904908712567006	0.14158792131602008	0.13690305166691044	0.14103652122435878
11.111111111111112	0.19810103677686366	0.0013803898711810588	0.14777391064395548	0.11924338194766636	0.10904962757922433	0.14158818561680656	0.13690385091345458	0.1410383126114901
11.616161616161618	0.19810136609650866	0.001373171461744621	0.14777410925453638	0.11924346570892735	0.10904988931531989	0.14158829537602802	0.13690427389349377	0.1410394801456633
12.121212121212121	0.19810160877874877	0.0013680732373633829	0.14777419365354327	0.11924349275351404	0.10905000816046384	0.1415883286713237	0.1369044900447406	0.14104022474518016
12.626262626262626	0.19810177306961516	0.0013644695254974683	0.14777422269235074	0.11924349277715926	0.10905005586062037	0.14158833006671392	0.136904594817288	0.14104069116637713
13.131313131313131	0.19810187793617134	0.0013619197052900517	0.1477742276828193	0.1192434845116714	0.10905007069926308	0.14158831923852036	0.13690464219710216	0.14104097888444544
13.636363636363637	0.19810194126973815	0.0013601223570863894	0.14777422311135827	0.1192434745708145	0.10905007110053878	0.14158830569167422	0.13690466033807613	0.1410411521764915
14.141414141414142	0.19810197807982086	0.0013588467940422648	0.14777421666814805	0.11924346605805967	0.10905006720572324	0.14158829397912004	0.13690466601012383	0.14104125677910045
14.646464646464647	0.19810199855812596	0.0013579415709884135	0.14777421089733273	0.11924345964721071	0.10905006272408102	0.14158828502781717	0.13690466652557862	0.1410413193514767
15.151515151515152	0.19810200975907796	0.0013573016219216828	0.14777420592279136	0.1192434550310457	0.10905005827944596	0.14158827809345206	0.13690466445602864	0.1410413558021473
15.656565656565657	0.19810201549232795	0.0013568501231711173	0.1477742022304482	0.11924345222048405	0.10905005475295144	0.14158827300600982	0.13690466194321066	0.14104137667493355
16.161616161616163	0.1981020181244122	0.0013565282305722506	0.14777420007181913	0.1192434512055592	0.10905005265713985	0.14158826953801784	0.13690466030304788	0.1410413891490649
16.666666666666668	0.19810201897227367	0.001356298893326311	0.14777419902075475	0.11924345164046088	0.10905005161989133	0.1415882671113593	0.13690465943752078	0.1410413965529317
17.171717171717173	0.19810201894466853	0.0013561353243229486	0.1477741984948997	0.11924345308781378	0.10905005104496274	0.14158826512234	0.136904658844265	0.14104140071218946
17.67676767676768	0.19810201888019963	0.0013560155568618346	0.14777419806370629	0.1192434550221807	0.10905005049343176	0.14158826322340654	0.13690465818267944	0.14104140302050425
18.181818181818183	0.1981020188910525	0.0013559407853247871	0.1477741975949153	0.11924345742894855	0.10905004981023304	0.1415882612896254	0.1369046572749679	0.14104140335694904
18.68686868686869	0.19810201894402021	0.0013558844526511604	0.14777419645277118	0.11924345304676251	0.10905004875875124	0.14158826221333182	0.1369046561279058	0.14104140370981247
19.191919191919194	0.19810201872777522	0.0013558448693003773	0.1477741953608646	0.11924344725106842	0.10905004784958333	0.14158826397122504	0.13690465514850014	0.14104140376412416
19.6969696969697	0.1981020184459486	0.0013558163542455668	0.14777419513236673	0.11924344636555363	0.10905004763372343	0.14158826413194472	0.13690465485738462	0.14104140366802717
20.202020202020204	0.1981020182347859	0.0013557949047737596	0.14777419501461755	0.1192434459585368	0.10905004751815227	0.14158826418246703	0.1369046546879993	0.1410414035839061
20.70707070707071	0.19810201809386258	0.0013557801516944192	0.14777419498761146	0.11924344592049874	0.10905004748654049	0.14158826415759784	0.13690465462359183	0.14104140351439592
21.212121212121215	0.19810201799740307	0.001355769161038465	0.1477741949733928	0.11924344590120707	0.10905004746942201	0.14158826414259093	0.13690465458479747	0.14104140346495564
21.71717171717172	0.19810201795275031	0.001355762847654477	0.14777419499912564	0.11924344602491131	0.10905004749083949	0.14158826410642797	0.13690465459869633	0.14104140343287552
22.222222222222225	0.19810201791300278	0.0013557570444624216	0.14777419499644373	0.11924344601721468	0.10905004748745217	0.1415882641044351	0.1369046545871612	0.1410414034109695
22.72727272727273	0.19810201790743584	0.001355754423378834	0.14777419501493527	0.11924344608197777	0.1090500475048193	0.14158826409350742	0.13690465460534393	0.1410414034019844
23.232323232323235	0.19810201791749996	0.001355753464292649	0.14777419504004688	0.11924344616951348	0.10905004752876432	0.1415882640800504	0.13690465463387563	0.14104140339993895
23.73737373737374	0.19810201793124152	0.0013557530910980626	0.1477741950529823	0.11924344620342198	0.10905004754194889	0.1415882640798655	0.13690465465157728	0.14104140340334667
24.242424242424242	0.1981020179424908	0.0013557527894437573	0.14777419505121725	0.11924344617725526	0.10905004754172419	0.14158826409266326	0.13690465465422796	0.14104140340957538
24.747474747474747	0.19810201796178759	0.001355753516035749	0.14777419506162776	0.1192434462044114	0.10905004755249932	0.14158826409309747	0.13690465467026416	0.14104140341716387
25.252525252525253	0.19810201797116322	0.0013557537177847196	0.1477741950609294	0.11924344619381703	0.10905004755251954	0.14158826409857175	0.13690465467240506	0.14104140342265312
25.757575757575758	0.1981020179676885	0.0013557531209930174	0.14777419504841136	0.11924344614392167	0.10905004754100009	0.14158826410878367	0.13690465465917748	0.14104140342461194
26.262626262626263	0.19810201797001506	0.0013557531527076249	0.14777419504398417	0.11924344612610231	0.1090500475370047	0.1415882641126946	0.13690465465528692	0.1410414034274669
26.767676767676768	0.19810201796626165	0.0013557528337405516	0.14777419503838302	0.11924344610855724	0.10905004753151523	0.14158826411445563	0.13690465464840107	0.14104140342735685
27.272727272727273	0.19810201796012356	0.001355752201106667	0.1477741950363829	0.11924344610515826	0.10905004752928824	0.14158826411318243	0.13690465464461254	0.14104140342468952
27.77777777777778	0.19810201794973675	0.0013557516173804125	0.14777419502879796	0.11924344608561471	0.10905004752149414	0.1415882641129116	0.1369046546337041	0.14104140342155294
28.282828282828284	0.19810201794103	0.0013557510588445133	0.14777419502476663	0.11924344607726023	0.10905004751716613	0.14158826411144157	0.13690465462700802	0.14104140341810123
28.78787878787879	0.19810201793400328	0.0013557505254989692	0.1477741950242889	0.11924344608009482	0.1090500475163042	0.1415882641087724	0.1369046546245243	0.14104140341433438
29.292929292929294	0.1981020179265814	0.001355750141248911	0.14777419501759423	0.11924344606155109	0.10905004750953741	0.14158826410935982	0.1369046546154066	0.14104140341253066
29.7979797979798	0.19810201792039533	0.0013557498087095467	0.1477741950123619	0.11924344604722578	0.10905004750423095	0.14158826410970174	0.13690465460817974	0.1410414034108994
30.303030303030305	0.19810201791546492	0.0013557495267009503	0.1477741950086849	0.11924344603742904	0.10905004750047408	0.14158826410975578	0.13690465460294704	0.14104140340941898
30.80808080808081	0.19810201791179013	0.001355749295223122	0.1477741950065633	0.11924344603216086	0.1090500474982668	0.1415882641095219	0.13690465459970844	0.14104140340808932
31.313131313131315	0.198102017909371	0.0013557491142760615	0.1477741950059971	0.11924344603142126	0.1090500474976091	0.14158826410900013	0.136904654598464	0.1410414034069105
31.81818181818182	0.19810201790820745	0.0013557489838597692	0.14777419500698624	0.11924344603521021	0.109050047498501	0.14158826410819045	0.13690465459921367	0.14104140340588245
32.323232323232325	0.1981020179082995	0.0013557489039742448	0.14777419500953076	0.11924344604352773	0.10905004750094248	0.14158826410709288	0.1369046546019575	0.1410414034050052
32.82828282828283	0.19810201790964724	0.0013557488746194883	0.14777419501363068	0.11924344605637381	0.10905004750493355	0.14158826410570738	0.13690465460669546	0.14104140340427876
33.333333333333336	0.19810201791185955	0.001355748882321455	0.14777419501867625	0.11924344607190525	0.1090500475098729	0.14158826410419073	0.13690465461267476	0.14104140340370136
33.83838383838384	0.198102017911157	0.0013557487968396955	0.1477741950187742	0.11924344607230553	0.10905004750994825	0.14158826410405803	0.1369046546126193	0.14104140340325616
34.343434343434346	0.1981020179108055	0.0013557487307180904	0.1477741950190171	0.11924344607297031	0.1090500475101821	0.14158826410400002	0.13690465461281656	0.14104140340295773
34.84848484848485	0.19810201791080512	0.001355748683956639	0.1477741950194049	0.11924344607389963	0.1090500475105745	0.14158826410401673	0.13690465461326654	0.14104140340280605
35.35353535353536	0.19810201791115578	0.001355748656555342	0.1477741950199376	0.11924344607509345	0.10905004751112542	0.14158826410410816	0.13690465461396922	0.14104140340280114
35.85858585858586	0.19810201791185753	0.0013557486485141987	0.14777419502061523	0.11924344607655178	0.10905004751183486	0.1415882641042743	0.13690465461492465	0.141041403402943
36.36363636363637	0.19810201791291032	0.0013557486598332095	0.1477741950214378	0.11924344607827464	0.10905004751270282	0.14158826410451514	0.13690465461613277	0.1410414034032316
36.86868686868687	0.19810201791431423	0.0013557486905123744	0.14777419502240527	0.11924344608026201	0.10905004751372932	0.1415882641048307	0.13690465461759363	0.141041403403667
37.37373737373738	0.19810201791606918	0.0013557487405516933	0.14777419502351766	0.11924344608251389	0.10905004751491434	0.14158826410522093	0.1369046546193072	0.14104140340424912
37.87878787878788	0.1981020179184013	0.0013557486836167096	0.14777419502659067	0.1192434460895649	0.1090500475180881	0.14158826410568368	0.13690465462340962	0.14104140340438193
38.38383838383839	0.1981020179188514	0.0013557487119607828	0.14777419502654077	0.11924344608925333	0.10905004751805816	0.1415882641058145	0.13690465462346935	0.14104140340466867
38.88888888888889	0.19810201791930154	0.001355748740304856	0.14777419502649086	0.11924344608894175	0.10905004751802823	0.14158826410594533	0.13690465462352905	0.1410414034049554
39.3939393939394	0.19810201791975166	0.0013557487686489292	0.14777419502644096	0.11924344608863018	0.1090500475179983	0.14158826410607614	0.13690465462358878	0.14104140340524216
39.8989898989899	0.1981020179202018	0.0013557487969930023	0.14777419502639105	0.11924344608831859	0.10905004751796836	0.14158826410620695	0.13690465462364848	0.1410414034055289
40.40404040404041	0.1981020179206519	0.0013557488253370755	0.14777419502634115	0.11924344608800702	0.10905004751793841	0.1415882641063378	0.1369046546237082	0.14104140340581564
40.909090909090914	0.19810201792110205	0.0013557488536811487	0.14777419502629124	0.11924344608769545	0.10905004751790848	0.1415882641064686	0.1369046546237679	0.14104140340610238
41.41414141414142	0.19810201792155216	0.001355748882025222	0.14777419502624134	0.11924344608738387	0.10905004751787854	0.14158826410659944	0.13690465462382764	0.1410414034063891
41.919191919191924	0.1981020179220023	0.001355748910369295	0.14777419502619143	0.1192434460870723	0.10905004751784861	0.14158826410673025	0.13690465462388735	0.14104140340667584
42.42424242424243	0.19810201792231624	0.001355748930257747	0.14777419502615657	0.11924344608685612	0.1090500475178276	0.14158826410682082	0.13690465462392884	0.14104140340687585
42.929292929292934	0.1981020179223264	0.0013557489312799713	0.14777419502615532	0.11924344608685276	0.10905004751782654	0.14158826410682163	0.13690465462392962	0.14104140340688237
43.43434343434344	0.19810201792233653	0.0013557489323021957	0.14777419502615405	0.1192434460868494	0.1090500475178255	0.1415882641068224	0.1369046546239304	0.1410414034068889
43.939393939393945	0.1981020179223467	0.00135574893332442	0.1477741950261528	0.11924344608684606	0.10905004751782445	0.1415882641068232	0.13690465462393117	0.1410414034068954
44.44444444444445	0.19810201792235682	0.0013557489343466445	0.14777419502615155	0.1192434460868427	0.10905004751782339	0.141588264106824	0.13690465462393195	0.1410414034069019
44.949494949494955	0.19810201792236698	0.0013557489353688687	0.14777419502615027	0.11924344608683934	0.10905004751782235	0.1415882641068248	0.13690465462393273	0.14104140340690843
45.45454545454546	0.1981020179223771	0.001355748936391093	0.14777419502614902	0.119243446086836	0.1090500475178213	0.1415882641068256	0.1369046546239335	0.14104140340691496
45.959595959595966	0.19810201792238727	0.0013557489374133175	0.14777419502614778	0.11924344608683264	0.10905004751782024	0.1415882641068264	0.13690465462393428	0.14104140340692148
46.46464646464647	0.1981020179223974	0.0013557489384355419	0.1477741950261465	0.11924344608682928	0.1090500475178192	0.1415882641068272	0.13690465462393506	0.141041403406928
46.969696969696976	0.19810201792240756	0.001355748939457766	0.14777419502614525	0.11924344608682594	0.10905004751781815	0.14158826410682798	0.13690465462393586	0.1410414034069345
47.47474747474748	0.1981020179224177	0.0013557489404799905	0.147774195026144	0.11924344608682258	0.10905004751781709	0.1415882641068288	0.13690465462393664	0.14104140340694102
47.979797979797986	0.19810201792242785	0.0013557489415022149	0.14777419502614275	0.11924344608681922	0.10905004751781605	0.1415882641068296	0.13690465462393742	0.14104140340694754
48.484848484848484	0.19810201792243798	0.001355748942524439	0.14777419502614147	0.11924344608681586	0.109050047517815	0.14158826410683037	0.1369046546239382	0.14104140340695406
48.98989898989899	0.19810201792244814	0.0013557489435466635	0.14777419502614023	0.11924344608681252	0.10905004751781394	0.14158826410683117	0.13690465462393897	0.14104140340696059
49.494949494949495	0.19810201792245827	0.0013557489445688879	0.14777419502613898	0.11924344608680916	0.1090500475178129	0.14158826410683198	0.13690465462393975	0.1410414034069671
50.0	0.19810201792246843	0.0013557489455911123	0.1477741950261377	0.1192434460868058	0.10905004751781185	0.14158826410683276	0.13690465462394052	0.1410414034069736
