NON $ % + - . 0 1
#NON	g	e	c	f	d	a	b
0.0	0.9372794586320551	0.01767250477004345	0.4200468468966819	0.10530296558183261	0.3998447675578204	0.76492023418285	0.7976521192526952
0.5050505050505051	0.5392568596041704	0.10494536970798424	0.18608526467654193	0.09899082178780241	0.32723443431136373	0.32483170665306776	0.38361914783978285
1.0101010101010102	0.352377640683323	0.11321057696044197	0.09534942178685514	0.0874108951474701	0.2727953133444737	0.17698063719360874	0.23242943958782827
1.5151515151515151	0.2613992680523295	0.10479767498846587	0.0578571723310321	0.07547569134097358	0.23406705579148882	0.12389489318733882	0.17321307188392332
2.0202020202020203	0.21446816398161264	0.09665271107653045	0.041206244150292934	0.06529087517929189	0.20871163711091786	0.10193140909747798	0.14663756527578015
2.5252525252525255	0.18834928806149748	0.09119811661797665	0.03324179073885369	0.057385718177126975	0.19283420109046456	0.09076195618248883	0.1323127272968372
3.0303030303030303	0.17260273192072864	0.08767642875905333	0.02913359034313399	0.05155692263397771	0.182866073603339	0.08389938234869669	0.1232446041952977
3.5353535353535355	0.16244094971670064	0.08527459847669745	0.02684487983148311	0.04737130621917901	0.1763991562662237	0.07918964243483208	0.11694024696514721
4.040404040404041	0.15555939304723665	0.08354012330103465	0.02547120578101171	0.044400299096566294	0.17202511606910356	0.07581032521526951	0.11238631178538709
4.545454545454546	0.15075849092164936	0.08224989587656147	0.02459163214307717	0.042297860789731766	0.16896036906217188	0.07335652642059808	0.10906342875286246
5.050505050505051	0.1473524819517928	0.08128357355599766	0.02399988347218559	0.040807976900200146	0.16676234641298476	0.07157395070261434	0.10663959335375524
5.555555555555556	0.1449141782385227	0.08056285428952996	0.023588200043183728	0.03974867718408629	0.16516602327802965	0.07028169547743542	0.10487645778573182
6.0606060606060606	0.14316021570402104	0.08002919162629554	0.023295846087378193	0.03899267968288959	0.1640004936288447	0.06934654359626037	0.10359708144961641
6.565656565656566	0.14189518732025783	0.07963668970003242	0.023085822570209965	0.03845125538129286	0.16314839430250133	0.06867041251076736	0.10267016092977908
7.070707070707071	0.14098138777480843	0.07934949265032974	0.022934037848497877	0.03806236103043451	0.16252580515727186	0.06818164854668178	0.10199909213046046
7.575757575757576	0.1403206584510177	0.07914009245982086	0.02282403296466149	0.03778237357008158	0.16207149153010147	0.06782825168553722	0.1015133570175454
8.080808080808081	0.13984260012749647	0.07898776487143902	0.02274421638571668	0.03758043377941381	0.1617404284702618	0.06757263291457423	0.1011617483387248
8.585858585858587	0.1394965451184226	0.07887711203407409	0.022686285279930832	0.03743458892742012	0.1614994759475954	0.06738765913249874	0.10090717847143318
9.090909090909092	0.1392459569234813	0.07879680087319649	0.022644240372410265	0.037329152358492754	0.16132428343796268	0.06725375469201499	0.10072282496653667
9.595959595959597	0.13906445591092098	0.07873854106504022	0.02261373240037875	0.03725287446727582	0.16119700650883678	0.0671567906605223	0.10058929486046603
10.101010101010102	0.1389329645000558	0.07869629138414728	0.022591597955690653	0.037197659131704065	0.1611045928771043	0.06708655693763349	0.10049255855021932
10.606060606060607	0.1388376897267902	0.07866565594207485	0.022575543275948566	0.03715767634049665	0.1610375213576587	0.06703567460564987	0.1004224664138069
11.111111111111112	0.13876864870240854	0.07864344516026045	0.02256390141938934	0.03712871567839671	0.16098886330892895	0.06699880316829838	0.1003716709688208
11.616161616161618	0.13871861596657245	0.07862734226823148	0.022555456464115376	0.037107734132539885	0.16095356318806459	0.06697208979919315	0.10033486646181781
12.121212121212121	0.13868235164854134	0.07861566808227842	0.022549336216139658	0.03709253094300341	0.1609279670005242	0.06695272422910016	0.10030818459422583
12.626262626262626	0.13865606923028592	0.07860720627847244	0.022544897274079656	0.03708151354453608	0.16090940459865338	0.06693869152524863	0.10028884976241137
13.131313131313131	0.1386370192823434	0.07860107198580438	0.02254168024489832	0.03707352910902963	0.16089594781925487	0.0669285192565663	0.10027483377888279
13.636363636363637	0.13862321383126527	0.07859662596339738	0.022539347681557617	0.037067743105521925	0.16088619149747288	0.06692114869306166	0.10026467780675058
14.141414141414142	0.13861320689947623	0.0785934030736838	0.022537656907329947	0.037063549365725375	0.16087911881106795	0.06691580587123279	0.10025731584988232
14.646464646464647	0.13860595314147525	0.07859106654938387	0.02253643121018247	0.037060509578579634	0.16087399127235766	0.06691193307485065	0.10025197938808787
15.151515151515152	0.13860069502274527	0.07858937294809064	0.02253554265120722	0.03705830614712254	0.16087027408649007	0.06690912574999602	0.10024811107315014
15.656565656565657	0.1385968812547772	0.07858814447226953	0.022534898150187853	0.03705670800832055	0.16086757781568825	0.06690708956070496	0.100245305325322
16.161616161616163	0.13859411534807034	0.07858725405044822	0.022534430645653435	0.03705554894440378	0.16086562233814206	0.06690561277952636	0.10024327047226457
16.666666666666668	0.13859211545057054	0.07858661074067178	0.022534092532202527	0.03705471087977859	0.16086420830573034	0.06690454501321269	0.1002417992204565
17.171717171717173	0.13859066512406948	0.07858614304577145	0.02253384749582677	0.037054103223837905	0.1608631827012035	0.06690377076639083	0.10024073224926061
17.67676767676768	0.13858961261130412	0.07858580216893733	0.022533669871425695	0.03705366228517277	0.1608624385392089	0.06690320882678924	0.10023995778152243
18.181818181818183	0.13858884992408338	0.07858555663980464	0.022533540898754874	0.03705334261456002	0.160861899381964	0.06690280153952903	0.10023939665585004
18.68686868686869	0.13858829753425125	0.07858538261153201	0.022533446920975007	0.03705311094145664	0.16086150850241868	0.0669025067505754	0.10023899071910045
19.191919191919194	0.13858789758410228	0.07858525843492621	0.02253337872142793	0.03705294330351417	0.16086122495688188	0.0669022936490599	0.10023869714728281
19.6969696969697	0.1385876069222543	0.0785851626700731	0.022533330200736404	0.03705282191152239	0.1608610191587377	0.06690213870210446	0.10023848313964356
20.202020202020204	0.13858739555280855	0.07858508342864445	0.02253329627821419	0.03705273375336735	0.16086087133997667	0.06690202492816043	0.10023832589965771
20.70707070707071	0.1385872427121716	0.07858502652434994	0.022533270780977766	0.037052669151912854	0.16086076547205527	0.06690194188780668	0.10023821218882245
21.212121212121215	0.1385871331426369	0.07858499072236927	0.022533252067668097	0.03705262283236285	0.16086068906101303	0.06690188266179364	0.10023813113780718
21.71717171717172	0.1385870520220128	0.07858496986433508	0.02253323847629738	0.0370525894121346	0.1608606302460952	0.0669018403325274	0.10023807211195017
22.222222222222225	0.1385869940407249	0.07858495675438006	0.0225332276636972	0.03705256504090996	0.1608605876222588	0.0669018103624146	0.10023803080044864
22.72727272727273	0.1385869518132257	0.07858494513079872	0.022533220187762295	0.037052547317265316	0.16086055725194376	0.06690178812606891	0.10023800016693593
23.232323232323235	0.1385869212128012	0.07858493588455344	0.022533214892864212	0.03705253447181174	0.16086053547216853	0.06690177187182081	0.10023797778986054
23.73737373737374	0.1385868990242814	0.07858492895193742	0.022533211101416727	0.037052525163436933	0.1608605197488643	0.06690176004411051	0.10023796150418987
24.242424242424242	0.13858688289803098	0.07858492383751481	0.022533208360795302	0.037052518402749396	0.16086050833186366	0.0669017514422183	0.10023794965500803
24.747474747474747	0.1385868711332389	0.07858492004174021	0.022533206372495982	0.03705251347258189	0.16086050001529878	0.0669017451593341	0.10023794099840506
25.252525252525253	0.1385868627746957	0.07858491728463493	0.022533204969285358	0.03705250997065204	0.16086049412075196	0.0669017406869758	0.10023793483615087
25.757575757575758	0.13858685678363672	0.07858491526926731	0.022533203967746773	0.03705250745926173	0.16086048990828375	0.066901737473489	0.10023793041084968
26.262626262626263	0.1385868524028114	0.07858491380282952	0.022533203229569768	0.037052505619358016	0.16086048682918158	0.06690173512245569	0.10023792717746102
26.767676767676768	0.13858684923483425	0.0785849127721523	0.02253320268318742	0.0370525042842566	0.1608604845938847	0.06690173342695611	0.10023792485026725
27.272727272727273	0.13858684695299223	0.07858491207638381	0.022533202270481372	0.037052503317445314	0.16086048296326044	0.06690173221761089	0.10023792319454017
27.77777777777778	0.13858684530176565	0.07858491161499961	0.022533201951174062	0.037052502616226515	0.16086048174485706	0.06690173136589578	0.10023792202671529
28.282828282828284	0.13858684411453684	0.0785849113165186	0.022533201700737443	0.037052502114390554	0.16086048081400867	0.06690173078760574	0.1002379212257604
28.78787878787879	0.13858684321665868	0.07858491105243777	0.02253320150920735	0.03705250174929657	0.1608604800479979	0.06690173039057268	0.10023792065247257
29.292929292929294	0.13858684240316516	0.07858491083957747	0.02253320134560998	0.037052501409854964	0.1608604794108347	0.0669017299945757	0.10023792009904929
29.7979797979798	0.1385868416699371	0.0785849106792496	0.022533201209210842	0.037052501093614826	0.16086047890242336	0.06690172959557426	0.10023791956105617
30.303030303030305	0.13858684110202876	0.0785849105443656	0.02253320111517583	0.03705250085118212	0.1608604785247395	0.06690172927699747	0.10023791913005474
30.80808080808081	0.13858684069944016	0.07858491043492549	0.022533201063504947	0.03705250068255685	0.16086047827778313	0.06690172903884535	0.10023791880604503
31.313131313131315	0.1385868404621713	0.07858491035092928	0.022533201054198187	0.03705250058773901	0.16086047816155424	0.0669017288811179	0.10023791858902703
31.81818181818182	0.13858684039022218	0.07858491029237694	0.02253320108725556	0.03705250056672861	0.16086047817605284	0.0669017288038151	0.10023791847900075
32.323232323232325	0.1385868402864214	0.07858491023943834	0.02253320109928039	0.037052500528915386	0.16086047814669174	0.06690172872212903	0.10023791836464324
32.82828282828283	0.13858684012943448	0.07858491018996783	0.022533201083412988	0.03705250046449506	0.16086047805458017	0.06690172862688323	0.10023791823390911
33.333333333333336	0.13858684003640517	0.07858491015574691	0.02253320107731867	0.03705250042730114	0.16086047800344408	0.06690172856846392	0.10023791815293764
33.83838383838384	0.1385868400073335	0.07858491013677557	0.02253320108099744	0.03705250041733361	0.16086047799328348	0.0669017285468711	0.10023791812172887
34.343434343434346	0.1385868400422194	0.07858491013305381	0.0225332010944493	0.037052500434592475	0.16086047802409836	0.06690172856210476	0.10023791814028278
34.84848484848485	0.13858684014106296	0.07858491014458163	0.02253320111767424	0.03705250047907774	0.16086047809588871	0.06690172861416492	0.10023791820859938
35.35353535353536	0.13858684001980853	0.07858491007785016	0.022533201120831292	0.03705250043438161	0.16086047803870096	0.0669017285327565	0.10023791809239488
35.85858585858586	0.13858684010036412	0.0785849101028525	0.02253320113187803	0.03705250046795968	0.16086047809045176	0.0669017285789473	0.10023791815566409
36.36363636363637	0.13858684018091974	0.07858491012785483	0.022533201142924765	0.03705250050153775	0.16086047814220256	0.0669017286251381	0.1002379182189333
36.86868686868687	0.13858684026147533	0.07858491015285717	0.0225332011539715	0.03705250053511582	0.16086047819395338	0.0669017286713289	0.1002379182822025
37.37373737373738	0.13858684034203095	0.0785849101778595	0.022533201165018234	0.03705250056869389	0.16086047824570418	0.06690172871751972	0.10023791834547172
37.87878787878788	0.13858684042258654	0.07858491020286185	0.02253320117606497	0.03705250060227197	0.16086047829745498	0.06690172876371052	0.10023791840874093
38.38383838383839	0.13858684046295458	0.07858491021543734	0.022533201181664957	0.03705250061910013	0.16086047832353095	0.06690172878677011	0.10023791844034002
38.88888888888889	0.13858684046875608	0.07858491021732412	0.022533201182580034	0.037052500621521184	0.16086047832752315	0.06690172878993388	0.10023791844469868
39.3939393939394	0.13858684047455758	0.07858491021921091	0.022533201183495107	0.03705250062394225	0.16086047833151537	0.06690172879309762	0.10023791844905734
39.8989898989899	0.13858684048035905	0.07858491022109769	0.022533201184410184	0.037052500626363304	0.16086047833550757	0.06690172879626138	0.100237918453416
40.40404040404041	0.13858684048616055	0.07858491022298447	0.02253320118532526	0.03705250062878436	0.1608604783394998	0.06690172879942513	0.10023791845777465
40.909090909090914	0.13858684049196204	0.07858491022487125	0.022533201186240335	0.037052500631205416	0.16086047834349199	0.06690172880258888	0.1002379184621333
41.41414141414142	0.13858684049776354	0.07858491022675804	0.022533201187155412	0.03705250063362648	0.1608604783474842	0.06690172880575264	0.10023791846649197
41.919191919191924	0.13858684050356504	0.07858491022864482	0.02253320118807049	0.037052500636047536	0.1608604783514764	0.06690172880891639	0.10023791847085062
42.42424242424243	0.13858684050936654	0.0785849102305316	0.022533201188985566	0.03705250063846859	0.16086047835546863	0.06690172881208013	0.10023791847520927
42.929292929292934	0.13858684051516804	0.07858491023241838	0.02253320118990064	0.037052500640889656	0.16086047835946082	0.0669017288152439	0.10023791847956792
43.43434343434344	0.1385868405209695	0.07858491023430517	0.022533201190815717	0.03705250064331071	0.16086047836345305	0.06690172881840764	0.10023791848392659
43.939393939393945	0.138586840526771	0.07858491023619195	0.022533201191730794	0.03705250064573177	0.16086047836744524	0.0669017288215714	0.10023791848828524
44.44444444444445	0.1385868405325725	0.07858491023807873	0.022533201192645867	0.03705250064815283	0.16086047837143747	0.06690172882473515	0.1002379184926439
44.949494949494955	0.138586840538374	0.07858491023996551	0.022533201193560944	0.03705250065057389	0.16086047837542966	0.0669017288278989	0.10023791849700255
45.45454545454546	0.1385868405441755	0.0785849102418523	0.02253320119447602	0.037052500652994945	0.16086047837942186	0.06690172883106266	0.10023791850136121
45.959595959595966	0.138586840549977	0.07858491024373908	0.0225332011953911	0.037052500655416	0.16086047838341408	0.0669017288342264	0.10023791850571986
46.46464646464647	0.1385868405557785	0.07858491024562586	0.022533201196306172	0.037052500657837065	0.16086047838740627	0.06690172883739016	0.10023791851007852
46.969696969696976	0.13858684056157997	0.07858491024751264	0.02253320119722125	0.03705250066025812	0.1608604783913985	0.06690172884055391	0.10023791851443717
47.47474747474748	0.13858684056738146	0.07858491024939943	0.022533201198136326	0.03705250066267918	0.1608604783953907	0.06690172884371766	0.10023791851879583
47.979797979797986	0.13858684057318296	0.07858491025128621	0.0225332011990514	0.03705250066510024	0.16086047839938292	0.06690172884688142	0.10023791852315449
48.484848484848484	0.13858684057898446	0.07858491025317299	0.022533201199966477	0.0370525006675213	0.1608604784033751	0.06690172885004517	0.10023791852751314
48.98989898989899	0.13858684058478596	0.07858491025505977	0.022533201200881554	0.037052500669942354	0.16086047840736734	0.06690172885320893	0.10023791853187179
49.494949494949495	0.13858684059058746	0.07858491025694656	0.02253320120179663	0.03705250067236341	0.16086047841135953	0.06690172885637267	0.10023791853623046
50.0	0.13858684059638895	0.07858491025883334	0.022533201202711704	0.03705250067478447	0.16086047841535175	0.06690172885953642	0.10023791854058911
