NON $ % + - . 0
#NON	c	e	d	a	b	f
0.0	0.8851597904090359	0.5342080336553756	0.9308173762046561	0.2252596461840859	0.5978219880740286	0.5277584454315846
0.5050505050505051	0.3996712731313632	0.3065686021816804	0.5155403524637809	0.30364098185468125	0.3987042409585602	0.3030243062454896
1.0101010101010102	0.23668300143893126	0.2491072398871165	0.3573820505260764	0.29683774844266314	0.3136373196929988	0.17941670984282423
1.5151515151515151	0.16825779094208992	0.23171238345501535	0.29057113111134814	0.27751090322773503	0.27286282701050385	0.11329999603549487
2.0202020202020203	0.1320452226236861	0.22539865053900224	0.2602810080617398	0.2624953263295927	0.25252252792201374	0.07813687270129459
2.5252525252525255	0.1101543526267497	0.22311257009603158	0.24596435616464749	0.2532415800824962	0.2423011157889713	0.05915938824134128
3.0303030303030303	0.09633500588041016	0.22254850209016738	0.23904309707394908	0.2480623257796971	0.23717725391868405	0.04864040845429433
3.5353535353535355	0.08757323471130768	0.22268627590139659	0.23565768998852815	0.24530422585989708	0.2346189770853092	0.04263511281069311
4.040404040404041	0.08204861151721664	0.2230398147174721	0.23399193679491476	0.24387644936908123	0.2333458224827158	0.03911685169851443
4.545454545454546	0.0785846614263935	0.2233990033346175	0.23316987949814205	0.24314973392206388	0.2327136203365271	0.037015019452423484
5.050505050505051	0.07642130190793199	0.22369202941820096	0.23276359121884868	0.24278367060723458	0.232400125511367	0.035742518243302795
5.555555555555556	0.0750737069452167	0.2239081967063283	0.23256264259207665	0.2426004670775451	0.2322447979307511	0.034965522071410744
6.0606060606060606	0.07423576841294083	0.2240589037337669	0.23246321796588912	0.24250915194508568	0.2321678737439203	0.03448861535441176
6.565656565656566	0.07371543957062376	0.22416034895801776	0.23241401794929703	0.2424637556863973	0.23212978934083292	0.03419501065459196
7.070707070707071	0.07339268529579755	0.2242270654700659	0.2323896656271284	0.24244122158144746	0.2321109341966712	0.034013944122817476
7.575757575757576	0.07319265586680371	0.22427024660339684	0.23237761329109136	0.2424300481779966	0.23210160113031278	0.03390218172542146
8.080808080808081	0.07306878081117665	0.22429787573286095	0.23237164873531316	0.2424245119428103	0.23209698181403826	0.03383316868958764
8.585858585858587	0.07299212723707436	0.224315411506993	0.23236869563224996	0.24242176937529178	0.23209469504532007	0.033790542417012716
9.090909090909092	0.07294469477266684	0.22432645959532657	0.23236723452921615	0.2424204112948715	0.23209356308039686	0.033764219791200055
9.595959595959597	0.07291539448396463	0.22433341173574772	0.23236651139032502	0.2424197393969063	0.23209300345593417	0.03374795738187674
10.101010101010102	0.0728972668158404	0.2243377449588713	0.23236615368282096	0.24241940674461043	0.23209272624678082	0.03373791923058068
10.606060606060607	0.07288607155451972	0.22434045047345227	0.232365976679683	0.24241924213837307	0.23209258912643638	0.03373172083629819
11.111111111111112	0.0728791560556973	0.22434213387105365	0.23236588905083796	0.24241916064726726	0.2320925212497142	0.0337278937261205
11.616161616161618	0.07287488288071546	0.22434318024929134	0.2323658455605827	0.24241912020332265	0.23209248756496112	0.03372552967014627
12.121212121212121	0.07287224446233871	0.22434383077196865	0.23236582411515044	0.24241910025995836	0.23209247095822383	0.03372406987405372
12.626262626262626	0.07287061924854235	0.22434423209201906	0.23236581377016086	0.2424190906396661	0.23209246294621755	0.033723171313858595
13.131313131313131	0.07286961227881772	0.2243444783566101	0.2323658083834617	0.2424190856304558	0.23209245876884643	0.03372261578964754
13.636363636363637	0.07286899389909614	0.22434463446567668	0.2323658057634772	0.2424190831938732	0.2320924567435679	0.0337222729352925
14.141414141414142	0.0728686126586569	0.22434473251419804	0.2323658044736601	0.2424190819944207	0.23209245574845738	0.03372206106185365
14.646464646464647	0.07286837259604177	0.22434478676848887	0.23236580377208188	0.24241908134208387	0.2320924551978602	0.0337219304667917
15.151515151515152	0.07286822627575007	0.22434482237032757	0.23236580344267327	0.24241908103571969	0.23209245494237396	0.0337218498811803
15.656565656565657	0.0728681369305481	0.22434484667653418	0.2323658032831994	0.24241908088741138	0.2320924548207729	0.03372179978776959
16.161616161616163	0.07286808137675682	0.22434486068587034	0.23236580320446812	0.2424190808141932	0.23209245476005247	0.03372176903905636
16.666666666666668	0.07286804709885288	0.22434486931474354	0.23236580316558628	0.2424190807780344	0.23209245473001774	0.03372175007684135
17.171717171717173	0.07286802574482562	0.22434487464985886	0.23236580314627683	0.24241908076007737	0.23209245471507428	0.0337217382797827
17.67676767676768	0.07286801291369022	0.22434487782637685	0.23236580313798827	0.24241908075236945	0.2320924547086355	0.03372173120252679
18.181818181818183	0.07286800510341976	0.2243448797371316	0.23236580313418517	0.24241908074883295	0.23209245470566295	0.033721726902970955
18.68686868686869	0.07286800020960725	0.22434488092955363	0.23236580313166819	0.24241908074649235	0.2320924547037025	0.03372172421034575
19.191919191919194	0.07286799714278856	0.22434488168471756	0.23236580312986557	0.24241908074481597	0.2320924547023207	0.0337217225196513
19.6969696969697	0.07286799523332062	0.224344882176174	0.23236580312877023	0.2424190807437972	0.2320924547015114	0.033721721459013296
20.202020202020204	0.07286799405218634	0.22434488251474838	0.23236580312824842	0.24241908074331173	0.23209245470116116	0.03372172079055081
20.70707070707071	0.07286799333257793	0.22434488276905196	0.23236580312806593	0.24241908074314186	0.2320924547010754	0.033721720366611085
21.212121212121215	0.07286799270238696	0.22434488297005728	0.23236580312789723	0.24241908074298488	0.23209245470097944	0.03372172000302395
21.71717171717172	0.07286799212168968	0.22434488311749168	0.23236580312771868	0.24241908074281873	0.23209245470085277	0.0337217196812251
22.222222222222225	0.07286799172592263	0.22434488321465335	0.23236580312760313	0.24241908074271126	0.23209245470075907	0.0337217194634027
22.72727272727273	0.07286799151508581	0.22434488326154228	0.2323658031275506	0.24241908074266247	0.23209245470069836	0.03372171934955675
23.232323232323235	0.07286799148917923	0.2243448832581585	0.23236580312756108	0.24241908074267232	0.2320924547006706	0.033721719339687255
23.73737373737374	0.07286799157048904	0.22434488322665896	0.23236580312760632	0.24241908074271457	0.23209245470066434	0.03372171938963752
24.242424242424242	0.07286799147760518	0.22434488324727656	0.23236580312758412	0.24241908074269394	0.2320924547006378	0.033721719339511534
24.747474747474747	0.07286799144120985	0.22434488325424146	0.23236580312757824	0.2424190807426885	0.2320924547006252	0.033721719320381954
25.252525252525253	0.07286799146130304	0.2243448832475536	0.23236580312758873	0.24241908074269825	0.23209245470062656	0.03372171933224878
25.757575757575758	0.07286799153788476	0.2243448832272131	0.23236580312761554	0.2424190807427232	0.23209245470064185	0.033721719375112015
26.262626262626263	0.07286799167095499	0.22434488319321985	0.2323658031276587	0.24241908074276336	0.23209245470067108	0.03372171944897165
26.767676767676768	0.07286799167548866	0.22434488318840906	0.23236580312767344	0.2424190807427771	0.2320924547006676	0.033721719453174044
27.272727272727273	0.07286799173215351	0.22434488317488227	0.23236580312768518	0.242419080742788	0.23209245470067902	0.03372171948418109
27.77777777777778	0.07286799178881836	0.22434488316135545	0.23236580312769692	0.24241908074279894	0.23209245470069043	0.03372171951518813
28.282828282828284	0.07286799184548322	0.22434488314782866	0.23236580312770866	0.24241908074280985	0.2320924547007018	0.033721719546195184
28.78787878787879	0.07286799190214807	0.22434488313430187	0.23236580312772043	0.24241908074282076	0.2320924547007132	0.03372171957720223
29.292929292929294	0.07286799193267263	0.22434488312700696	0.23236580312772667	0.2424190807428266	0.2320924547007193	0.03372171959390889
29.7979797979798	0.07286799193476798	0.22434488312648965	0.23236580312772698	0.24241908074282686	0.23209245470071954	0.033721719595062996
30.303030303030305	0.07286799193686333	0.22434488312597237	0.23236580312772728	0.24241908074282714	0.23209245470071982	0.033721719596217094
30.80808080808081	0.0728679919389587	0.22434488312545506	0.2323658031277276	0.24241908074282742	0.23209245470072007	0.0337217195973712
31.313131313131315	0.07286799194105405	0.22434488312493775	0.2323658031277279	0.2424190807428277	0.23209245470072035	0.033721719598525296
31.81818181818182	0.0728679919431494	0.22434488312442044	0.2323658031277282	0.242419080742828	0.2320924547007206	0.0337217195996794
32.323232323232325	0.07286799194524476	0.22434488312390313	0.2323658031277285	0.24241908074282828	0.23209245470072087	0.0337217196008335
32.82828282828283	0.07286799194734012	0.22434488312338582	0.2323658031277288	0.24241908074282856	0.23209245470072112	0.033721719601987596
33.333333333333336	0.07286799194943547	0.22434488312286852	0.2323658031277291	0.24241908074282884	0.2320924547007214	0.0337217196031417
33.83838383838384	0.07286799195153083	0.22434488312235124	0.2323658031277294	0.2424190807428291	0.23209245470072165	0.0337217196042958
34.343434343434346	0.07286799195362618	0.22434488312183393	0.2323658031277297	0.2424190807428294	0.23209245470072193	0.0337217196054499
34.84848484848485	0.07286799195572154	0.22434488312131662	0.23236580312773	0.24241908074282967	0.23209245470072218	0.033721719606604
35.35353535353536	0.07286799195781689	0.2243448831207993	0.2323658031277303	0.24241908074282997	0.23209245470072246	0.033721719607758105
35.85858585858586	0.07286799195991225	0.224344883120282	0.2323658031277306	0.24241908074283025	0.2320924547007227	0.0337217196089122
36.36363636363637	0.0728679919620076	0.2243448831197647	0.23236580312773092	0.24241908074283053	0.23209245470072298	0.03372171961006631
36.86868686868687	0.07286799196410296	0.22434488311924738	0.23236580312773122	0.2424190807428308	0.23209245470072323	0.033721719611220405
37.37373737373738	0.07286799196619832	0.2243448831187301	0.23236580312773153	0.24241908074283108	0.2320924547007235	0.03372171961237451
37.87878787878788	0.07286799196829367	0.2243448831182128	0.23236580312773183	0.24241908074283136	0.23209245470072376	0.03372171961352861
38.38383838383839	0.07286799197038903	0.2243448831176955	0.23236580312773214	0.24241908074283164	0.23209245470072404	0.03372171961468271
38.88888888888889	0.07286799197248438	0.22434488311717818	0.23236580312773245	0.24241908074283192	0.2320924547007243	0.03372171961583681
39.3939393939394	0.07286799197457974	0.22434488311666087	0.23236580312773272	0.24241908074283222	0.23209245470072457	0.03372171961699091
39.8989898989899	0.0728679919766751	0.22434488311614356	0.23236580312773303	0.2424190807428325	0.23209245470072482	0.03372171961814501
40.40404040404041	0.07286799197877045	0.22434488311562625	0.23236580312773333	0.24241908074283278	0.2320924547007251	0.03372171961929911
40.909090909090914	0.07286799198086581	0.22434488311510897	0.23236580312773364	0.24241908074283305	0.23209245470072534	0.033721719620453214
41.41414141414142	0.07286799198296116	0.22434488311459166	0.23236580312773394	0.24241908074283333	0.23209245470072562	0.03372171962160731
41.919191919191924	0.07286799198505652	0.22434488311407436	0.23236580312773425	0.2424190807428336	0.23209245470072587	0.033721719622761416
42.42424242424243	0.07286799198715188	0.22434488311355705	0.23236580312773455	0.2424190807428339	0.23209245470072615	0.033721719623915514
42.929292929292934	0.07286799198924723	0.22434488311303974	0.23236580312773486	0.24241908074283416	0.23209245470072642	0.03372171962506962
43.43434343434344	0.07286799199134258	0.22434488311252243	0.23236580312773517	0.24241908074283447	0.23209245470072667	0.033721719626223716
43.939393939393945	0.07286799199343794	0.22434488311200515	0.23236580312773547	0.24241908074283475	0.23209245470072695	0.03372171962737782
44.44444444444445	0.0728679919955333	0.22434488311148784	0.23236580312773578	0.24241908074283502	0.2320924547007272	0.03372171962853192
44.949494949494955	0.07286799199762865	0.22434488311097053	0.23236580312773608	0.2424190807428353	0.23209245470072748	0.033721719629686016
45.45454545454546	0.072867991999724	0.22434488311045322	0.23236580312773636	0.24241908074283558	0.23209245470072773	0.03372171963084012
45.959595959595966	0.07286799200181937	0.22434488310993592	0.23236580312773666	0.24241908074283586	0.232092454700728	0.03372171963199422
46.46464646464647	0.07286799200391472	0.2243448831094186	0.23236580312773697	0.24241908074283613	0.23209245470072826	0.03372171963314832
46.969696969696976	0.07286799200601007	0.2243448831089013	0.23236580312773727	0.24241908074283644	0.23209245470072853	0.03372171963430242
47.47474747474748	0.07286799200810544	0.22434488310838402	0.23236580312773758	0.24241908074283672	0.23209245470072878	0.033721719635456525
47.979797979797986	0.07286799201020079	0.2243448831078667	0.23236580312773789	0.242419080742837	0.23209245470072906	0.03372171963661062
48.484848484848484	0.07286799201229614	0.2243448831073494	0.2323658031277382	0.24241908074283727	0.2320924547007293	0.03372171963776473
48.98989898989899	0.0728679920143915	0.2243448831068321	0.2323658031277385	0.24241908074283755	0.2320924547007296	0.033721719638918825
49.494949494949495	0.07286799201648686	0.22434488310631479	0.2323658031277388	0.24241908074283783	0.23209245470072984	0.03372171964007293
50.0	0.07286799201858221	0.22434488310579748	0.2323658031277391	0.2424190807428381	0.23209245470073012	0.03372171964122703
