NON $ % + -
#NON	a	b	c	d
0.0	0.5123856634112391	0.39434927749617743	0.6900942038564992	0.26463289142727586
0.5050505050505051	0.325690349895145	0.29133160684382986	0.29270726917127915	0.1108428550780643
1.0101010101010102	0.21653558382362306	0.22900380743921517	0.1607974153015037	0.054145091806797
1.5151515151515151	0.1543555783514502	0.19043970911632757	0.1059734227722375	0.030848567343541945
2.0202020202020203	0.11861289663545754	0.16603652758278273	0.07853891543743802	0.020193857822945905
2.5252525252525255	0.09742728562138082	0.15028231336990608	0.06316803198468388	0.014833219145424091
3.0303030303030303	0.08443310856904825	0.1399451460938882	0.054000097448598836	0.011913828749280913
3.5353535353535355	0.0762348745240647	0.1330771196812689	0.04832284742349452	0.010221760926458264
4.040404040404041	0.07095497618741081	0.12847101034251585	0.04471640363060933	0.00919415980441942
4.545454545454546	0.06750506558165591	0.12536018646878339	0.04238260293519595	0.0085487310026299
5.050505050505051	0.06522776057192978	0.12324817134981353	0.04085180246365329	0.00813367241567443
5.555555555555556	0.06371352948816146	0.12180854315338167	0.03983797518872373	0.007862398332164676
6.0606060606060606	0.0627014352644672	0.12082419276158102	0.03916199437652834	0.007683126839426609
6.565656565656566	0.06202246698038248	0.12014947494922863	0.038709182576584976	0.007563764252480655
7.070707070707071	0.061565801537581934	0.11968604866930958	0.03840491004005398	0.007483885355498815
7.575757575757576	0.061258103215472516	0.11936718788834058	0.03820001499534182	0.007430244865195706
8.080808080808081	0.06105052719925023	0.11914745600677071	0.038061844992669326	0.007394140655734837
8.585858585858587	0.060910383684682025	0.11899582296109851	0.037968584747893365	0.0073698026467431685
9.090909090909092	0.060815699710283284	0.11889103002173132	0.03790558943760366	0.007353376224210748
9.595959595959597	0.06075171388747111	0.11881851718448894	0.03786301648068933	0.007342282883730791
10.101010101010102	0.060708454136055724	0.11876827366956039	0.03783424194987974	0.0073347871997135996
10.606060606060607	0.060679207228739936	0.11873341515736056	0.037814785350503116	0.007329720553900816
11.111111111111112	0.06065943027797691	0.11870919999885962	0.037801629859726314	0.007326295324268323
11.616161616161618	0.06064605693145683	0.11869235781214708	0.03779273509270597	0.007323979670021244
12.121212121212121	0.06063701229100615	0.1186806262716129	0.03778671921399724	0.007322413605534429
12.626262626262626	0.06063089494092988	0.11867244382963332	0.037782650347510806	0.007321354468558974
13.131313131313131	0.06062675475488904	0.11866672632003868	0.037779896473971536	0.007320637662930473
13.636363636363637	0.060623954028730574	0.11866272666017855	0.037778033273934294	0.007320152629778027
14.141414141414142	0.06062206386283643	0.1186599306918321	0.037776776792655245	0.0073198254845407915
14.646464646464647	0.06062078231893565	0.1186579669697496	0.0377759239262255	0.007319603853614359
15.151515151515152	0.06061991948259406	0.11865659018684073	0.0377753478903385	0.007319454001660773
15.656565656565657	0.06061933220613891	0.11865562166056541	0.03777496056975064	0.007319352750300978
16.161616161616163	0.060618934748537356	0.11865493738289014	0.03777469507370561	0.007319284014147844
16.666666666666668	0.06061866874643877	0.1186544578173776	0.037774517949962	0.007319237677000466
17.171717171717173	0.060618486739398174	0.11865411756554944	0.03777439707206759	0.007319206288837252
17.67676767676768	0.06061836385628062	0.11865387720814151	0.037774315535302444	0.007319185056423081
18.181818181818183	0.06061827935447225	0.1186537042708596	0.03777425931812693	0.007319170407026815
18.68686868686869	0.06061822493643973	0.11865358538906205	0.037774223048422165	0.007319160912221968
19.191919191919194	0.06061818851930356	0.11865350150279674	0.037774199304937986	0.00731915455437205
19.6969696969697	0.060618163684212294	0.11865344327457167	0.037774184809302176	0.00731915042525309
20.202020202020204	0.06061814377404957	0.11865340093013436	0.037774176168141986	0.007319147616675424
20.70707070707071	0.060618137848734654	0.11865336987616258	0.037774165100753904	0.007319145052238326
21.212121212121215	0.06061812800975601	0.11865334692957481	0.037774157310197155	0.007319143792535988
21.71717171717172	0.06061812035279971	0.11865333006856212	0.03777415319146468	0.007319142866080771
22.222222222222225	0.06061811547906462	0.11865331781991588	0.0377741504558684	0.007319142166043127
22.72727272727273	0.06061811235068047	0.11865330890090944	0.03777414858676678	0.007319141652174296
23.232323232323235	0.06061811062225826	0.1186533028959103	0.03777414741288803	0.007319141312454223
23.73737373737374	0.06061810937141751	0.11865329837386995	0.03777414654074033	0.007319141070028809
24.242424242424242	0.06061810872474521	0.11865329544304216	0.037774146019496184	0.007319140926194064
24.747474747474747	0.06061810797205973	0.11865329260962511	0.03777414549586632	0.007319140784547288
25.252525252525253	0.060618107561618104	0.11865329080427969	0.03777414519177607	0.00731914070470923
25.757575757575758	0.06061810749342032	0.11865329002700589	0.03777414510722544	0.007319140686679888
26.262626262626263	0.060618107392466015	0.11865328928010165	0.03777414501685129	0.0073191406650604555
26.767676767676768	0.06061810732781632	0.11865328874730663	0.037774144962157155	0.0073191406518949625
27.272727272727273	0.06061810737684548	0.11865328863447779	0.03777414498964245	0.007319140660677217
27.77777777777778	0.06061810736881522	0.11865328816126382	0.03777414497033547	0.007319140658430302
28.282828282828284	0.06061810746636696	0.1186532884334031	0.03777414504052142	0.007319140676598347
28.78787878787879	0.06061810756391871	0.11865328870554238	0.037774145110707376	0.007319140694766392
29.292929292929294	0.06061810766018726	0.11865328897417278	0.03777414517996051	0.007319140712692916
29.7979797979798	0.060618107677287765	0.11865328902631787	0.037774145191661716	0.007319140715718555
30.303030303030305	0.06061810769438827	0.11865328907846298	0.03777414520336293	0.0073191407187441935
30.80808080808081	0.060618107711488775	0.11865328913060808	0.03777414521506415	0.007319140721769832
31.313131313131315	0.06061810772858928	0.11865328918275317	0.03777414522676536	0.007319140724795471
31.81818181818182	0.060618107745689785	0.11865328923489826	0.037774145238466575	0.00731914072782111
32.323232323232325	0.06061810776279029	0.11865328928704336	0.03777414525016779	0.007319140730846749
32.82828282828283	0.060618107779890795	0.11865328933918845	0.037774145261869	0.007319140733872387
33.333333333333336	0.0606181077969913	0.11865328939133354	0.03777414527357022	0.007319140736898026
33.83838383838384	0.060618107814091805	0.11865328944347864	0.037774145285271434	0.007319140739923665
34.343434343434346	0.06061810783119231	0.11865328949562373	0.03777414529697264	0.007319140742949304
34.84848484848485	0.060618107848292815	0.11865328954776884	0.03777414530867386	0.007319140745974942
35.35353535353536	0.06061810786539332	0.11865328959991393	0.037774145320375076	0.007319140749000581
35.85858585858586	0.060618107876115254	0.11865328963311302	0.03777414532769472	0.007319140750893978
36.36363636363637	0.06061810787904087	0.11865328964315497	0.0377741453296589	0.007319140751403473
36.86868686868687	0.06061810788196649	0.11865328965319694	0.037774145331623085	0.007319140751912968
37.37373737373738	0.06061810788489211	0.11865328966323889	0.03777414533358727	0.007319140752422462
37.87878787878788	0.060618107887817727	0.11865328967328086	0.03777414533555146	0.007319140752931956
38.38383838383839	0.060618107890743345	0.11865328968332281	0.03777414533751564	0.007319140753441451
38.88888888888889	0.060618107893668956	0.11865328969336478	0.03777414533947983	0.007319140753950946
39.3939393939394	0.060618107896594574	0.11865328970340673	0.037774145341444014	0.00731914075446044
39.8989898989899	0.06061810789952019	0.1186532897134487	0.03777414534340819	0.007319140754969935
40.40404040404041	0.06061810790244581	0.11865328972349065	0.03777414534537238	0.007319140755479429
40.909090909090914	0.06061810790537143	0.11865328973353262	0.037774145347336564	0.007319140755988924
41.41414141414142	0.060618107908297046	0.11865328974357457	0.03777414534930075	0.007319140756498419
41.919191919191924	0.06061810791122266	0.11865328975361654	0.037774145351264936	0.007319140757007913
42.42424242424243	0.06061810791163942	0.1186532897550922	0.037774145351544386	0.007319140757080428
42.929292929292934	0.060618107911727066	0.11865328975544412	0.037774145351602825	0.00731914075709562
43.43434343434344	0.06061810791181471	0.11865328975579603	0.037774145351661265	0.0073191407571108116
43.939393939393945	0.06061810791190236	0.11865328975614794	0.03777414535171971	0.007319140757126003
44.44444444444445	0.06061810791199	0.11865328975649987	0.03777414535177815	0.007319140757141195
44.949494949494955	0.06061810791207765	0.11865328975685178	0.0377741453518366	0.007319140757156387
45.45454545454546	0.06061810791216529	0.1186532897572037	0.037774145351895036	0.007319140757171579
45.959595959595966	0.06061810791225294	0.11865328975755561	0.037774145351953475	0.007319140757186771
46.46464646464647	0.06061810791234058	0.11865328975790754	0.03777414535201192	0.007319140757201963
46.969696969696976	0.06061810791242823	0.11865328975825945	0.03777414535207036	0.0073191407572171545
47.47474747474748	0.06061810791251587	0.11865328975861136	0.03777414535212881	0.007319140757232346
47.979797979797986	0.06061810791260352	0.11865328975896328	0.03777414535218725	0.007319140757247538
48.484848484848484	0.06061810791269116	0.1186532897593152	0.037774145352245686	0.00731914075726273
48.98989898989899	0.06061810791277881	0.11865328975966712	0.03777414535230413	0.007319140757277922
49.494949494949495	0.060618107912866454	0.11865328976001903	0.03777414535236257	0.007319140757293114
50.0	0.0606181079129541	0.11865328976037094	0.03777414535242101	0.0073191407573083055
