NON $ % + - .
#NON	b	a	d	c	e
0.0	0.9800720208467163	0.9783327903657705	0.8843810473413104	0.6521783305118787	0.8222270313058364
0.5050505050505051	0.470160730501178	0.46413561505579476	0.35152617432192046	0.45981924572271243	0.3821871035842027
1.0101010101010102	0.23230372527066878	0.28633955661408916	0.1929700841809472	0.3461964589003841	0.22081581057149707
1.5151515151515151	0.12248065970887644	0.21726182293147175	0.14127097506433747	0.2702518205743384	0.15972131018028587
2.0202020202020203	0.07231349344579968	0.18802708819097427	0.12442503527966241	0.216122695015313	0.13742920467810613
2.5252525252525255	0.049642777397876765	0.1750002606728579	0.11997040290824408	0.17766747728825713	0.13053421065215862
3.0303030303030303	0.03952186657175924	0.16903341928229249	0.11974033682902467	0.1515596690998631	0.12937428870458856
3.5353535353535355	0.03506801411057655	0.1662623439950845	0.12061047766867274	0.13485831956223	0.12995859981039035
4.040404040404041	0.03314066403738446	0.16496677384741204	0.12150053192216206	0.1247529332740774	0.13080013687920075
4.545454545454546	0.03232276865691486	0.16435911210826418	0.12214295640446522	0.11890938945890031	0.13146407333006419
5.050505050505051	0.03198362439456852	0.16407366973144244	0.1225454297819231	0.11564663239149797	0.13189831182997205
5.555555555555556	0.03184693346342927	0.16393948969055747	0.12277848739094292	0.113873267949306	0.13215649176106511
6.0606060606060606	0.03179383179145007	0.16387639335467236	0.12290676409266507	0.1129294299833893	0.132301238638229
6.565656565656566	0.031774238865770126	0.16384671932956713	0.12297487846257492	0.11243540711548325	0.1323791761781217
7.070707070707071	0.031767564963180325	0.16383276120488044	0.12301007994583081	0.11218028539155141	0.13241990370487372
7.575757575757576	0.03176560912653289	0.1638261958504491	0.12302788603693347	0.1120499855023397	0.13244069583216284
8.080808080808081	0.03176523069694239	0.16382310735751943	0.12303673494449992	0.11198404088998361	0.13245111059259923
8.585858585858587	0.03176529838900446	0.16382165540067575	0.12304106553580692	0.11195092915826317	0.13245624315852494
9.090909090909092	0.031765438540240304	0.16382097235919607	0.12304315712624715	0.11193440656758236	0.13245873758186072
9.595959595959597	0.03176555140139532	0.16382065085446407	0.12304415494539418	0.11192620666068243	0.13245993440072273
10.101010101010102	0.03176562490540424	0.1638204996522495	0.1230446261309548	0.11192215423521178	0.1324605025890768
10.606060606060607	0.031765668057944674	0.16382042852654952	0.12304484651988475	0.11192015800609702	0.1324607696654747
11.111111111111112	0.03176569190096337	0.1638203950871102	0.12304494847034655	0.11191917824754292	0.13246089384017365
11.616161616161618	0.03176570450220865	0.1638203793922857	0.12304499515549107	0.11191869901437422	0.13246095096187088
12.121212121212121	0.031765710974990834	0.16382037196563362	0.12304501652631655	0.11191846358607314	0.13246097723450279
12.626262626262626	0.03176571421507794	0.16382036842481165	0.1230450263169	0.11191834740727755	0.13246098931063346
13.131313131313131	0.03176571585494957	0.16382036677369682	0.12304503066666744	0.1119182905225656	0.13246099470777503
13.636363636363637	0.03176571661290866	0.16382036605756595	0.12304503240413507	0.11191826436228712	0.13246099688358698
14.141414141414142	0.031765716959820674	0.1638203657197431	0.12304503316220984	0.11191825164465177	0.1324609978360053
14.646464646464647	0.03176571712624449	0.16382036554428153	0.123045033546385	0.1119182450176281	0.132460998316503
15.151515151515152	0.03176571720736488	0.16382036545799872	0.12304503372903243	0.11191824166036708	0.13246099854541318
15.656565656565657	0.031765717247131516	0.16382036541696018	0.12304503381078356	0.1119182399854357	0.13246099864876165
16.161616161616163	0.03176571726603712	0.16382036539688866	0.12304503384826129	0.1119182391399304	0.13246099869627218
16.666666666666668	0.031765717280312106	0.16382036538162853	0.123045033876336	0.11191823849230427	0.13246099873189723
17.171717171717173	0.031765717291299546	0.16382036536992303	0.12304503389775324	0.11191823799282433	0.13246099875911294
17.67676767676768	0.03176571729631309	0.16382036536434635	0.12304503390732241	0.11191823774708802	0.13246099877128006
18.181818181818183	0.03176571729535274	0.16382036536489852	0.12304503390504348	0.11191823775509534	0.13246099876839867
18.68686868686869	0.03176571729270414	0.1638203653672521	0.12304503389950178	0.11191823784021084	0.13246099876136944
19.191919191919194	0.03176571729347237	0.16382036536625233	0.12304503390092417	0.11191823779202494	0.13246099876317732
19.6969696969697	0.03176571729277324	0.16382036536683092	0.12304503389952628	0.11191823781184314	0.1324609987613992
20.202020202020204	0.03176571729060675	0.1638203653689879	0.12304503389530812	0.11191823789966547	0.13246099875603504
20.70707070707071	0.031765717287347305	0.16382036537202782	0.12304503388875619	0.11191823801561143	0.13246099874771755
21.212121212121215	0.03176571728642617	0.1638203653730769	0.12304503388711613	0.11191823806354982	0.13246099874562037
21.71717171717172	0.03176571728550504	0.16382036537412598	0.12304503388547607	0.11191823811148821	0.13246099874352318
22.222222222222225	0.03176571728458392	0.16382036537517505	0.123045033883836	0.1119182381594266	0.13246099874142597
22.72727272727273	0.03176571728366279	0.16382036537622413	0.12304503388219595	0.11191823820736499	0.1324609987393288
23.232323232323235	0.03176571728354839	0.1638203653763567	0.1230450338819941	0.11191823821351042	0.1324609987390704
23.73737373737374	0.03176571728352274	0.1638203653763884	0.12304503388195048	0.11191823821505811	0.13246099873901432
24.242424242424242	0.03176571728349709	0.1638203653764201	0.12304503388190685	0.11191823821660579	0.13246099873895825
24.747474747474747	0.03176571728347145	0.1638203653764518	0.12304503388186323	0.11191823821815348	0.13246099873890216
25.252525252525253	0.0317657172834458	0.16382036537648353	0.12304503388181962	0.11191823821970118	0.1324609987388461
25.757575757575758	0.03176571728342015	0.16382036537651523	0.12304503388177598	0.11191823822124886	0.13246099873879003
26.262626262626263	0.0317657172833945	0.16382036537654696	0.12304503388173237	0.11191823822279655	0.13246099873873393
26.767676767676768	0.031765717283368855	0.16382036537657865	0.12304503388168873	0.11191823822434424	0.13246099873867787
27.272727272727273	0.03176571728334321	0.16382036537661038	0.12304503388164512	0.11191823822589192	0.13246099873862177
27.77777777777778	0.031765717283317556	0.16382036537664207	0.1230450338816015	0.11191823822743961	0.1324609987385657
28.282828282828284	0.03176571728329191	0.1638203653766738	0.12304503388155787	0.11191823822898729	0.1324609987385096
28.78787878787879	0.031765717283266263	0.16382036537670552	0.12304503388151425	0.11191823823053498	0.13246099873845354
29.292929292929294	0.03176571728324062	0.16382036537673722	0.12304503388147063	0.11191823823208268	0.13246099873839745
29.7979797979798	0.03176571728321497	0.16382036537676894	0.123045033881427	0.11191823823363035	0.13246099873834138
30.303030303030305	0.03176571728318932	0.16382036537680064	0.12304503388138338	0.11191823823517805	0.13246099873828532
30.80808080808081	0.03176571728316367	0.16382036537683237	0.12304503388133976	0.11191823823672574	0.13246099873822922
31.313131313131315	0.031765717283138026	0.16382036537686406	0.12304503388129613	0.11191823823827342	0.13246099873817316
31.81818181818182	0.03176571728311238	0.1638203653768958	0.12304503388125251	0.11191823823982111	0.13246099873811706
32.323232323232325	0.03176571728308673	0.16382036537692748	0.12304503388120888	0.11191823824136879	0.132460998738061
32.82828282828283	0.03176571728306108	0.1638203653769592	0.12304503388116526	0.11191823824291648	0.1324609987380049
33.333333333333336	0.031765717283035434	0.1638203653769909	0.12304503388112165	0.11191823824446417	0.13246099873794884
33.83838383838384	0.03176571728300979	0.16382036537702263	0.12304503388107801	0.11191823824601185	0.13246099873789274
34.343434343434346	0.031765717282984135	0.16382036537705436	0.1230450338810344	0.11191823824755955	0.13246099873783668
34.84848484848485	0.03176571728295849	0.16382036537708605	0.12304503388099078	0.11191823824910724	0.13246099873778058
35.35353535353536	0.03176571728293284	0.16382036537711778	0.12304503388094715	0.11191823825065492	0.13246099873772452
35.85858585858586	0.0317657172829072	0.16382036537714947	0.12304503388090353	0.11191823825220261	0.13246099873766845
36.36363636363637	0.03176571728288154	0.1638203653771812	0.12304503388085991	0.11191823825375029	0.13246099873761236
36.86868686868687	0.0317657172828559	0.1638203653772129	0.12304503388081628	0.11191823825529798	0.1324609987375563
37.37373737373738	0.03176571728283025	0.16382036537724462	0.12304503388077266	0.11191823825684567	0.1324609987375002
37.87878787878788	0.031765717282804605	0.16382036537727632	0.12304503388072903	0.11191823825839335	0.13246099873744413
38.38383838383839	0.03176571728277896	0.16382036537730804	0.12304503388068541	0.11191823825994104	0.13246099873738804
38.88888888888889	0.031765717282753306	0.16382036537733974	0.1230450338806418	0.11191823826148874	0.13246099873733197
39.3939393939394	0.03176571728272766	0.16382036537737146	0.12304503388059816	0.11191823826303642	0.13246099873727588
39.8989898989899	0.03176571728270201	0.16382036537740316	0.12304503388055454	0.11191823826458411	0.1324609987372198
40.40404040404041	0.03176571728267637	0.16382036537743488	0.12304503388051093	0.11191823826613179	0.13246099873716374
40.909090909090914	0.031765717282650714	0.1638203653774666	0.1230450338804673	0.11191823826767948	0.13246099873710765
41.41414141414142	0.03176571728262507	0.1638203653774983	0.12304503388042368	0.11191823826922717	0.13246099873705158
41.919191919191924	0.03176571728259942	0.16382036537753003	0.12304503388038006	0.11191823827077485	0.1324609987369955
42.42424242424243	0.031765717282573776	0.16382036537756173	0.12304503388033643	0.11191823827232254	0.13246099873693942
42.929292929292934	0.03176571728254812	0.16382036537759345	0.12304503388029281	0.11191823827387024	0.13246099873688333
43.43434343434344	0.031765717282522477	0.16382036537762515	0.12304503388024918	0.11191823827541791	0.13246099873682726
43.939393939393945	0.03176571728249683	0.16382036537765687	0.12304503388020556	0.1119182382769656	0.13246099873677117
44.44444444444445	0.0317657172824803	0.16382036537767733	0.12304503388017746	0.11191823827796624	0.13246099873673506
44.949494949494955	0.0317657172824796	0.1638203653776783	0.12304503388017629	0.11191823827801636	0.13246099873673356
45.45454545454546	0.0317657172824789	0.16382036537767924	0.12304503388017514	0.1119182382780665	0.13246099873673206
45.959595959595966	0.0317657172824782	0.16382036537768022	0.12304503388017399	0.11191823827811663	0.13246099873673056
46.46464646464647	0.0317657172824775	0.16382036537768116	0.12304503388017284	0.11191823827816677	0.1324609987367291
46.969696969696976	0.03176571728247679	0.16382036537768213	0.12304503388017168	0.1119182382782169	0.1324609987367276
47.47474747474748	0.03176571728247609	0.16382036537768307	0.12304503388017052	0.11191823827826704	0.1324609987367261
47.979797979797986	0.03176571728247539	0.16382036537768405	0.12304503388016937	0.11191823827831718	0.13246099873672462
48.484848484848484	0.03176571728247469	0.16382036537768502	0.12304503388016821	0.1119182382783673	0.13246099873672312
48.98989898989899	0.03176571728247399	0.16382036537768596	0.12304503388016706	0.11191823827841745	0.13246099873672162
49.494949494949495	0.03176571728247329	0.16382036537768693	0.12304503388016591	0.11191823827846757	0.13246099873672013
50.0	0.031765717282472586	0.16382036537768788	0.12304503388016476	0.11191823827851771	0.13246099873671865
