NON $ % + -
#NON	b	c	a	d
0.0	0.9091158824964977	0.2910654704375152	0.3829711854438228	0.5265783488241113
0.5050505050505051	0.25749621158003566	0.2758539368614509	0.1640443397256192	0.3674548970494306
1.0101010101010102	0.08777041602561364	0.22225162783023347	0.08137499335495597	0.2517265456046295
1.5151515151515151	0.038657544378242044	0.16774108656399567	0.04593668000701646	0.1722607509626902
2.0202020202020203	0.021584410479295907	0.12484969995375621	0.028628593142316652	0.12097325238951473
2.5252525252525255	0.014087540558434978	0.09423392856461207	0.019181327133355044	0.08886818512497194
3.0303030303030303	0.010048910722071624	0.07304618948618162	0.013576073067370659	0.0686504693106021
3.5353535353535355	0.007567540312549167	0.05837034021984164	0.01004574063424462	0.055504175220119766
4.040404040404041	0.005926355703350984	0.04804984216982664	0.007722768407084777	0.04657401951964753
4.545454545454546	0.004792870725681486	0.040642950036117356	0.006141200674685734	0.040236899403003144
5.050505050505051	0.00398657641656175	0.035214046176333835	0.00503354070072993	0.03556933868570434
5.555555555555556	0.0033995963351472398	0.031155812896488604	0.004238643015100583	0.03203049740385882
6.0606060606060606	0.0029637979290724928	0.02806845566189344	0.0036558284484580115	0.029288907214258218
6.565656565656566	0.0026346386652191934	0.025683586576966594	0.003220338421960955	0.0271308792999999
7.070707070707071	0.0023822362233660707	0.0238170684070482	0.002889448752948451	0.0254118215969319
7.575757575757576	0.002186107552773118	0.022339840684809608	0.0026343260239783794	0.02402982986296507
8.080808080808081	0.002031931322257812	0.021159570889860674	0.0024350923479466973	0.022910706540878734
8.585858585858587	0.0019095094845008693	0.020208953555877446	0.002277774263869825	0.02199907382351516
9.090909090909092	0.0018114568313048916	0.019438073684897847	0.002152363234716955	0.021252802047469703
9.595959595959597	0.0017323321215303865	0.0188093460315557	0.0020515652285318917	0.020639380422603083
10.101010101010102	0.001668078837022076	0.01829403249981962	0.001969981886635439	0.02013335379492326
10.606060606060607	0.0016156116608339436	0.01786995989549195	0.001903555327992701	0.019714707297913445
11.111111111111112	0.001572573730508121	0.01751974218334069	0.0018491946482195893	0.019367446252183566
11.616161616161618	0.0015371294560686893	0.017229671643389892	0.0018045152313461736	0.01907878001935684
12.121212121212121	0.0015078418035310407	0.016988823654701068	0.0017676588866379903	0.018838376783113148
12.626262626262626	0.0014835724312526949	0.01678842366725404	0.0017371610077950154	0.018637847921739534
13.131313131313131	0.0014634129868237502	0.016621380813118865	0.0017118581830914256	0.01847035032816516
13.636363636363637	0.0014466344936771424	0.016481942248795452	0.0016908203479668732	0.018330289103168678
14.141414141414142	0.0014326457112696178	0.016365399877716198	0.0016732947893465017	0.018213060226593077
14.646464646464647	0.0014209660059010794	0.016267888242575426	0.0016586728339769085	0.01811485399064543
15.151515151515152	0.0014112023347658893	0.01618623552369028	0.0016464584650281936	0.0180325342118089
15.656565656565657	0.0014030303952221137	0.016117810641242243	0.0016362404708883764	0.017963501567322692
16.161616161616163	0.0013961889677986806	0.016060415782269896	0.0016276867141795566	0.017905549159745286
16.666666666666668	0.0013904538722931195	0.016012262559180354	0.001620519601365049	0.01785690185923211
17.171717171717173	0.0013856436979007437	0.01597184285170131	0.0016145106307345269	0.017816047204146878
17.67676767676768	0.0013816080860894506	0.015937896511123702	0.001609469914285093	0.01778171889763436
18.181818181818183	0.0013782193464590773	0.015909383533481557	0.0016052388411665706	0.01775287710750272
18.68686868686869	0.001375372352389993	0.015885431163220585	0.0016016859225049611	0.01772864461307507
19.191919191919194	0.0013729820472388227	0.015865297094962018	0.0015987023061968025	0.01770826689615181
19.6969696969697	0.001370974471644373	0.015848369789246496	0.0015961959617659606	0.017691128955456405
20.202020202020204	0.001369286452363235	0.01583414231930934	0.0015940895215761834	0.01767672401627319
20.70707070707071	0.0013678670160689724	0.015822181034344716	0.001592318808932074	0.01766461295384636
21.212121212121215	0.0013666740296873461	0.015812121101938418	0.001590830357430587	0.017654424857021934
21.71717171717172	0.0013656712725793377	0.015803659895377024	0.0015895790528260261	0.017645854176567617
22.222222222222225	0.001364827906348357	0.01579654462284162	0.0015885268648435794	0.017638646643145215
22.72727272727273	0.0013641184617811252	0.015790560943338056	0.001587641985506388	0.01763258545336889
23.232323232323235	0.001363521872990426	0.015785528031810533	0.0015868978567365546	0.017627486937045356
23.73737373737374	0.0013630202861011095	0.015781295249727528	0.0015862721763843812	0.017623198573689016
24.242424242424242	0.0013625985465091364	0.0157777352817495	0.0015857460610215496	0.017619591549783868
24.747474747474747	0.0013622437077770542	0.015774739927972833	0.0015853034219477217	0.017616556505267004
25.252525252525253	0.0013619450697597085	0.0157722192642769	0.0015849309264010056	0.01761400245064573
25.757575757575758	0.0013616937763024214	0.015770098173821693	0.0015846174917888188	0.01761185322712313
26.262626262626263	0.001361482379306998	0.01576831364934334	0.0015843538130084162	0.017610044976594134
26.767676767676768	0.0013613046451646917	0.015766813048220495	0.0015841321076683233	0.017608524370466127
27.272727272727273	0.001361155144835421	0.01576555083774773	0.0015839456297041777	0.01760724531152041
27.77777777777778	0.001361029615837463	0.015764490729239307	0.0015837890359970928	0.01760617098116466
28.282828282828284	0.0013609241268329442	0.01576359987738219	0.001583657446282259	0.017605268170861874
28.78787878787879	0.0013608352271472486	0.015762849659976274	0.0015835465938510334	0.01760450797730602
29.292929292929294	0.0013607606556303687	0.015762220214477738	0.0015834535996952566	0.017603870125533425
29.7979797979798	0.001360697609750442	0.015761688262223985	0.001583374991384072	0.01760333111882584
30.303030303030305	0.0013606446391072218	0.015761241394733075	0.0015833089520993853	0.0176028783356782
30.80808080808081	0.001360599929293637	0.015760864084727242	0.001583253200554727	0.017602496009435635
31.313131313131315	0.001360562192968597	0.015760545449292538	0.0015832061304129881	0.017602173107717136
31.81818181818182	0.0013605304133616658	0.015760277078317154	0.0015831664879436902	0.017601901137310944
32.323232323232325	0.0013605036265011386	0.015760050811337332	0.0015831330705296698	0.017601671819619857
32.82828282828283	0.0013604811099060823	0.015759860558312695	0.0015831049763276855	0.017601478990195756
33.333333333333336	0.0013604621444568226	0.015759700427955572	0.001583081322626637	0.0176013167113348
33.83838383838384	0.001360446329677512	0.01575956684165129	0.001583061595386354	0.017601181317414314
34.343434343434346	0.0013604331222164382	0.015759455285628297	0.0015830451215782981	0.017601068251310727
34.84848484848485	0.001360421959383751	0.015759361094912945	0.0015830312041954708	0.0176009728074989
35.35353535353536	0.0013604125993979235	0.015759282190068873	0.0015830195395473388	0.017600892868873858
35.85858585858586	0.0013604048744549017	0.01575921707597621	0.0015830099136848914	0.017600826901027312
36.36363636363637	0.0013603983012526845	0.015759161641627956	0.0015830017199461792	0.017600770737050072
36.86868686868687	0.0013603926287843585	0.015759113738046646	0.0015829946429863388	0.017600722193567186
37.37373737373738	0.0013603879411325974	0.0157590741891587	0.0015829887974286945	0.017600682123991844
37.87878787878788	0.001360383921819947	0.015759040245382713	0.0015829837828058373	0.01760064772663576
38.38383838383839	0.001360380414791244	0.015759010583124945	0.001582979404755243	0.017600617656783384
38.88888888888889	0.0013603774497386591	0.01575898549102708	0.001582975701805031	0.017600592218598676
39.3939393939394	0.0013603749080280223	0.01575896398322594	0.0015829725280444818	0.01760057041343202
39.8989898989899	0.0013603727427558834	0.01575894570651696	0.0015829698283300645	0.01760055189130431
40.40404040404041	0.0013603709017947592	0.015758930165015256	0.0015829675331253022	0.01760053613977107
40.909090909090914	0.0013603693496405814	0.0157589170649694	0.0015829655983592755	0.01760052286303422
41.41414141414142	0.0013603680533784807	0.015758906139150947	0.0015829639833979021	0.01760051179350538
41.919191919191924	0.0013603669840663326	0.015758897139288953	0.0015829626519603764	0.017600502678466294
42.42424242424243	0.0013603661104399502	0.01575888979300623	0.0015829615647708563	0.017600495239162524
42.929292929292934	0.0013603653819744823	0.0157588836544012	0.0015829606570034612	0.017600489020967357
43.43434343434344	0.0013603647961203565	0.01575887870909884	0.0015829599260192163	0.01760048401071042
43.939393939393945	0.0013603644437903291	0.015758875785871245	0.001582959489920956	0.01760048106001406
44.44444444444445	0.0013603642021762995	0.015758873791091577	0.0015829591913383244	0.01760047904919873
44.949494949494955	0.001360364016557461	0.01575887224843	0.0015829589611353662	0.017600477492170228
45.45454545454546	0.0013603638147757643	0.015758870529861215	0.0015829587081817576	0.017600475747962484
45.959595959595966	0.0013603635289326883	0.015758868046298963	0.0015829583468698393	0.017600473215702107
46.46464646464647	0.0013603634868347156	0.015758867677418947	0.0015829582928987259	0.01760047284039033
46.969696969696976	0.0013603634587601133	0.015758867421406204	0.0015829582560943144	0.017600472578113695
47.47474747474748	0.0013603634118700347	0.01575886700454322	0.001582958195870073	0.01760047215190614
47.979797979797986	0.0013603633066583836	0.01575886609856592	0.0015829580634808332	0.017600471229799405
48.484848484848484	0.0013603630958674928	0.015758864311724075	0.0015829578006887738	0.017600469415800308
48.98989898989899	0.0013603629400209202	0.015758862978773637	0.001582957605476562	0.017600468060356065
49.494949494949495	0.0013603627944940588	0.015758861731803197	0.0015829574229877488	0.017600466792014935
50.0	0.001360362631560292	0.015758860344317532	0.0015829572192696275	0.01760046538260089
