NON $ % + - .
#NON	e	a	c	d	b
0.0	0.6593154890969026	0.6189765726790984	0.39300965167930935	0.7443156155250764	0.5050381420056009
0.5050505050505051	0.507813002129803	0.33325108863552166	0.2722818088007421	0.3734331520326941	0.30756650486721027
1.0101010101010102	0.3941828000108412	0.2199760467532209	0.21494581903477666	0.23964624957941993	0.21988358224449014
1.5151515151515151	0.31564317430676736	0.17210821866999418	0.18557071736742112	0.1878485318539342	0.17902053258624914
2.0202020202020203	0.26470595623909043	0.1512573914428216	0.1710675067878456	0.16680826227019516	0.15920137685132482
2.5252525252525255	0.2331383008989828	0.1421108900864292	0.1642725961291789	0.15804857455171414	0.14943379975851015
3.0303030303030303	0.21418254681036944	0.13811226051690295	0.16121541849686388	0.15436417580778078	0.1446370484658395
3.5353535353535355	0.2030466276249709	0.13637513139521018	0.1598758851853346	0.15280899283992444	0.14231153641400485
4.040404040404041	0.19660437548838422	0.13562508945027724	0.15929830488866312	0.152151924600719	0.1412011376397895
4.545454545454546	0.192917975299457	0.1353028925851908	0.15905157094836117	0.15187428432240138	0.14067852972017086
5.050505050505051	0.1908250963462525	0.1351650384937402	0.15894672070547594	0.1517569822359793	0.14043564631360406
5.555555555555556	0.18964372337365906	0.13510623834688193	0.15890229279253182	0.15170742998107867	0.14032396781943487
6.0606060606060606	0.18897968819767233	0.13508121476320425	0.15888349590985615	0.15168649800300868	0.14027307625822694
6.565656565656566	0.1886076150517883	0.13507058432534966	0.15887554951984884	0.1516776564553435	0.14025006037164475
7.070707070707071	0.18839962052465098	0.13506607445467186	0.15887219191895863	0.15167392208901379	0.14023971741692426
7.575757575757576	0.18828355584198755	0.13506416367443091	0.15887077401055796	0.151672345312344	0.14023509563684636
8.080808080808081	0.18821887113282693	0.13506335347616255	0.15887017367861667	0.15167167838275356	0.14023303909103718
8.585858585858587	0.1881828588699304	0.1350630112342716	0.15886992154421653	0.15167139735191962	0.1402321279968819
9.090909090909092	0.1881628250076887	0.13506286641042445	0.1588698138724759	0.1516712785436877	0.140231726719667
9.595959595959597	0.18815168627014445	0.1350628054130355	0.15886977080695192	0.1516712286876006	0.14023154885033956
10.101010101010102	0.18814549579627401	0.13506277934979993	0.15886974856798647	0.15167120720748214	0.14023147324197707
10.606060606060607	0.18814205632524347	0.1350627688200444	0.1588697448556886	0.15167119879878865	0.1402314369756538
11.111111111111112	0.1881401464671796	0.13506276397498954	0.15886973823057607	0.15167119467297524	0.14023142411165115
11.616161616161618	0.18813908582881872	0.13506276211106258	0.15886973742380797	0.15167119318913141	0.14023141737556707
12.121212121212121	0.18813849662758156	0.13506276129567119	0.15886973679357708	0.15167119252429098	0.1402314146105154
12.626262626262626	0.18813816944460374	0.13506276096387532	0.15886973665469664	0.15167119225997366	0.1402314133410859
13.131313131313131	0.18813798626534825	0.13506276082155297	0.15886973657854742	0.15167119214562497	0.14023141279847093
13.636363636363637	0.18813788744619636	0.13506276077233687	0.15886973656405934	0.15167119210669522	0.14023141258972197
14.141414141414142	0.1881378337250062	0.13506276075282606	0.1588697365489031	0.1516711920907304	0.14023141251309415
14.646464646464647	0.18813780296964244	0.13506276073587134	0.1588697365146695	0.1516711920757262	0.14023141247306578
15.151515151515152	0.18813778522287836	0.1350627607224318	0.1588697364806363	0.15167119206346777	0.14023141245053222
15.656565656565657	0.18813777516149066	0.13506276071695222	0.15886973647105007	0.15167119205870544	0.14023141243672405
16.161616161616163	0.18813776949926606	0.13506276071787093	0.15886973649071218	0.15167119206049443	0.1402314124203867
16.666666666666668	0.1881377662940627	0.1350627607205659	0.15886973652139164	0.15167119206426768	0.14023141240135176
17.171717171717173	0.18813776447287733	0.13506276072152487	0.1588697365365634	0.15167119206585053	0.1402314123908718
17.67676767676768	0.18813776344058356	0.13506276071974319	0.15886973652257083	0.1516711920637038	0.1402314123970994
18.181818181818183	0.1881377628574237	0.1350627607164678	0.15886973648989305	0.15167119205936241	0.14023141241463913
18.68686868686869	0.1881377622587938	0.13506276071502427	0.15886973647775757	0.15167119205758037	0.14023141242047416
19.191919191919194	0.18813776182036168	0.1350627607143626	0.15886973647289493	0.15167119205680368	0.14023141242254325
19.6969696969697	0.18813776156924794	0.13506276071431977	0.1588697364732495	0.15167119205679133	0.1402314124220755
20.202020202020204	0.18813776150545258	0.13506276071489584	0.15886973647882133	0.1516711920575433	0.14023141241907092
20.70707070707071	0.18813776162897558	0.13506276071609077	0.1588697364896104	0.15167119205905968	0.1402314124135295
21.212121212121215	0.18813776160392456	0.13506276071645668	0.1588697364930651	0.15167119205953256	0.1402314124116939
21.71717171717172	0.18813776157307155	0.135062760716609	0.15886973649452057	0.15167119205973034	0.1402314124109106
22.222222222222225	0.1881377615928454	0.13506276071679096	0.15886973649608538	0.1516711920599568	0.14023141241013096
22.72727272727273	0.1881377616632461	0.1350627607170026	0.1588697364977596	0.1516711920602119	0.1402314124093549
23.232323232323235	0.1881377617842737	0.13506276071724388	0.15886973649954314	0.15167119206049562	0.14023141240858247
23.73737373737374	0.18813776183248188	0.13506276071765053	0.15886973650302103	0.15167119206100052	0.14023141240685752
24.242424242424242	0.188137761875487	0.13506276071762413	0.1588697365026601	0.15167119206096014	0.14023141240709044
24.747474747474747	0.18813776191849213	0.13506276071759776	0.15886973650229916	0.15167119206091978	0.14023141240732337
25.252525252525253	0.18813776196149723	0.1350627607175714	0.15886973650193822	0.1516711920608794	0.1402314124075563
25.757575757575758	0.18813776200450236	0.13506276071754503	0.1588697365015773	0.15167119206083904	0.14023141240778922
26.262626262626263	0.18813776201927382	0.13506276071753637	0.15886973650145825	0.15167119206082574	0.14023141240786632
26.767676767676768	0.18813776202066568	0.13506276071753615	0.15886973650145378	0.1516711920608253	0.14023141240786954
27.272727272727273	0.18813776202205754	0.1350627607175359	0.1588697365014493	0.15167119206082488	0.14023141240787276
27.77777777777778	0.1881377620234494	0.13506276071753565	0.15886973650144487	0.15167119206082444	0.14023141240787598
28.282828282828284	0.18813776202484125	0.1350627607175354	0.1588697365014404	0.151671192060824	0.1402314124078792
28.78787878787879	0.1881377620262331	0.13506276071753515	0.15886973650143593	0.15167119206082355	0.14023141240788245
29.292929292929294	0.18813776202762497	0.1350627607175349	0.15886973650143146	0.15167119206082313	0.14023141240788567
29.7979797979798	0.18813776202901683	0.13506276071753465	0.15886973650142702	0.1516711920608227	0.1402314124078889
30.303030303030305	0.1881377620304087	0.1350627607175344	0.15886973650142255	0.15167119206082225	0.1402314124078921
30.80808080808081	0.18813776203180055	0.13506276071753415	0.15886973650141809	0.1516711920608218	0.14023141240789533
31.313131313131315	0.1881377620331924	0.13506276071753393	0.15886973650141362	0.15167119206082139	0.14023141240789855
31.81818181818182	0.18813776203458427	0.13506276071753368	0.15886973650140918	0.15167119206082094	0.14023141240790177
32.323232323232325	0.18813776203597612	0.13506276071753343	0.1588697365014047	0.1516711920608205	0.14023141240790502
32.82828282828283	0.18813776203736798	0.13506276071753318	0.15886973650140024	0.15167119206082005	0.14023141240790823
33.333333333333336	0.18813776203875984	0.13506276071753293	0.1588697365013958	0.15167119206081964	0.14023141240791145
33.83838383838384	0.1881377620401517	0.13506276071753268	0.15886973650139133	0.1516711920608192	0.14023141240791467
34.343434343434346	0.18813776204154356	0.13506276071753243	0.15886973650138686	0.15167119206081875	0.1402314124079179
34.84848484848485	0.18813776204293542	0.13506276071753218	0.1588697365013824	0.1516711920608183	0.1402314124079211
35.35353535353536	0.18813776204432728	0.13506276071753193	0.15886973650137795	0.1516711920608179	0.14023141240792436
35.85858585858586	0.18813776204571914	0.13506276071753168	0.15886973650137348	0.15167119206081744	0.14023141240792758
36.36363636363637	0.188137762047111	0.13506276071753145	0.158869736501369	0.151671192060817	0.1402314124079308
36.86868686868687	0.18813776204850285	0.1350627607175312	0.15886973650136454	0.15167119206081656	0.14023141240793402
37.37373737373738	0.1881377620498947	0.13506276071753096	0.1588697365013601	0.15167119206081614	0.14023141240793724
37.87878787878788	0.18813776205128657	0.1350627607175307	0.15886973650135564	0.1516711920608157	0.14023141240794046
38.38383838383839	0.18813776205267843	0.13506276071753046	0.15886973650135117	0.15167119206081525	0.1402314124079437
38.88888888888889	0.1881377620540703	0.1350627607175302	0.1588697365013467	0.1516711920608148	0.14023141240794693
39.3939393939394	0.18813776205546215	0.13506276071752996	0.15886973650134226	0.1516711920608144	0.14023141240795015
39.8989898989899	0.188137762056854	0.1350627607175297	0.1588697365013378	0.15167119206081395	0.14023141240795337
40.40404040404041	0.18813776205824587	0.13506276071752946	0.15886973650133332	0.1516711920608135	0.14023141240795658
40.909090909090914	0.18813776205963773	0.13506276071752923	0.15886973650132888	0.15167119206081306	0.1402314124079598
41.41414141414142	0.18813776206102958	0.13506276071752898	0.1588697365013244	0.15167119206081262	0.14023141240796305
41.919191919191924	0.18813776206242144	0.13506276071752873	0.15886973650131994	0.1516711920608122	0.14023141240796627
42.42424242424243	0.1881377620638133	0.13506276071752848	0.15886973650131547	0.15167119206081175	0.1402314124079695
42.929292929292934	0.18813776206520516	0.13506276071752824	0.15886973650131103	0.1516711920608113	0.1402314124079727
43.43434343434344	0.18813776206659702	0.13506276071752799	0.15886973650130656	0.15167119206081087	0.14023141240797593
43.939393939393945	0.18813776206798888	0.13506276071752774	0.1588697365013021	0.15167119206081045	0.14023141240797915
44.44444444444445	0.18813776206938074	0.13506276071752749	0.15886973650129763	0.15167119206081	0.1402314124079824
44.949494949494955	0.1881377620707726	0.13506276071752724	0.15886973650129319	0.15167119206080956	0.14023141240798562
45.45454545454546	0.18813776207216446	0.13506276071752701	0.15886973650128872	0.15167119206080912	0.14023141240798884
45.959595959595966	0.1881377620735563	0.13506276071752676	0.15886973650128425	0.1516711920608087	0.14023141240799206
46.46464646464647	0.18813776207494817	0.13506276071752651	0.15886973650127978	0.15167119206080826	0.14023141240799528
46.969696969696976	0.18813776207634003	0.13506276071752626	0.15886973650127534	0.1516711920608078	0.1402314124079985
47.47474747474748	0.1881377620777319	0.13506276071752601	0.15886973650127087	0.15167119206080737	0.14023141240800172
47.979797979797986	0.18813776207912375	0.13506276071752576	0.1588697365012664	0.15167119206080695	0.14023141240800496
48.484848484848484	0.1881377620805156	0.13506276071752552	0.15886973650126196	0.1516711920608065	0.14023141240800818
48.98989898989899	0.18813776208190747	0.13506276071752527	0.1588697365012575	0.15167119206080606	0.1402314124080114
49.494949494949495	0.18813776208329933	0.13506276071752502	0.15886973650125302	0.15167119206080562	0.14023141240801462
50.0	0.18813776208469118	0.13506276071752477	0.15886973650124855	0.1516711920608052	0.14023141240801784
