NON $ % + - . 0 1 2 3 4
#NON	E2F	CycB	CycE	CycD	Cdc20	p27	cdh1	Rb	CycA	UbcH10
0.0	0.7313622091572393	0.5828534249405803	0.14116892913214274	0.3958950774559168	0.39693695827163467	0.8174178588580078	0.6804467496943691	0.8386791414999327	0.81484101826418	0.6662591693357128
0.111358574610245	0.6793332711498978	0.559494865716493	0.15589561664079354	0.37856925179946455	0.3823714161656775	0.713464610741089	0.683747867495913	0.7803467928995693	0.7359055041807063	0.6019339811946655
0.22271714922049	0.6350538293933737	0.5413018106510621	0.1685162140574563	0.36313363064169035	0.3700165478857981	0.6239947784330702	0.6868613012901661	0.7335588765835055	0.6662722673630598	0.546089094495391
0.33407572383073497	0.5973931752853777	0.5271614666984679	0.17928607840208188	0.3493637485998226	0.3595667590924987	0.5469309871487368	0.6897922122305961	0.6960988123671364	0.604821349114024	0.4975258323097642
0.44543429844098	0.5653823557132519	0.5161939859720633	0.18843714834012043	0.33706430202406595	0.35075414640454905	0.48049625604938717	0.6925513350926427	0.6661654773965381	0.5505721580941723	0.4552226632473624
0.5567928730512249	0.5381925409935505	0.5077048787220402	0.1961791038200736	0.32606506970792615	0.34334390473627047	0.42317132260669515	0.6951523203951964	0.6422989555318623	0.5026657380998135	0.4183083430464575
0.6681514476614699	0.5151155973725149	0.5011468117083983	0.20270046225690747	0.3162174140085549	0.3371306500276289	0.3736574365687982	0.6976096663162266	0.6233176022696089	0.4603491244739304	0.3860391623650351
0.779510022271715	0.49554698892733273	0.49608936861995717	0.20816969985687525	0.3073913115769469	0.3319353364000833	0.3308444571323852	0.6999372727932249	0.608266164498641	0.42296174130681613	0.3577798368588431
0.89086859688196	0.4789707553027469	0.49219474333599605	0.21273644548719073	0.29947280760523143	0.3276025214631369	0.29378334874123524	0.7021475084161923	0.5963729034298849	0.3899235165396934	0.33298725092770776
1.0022271714922049	0.46494652183587454	0.48919850204300935	0.21653275872955335	0.2923618475980189	0.32399786331131397	0.26166269637480505	0.7042507449308184	0.5870147631917034	0.36072459172424887	0.3111967151484505
1.1135857461024499	0.45309829707748805	0.48689419347099955	0.21967447402946796	0.2859704211877185	0.3210058067358745	0.23378859568042218	0.7062552087387234	0.5796889580983922	0.33491639480458246	0.2920102826065437
1.2249443207126949	0.4431048984504383	0.4851211239687658	0.222262586861183	0.2802209732737543	0.318527418960058	0.20956747824356076	0.7081670820192034	0.5739899583223071	0.3121039127052799	0.2750868213858894
1.3363028953229399	0.43469179009460357	0.4837546009930002	0.22438464650673354	0.2750450405718559	0.3164783876242156	0.18849143018205364	0.7099907429075786	0.5695908014505059	0.2919389943922325	0.2601335670213191
1.447661469933185	0.427624163543032	0.4826982043074206	0.2261161268872141	0.27038208150243476	0.3147871733543539	0.17012566650995484	0.7117290954761452	0.5662280012353997	0.27411455058120615	0.24689894416110325
1.55902004454343	0.4217010795791166	0.4818776574741607	0.22752174780623155	0.2661784699310183	0.3133933254991234	0.15409784060790777	0.7133839287831172	0.5636893493383276	0.2583595216113279	0.2351664648829411
1.670378619153675	0.41675050922502127	0.4812359674483637	0.22865672510242283	0.26238662824990105	0.3122459659723467	0.1400889188801254	0.714956261755186	0.5618040442502547	0.24443450377134165	0.22474954340336262
1.78173719376392	0.41262514242954185	0.4807295953626527	0.22956793600621228	0.2589642793956257	0.3113024297019739	0.12782539615568417	0.7164466626396874	0.5604347312315048	0.23212794271913673	0.21548709163015334
1.893095768374165	0.4091988358994623	0.48032543235105285	0.2302949897335014	0.25587380017172956	0.31052706387231577	0.11707265216217097	0.7178555168651664	0.5594710624323096	0.22125281259158555	0.20723977913991598
2.0044543429844097	0.40636360065415894	0.4799984257380709	0.23087119973493292	0.25308166121059655	0.3098901723468646	0.10762928420940113	0.7191832438380419	0.5588244989158143	0.2116437140235332	0.19988685860256972
2.115812917594655	0.404027039984204	0.47972971815456333	0.23132445718709543	0.25055794096332296	0.30936709560785725	0.09932227177679037	0.7204304604652311	0.5584241102656053	0.2031543329271678	0.19332347137817624
2.2271714922048997	0.40211016449187914	0.47950519334392794	0.23167800844312975	0.24827590316130135	0.30893741544676784	0.09200285178615185	0.7215980926440281	0.5582131797600777	0.19565521138353806	0.18745836139869004
2.338530066815145	0.4005455255987748	0.4793143474455723	0.23195114122994925	0.24621162905993746	0.30858427107220926	0.08554300391982915	0.7226874424529253	0.5581464663179398	0.1890317905745225	0.18221193747655756
2.4498886414253898	0.399275608055142	0.4791494046376424	0.2321597861216804	0.2443436955494431	0.3082937738253416	0.07983244254117043	0.7237002168822105	0.5581879744401885	0.18318268451173542	0.17751462279317753
2.561247216035635	0.39825145427834674	0.47900464459594533	0.23231703979483664	0.24265289452706398	0.30805451010845064	0.07477606146259239	0.7246385257362505	0.5583091698182661	0.17801816323488218	0.1733054595455343
2.6726057906458798	0.39743147420950203	0.4788758806709332	0.23243361774631316	0.24112198646450114	0.30785712004034044	0.07029174846498673	0.7255048564124372	0.5584875265354275	0.17345881233004085	0.16953092001881576
2.783964365256125	0.3967804162547504	0.47876005963170226	0.23251824365710727	0.23973548414954476	0.30769394380250364	0.0663085221731677	0.7263020301354403	0.5587053495478378	0.16943434962625883	0.16614389658044973
2.89532293986637	0.3962684785876134	0.4786549614040806	0.23257798253252232	0.23847946241456341	0.3075587234351824	0.06276494291401227	0.7270331492335438	0.5589488287610866	0.16588257951379157	0.16310284162280117
3.006681514476615	0.39587053730416605	0.47855896956823507	0.232618524302161	0.23734139039555147	0.30744635448780344	0.059607756042682786	0.7277015374788994	0.5592072683199145	0.1627484677509474	0.16037103430168356
3.11804008908686	0.39556547790386654	0.47847090062148795	0.2326444240716143	0.2363099834302234	0.3073526792884422	0.056790734559166105	0.7283106785047033	0.5594724651189984	0.15998332284062683	0.15791595461722863
3.229398663697105	0.39533561572228376	0.47838987755947937	0.23265930481438873	0.2353750720051763	0.3072743148094762	0.05427369062577024	0.7288641565469759	0.5597382065349473	0.1575440710267611	0.1557087476753565
3.34075723830735	0.39516619349067084	0.47831523668618076	0.23266602751618956	0.23452748563473708	0.3072085107444256	0.052021631554880855	0.7293656003444899	0.5599998636461716	0.1553926141524236	0.1537237645822286
3.452115812917595	0.39504494644521826	0.4782464602320769	0.23266683340900415	0.2337589497840374	0.3071530324471348	0.05000403869509257	0.7298186324481811	0.5602540629285953	0.15349526069009056	0.1519381679454868
3.56347438752784	0.3949617264036107	0.47818312840727617	0.2326634623634629	0.23306199422287166	0.3071060645196944	0.04819425095884253	0.7302268251564252	0.5604984215654057	0.1518222214874173	0.15033159201853008
3.6748329621380846	0.3949081772333994	0.4781248856869615	0.232657250978653	0.2324298714271562	0.3070661318993164	0.04656893756552655	0.730593663070629	0.560731333844357	0.15034716282985605	0.14888584922864986
3.78619153674833	0.39487745532741525	0.47807141777820744	0.23264921349160558	0.2318564838190296	0.307032035415541	0.04510764675692358	0.7309225123175918	0.5609517993193341	0.14904681026341535	0.1475846760314403
3.8975501113585747	0.3948639886105854	0.47802243608142453	0.2326401085977811	0.23133631864633836	0.30700279874448005	0.04379241759346067	0.7312165965809226	0.5611592839304236	0.14790059656230603	0.14641351133373465
4.008908685968819	0.3948632736405313	0.4779776694964722	0.2326304923040531	0.2308643904475439	0.30697762694780173	0.042607454373870764	0.7314789793469674	0.5613536135747926	0.14689035348571125	0.14535930730713903
4.120267260579065	0.39487169527932636	0.47793685652662415	0.23262076401452955	0.23043618832658658	0.3069558700182735	0.041538834391503125	0.731712550962327	0.561534880030066	0.14600003168991904	0.14441035743892755
4.23162583518931	0.39488637977903046	0.477899743468491	0.23261120072997601	0.23004762995393593	0.30693699609363045	0.04057426974242407	0.7319200213371299	0.5617033745873579	0.14521545950026682	0.1435561526334606
4.342984409799555	0.39490506473275455	0.477866082308772	0.23260198684324213	0.22969501932791397	0.3069205677448953	0.03970289261761865	0.7321039161668254	0.561859529667	0.14452412367853892	0.1427872497191701
4.4543429844097995	0.3949259926349352	0.47783563169724463	0.2325932362802181	0.22937500950155018	0.30690622438402915	0.03891507707787234	0.7322665772997072	0.5620038774714082	0.14391497888629648	0.14209515909421044
4.565701559020045	0.3949478203941497	0.47780815760259515	0.2325850103815939	0.22908456898113855	0.30689366774566446	0.038202284059429145	0.7324101659172922	0.5621370162751691	0.14337827839865877	0.1414722447785572
4.67706013363029	0.3949695395969311	0.477783432517056	0.23257733327283697	0.2288209510177715	0.30688264920591635	0.03755692310360875	0.7325366665808775	0.5622595799535601	0.14290542110421317	0.14091163383073743
4.788418708240535	0.39499041423366815	0.47776123755154287	0.23257020215386248	0.22858166659132223	0.3068729609914713	0.03697223873976489	0.7326478947476665	0.5623722202896696	0.14248881994242332	0.14040713890546033
4.8997772828507795	0.39500992689083153	0.47774136334995854	0.2325635959484677	0.2283644597993538	0.3068644284978561	0.03644220935530201	0.7327455049307052	0.5624755913639817	0.14212178379644544	0.13995318803549456
5.011135857461025	0.3950277327519592	0.47772361079969355	0.23255748229864212	0.22816728546652665	0.3068569037556397	0.03596145789719166	0.7328309995322976	0.5625703369403906	0.1417984116464073	0.1395447613146048
5.12249443207127	0.3950436228660058	0.47770779147504355	0.23255182229165047	0.2279882891993352	0.30685026080803773	0.03552517644098041	0.7329057382289811	0.5626570821345487	0.14151350046574362	0.13917733551307043
5.233853006681515	0.39505749608982094	0.4776937279788315	0.23254657331931672	0.22782578979815557	0.3068443923829261	0.035129063487476596	0.7329709482808525	0.5627364286851148	0.14126246627164493	0.13884683602059605
5.3452115812917596	0.39506933054848303	0.47768125429651387	0.23254169278875558	0.22767826229037624	0.30683920587898783	0.034769261274708196	0.7330277334946146	0.5628089490504083	0.14104126768770492	0.1385495897929038
5.456570155902004	0.3950791646019535	0.4776702157163973	0.23253713960859823	0.2275443234886218	0.3068346210828637	0.03444230722469846	0.7330770840141634	0.5628751844115809	0.14084634370699242	0.1382822863597175
5.56792873051225	0.39508708003806425	0.4776604689713094	0.2325328753446808	0.22742271854699575	0.3068305680991918	0.03414508931663454	0.7331198860080099	0.5629356434767536	0.14067455640615004	0.1380419416557076
5.679287305122495	0.3950931901882841	0.477651882019981	0.23252886467043826	0.22731230920982984	0.30682698584309676	0.03387480907588224	0.733156930975468	0.5629908026437325	0.1405231427153128	0.13782586669240027
5.79064587973274	0.3950976278799444	0.4776443336460997	0.23252507602167966	0.22721206255047913	0.30682382074806286	0.033628945304870005	0.7331889240515501	0.56304110554243	0.1403896680977305	0.137631637396507
5.902004454342984	0.39510053896742403	0.4776377129993649	0.2325214812925641	0.22712104149953122	0.30682102600783145	0.03340522640908228	0.7332164924623561	0.5630869645868661	0.1402719898856138	0.13745706974199798
6.01336302895323	0.39510207359924227	0.4776319189619431	0.23251805644254478	0.2270383955101622	0.3068185600021122	0.03320160165462707	0.7332401921854972	0.5631287608265968	0.14016822021613362	0.1373001949809116
6.124721603563475	0.3951023827630505	0.47762685943831856	0.2325147810396147	0.22696335285475336	0.3068163857837333	0.03301621987051583	0.7332605149879681	0.5631668457615195	0.14007669782921744	0.13715923961737975
6.23608017817372	0.3951016139471514	0.4776224512337982	0.2325116379234508	0.2268952129701931	0.30681447054683514	0.032847407146250354	0.7332778957615254	0.5632015431604787	0.13999595943915868	0.13703260531800746
6.347438752783964	0.39509990962375774	0.47761861933178884	0.23250861275323637	0.2268333401911456	0.30681278516030897	0.032693650348631365	0.7332927183521666	0.5632331509511798	0.1399247181000021	0.13691885276632057
6.45879732739421	0.3950974038460651	0.4776152963275085	0.23250569397346552	0.2267771573606864	0.3068113036979835	0.0325535789654023	0.7333053206817896	0.5632619421545287	0.1398618400574737	0.13681668499944136
6.570155902004455	0.3950942222898109	0.47761242185438124	0.23250287224517927	0.22672614073709488	0.3068100032213657	0.03242595233552209	0.7333159998797059	0.5632881670491058	0.1398063283447499	0.13672493441170405
6.6815144766147	0.3950904802579617	0.47760994163092096	0.2325001403569437	0.22667981471824547	0.3068088630934844	0.032309645262132786	0.7333250162889324	0.563312054241302	0.13975730462365443	0.13664254915887275
6.7928730512249444	0.3950862835539674	0.47760780691656285	0.23249749275937576	0.22663774778725582	0.30680786492208384	0.03220363834890859	0.7333325974521876	0.5633338125528865	0.13971399716196106	0.1365685829230165
6.90423162583519	0.3950817275070924	0.47760597459978205	0.23249492528500473	0.22659954798707102	0.3068069923017822	0.03210700576770325	0.7333389428705955	0.5633536327217367	0.13967572571310158	0.1365021832502346
7.015590200445435	0.3950768980057649	0.477604406516126	0.23249243483706739	0.22656485961671294	0.3068062306203821	0.03201890760493499	0.7333442269181514	0.5633716889379401	0.13964189238574623	0.13644258330215397
7.12694877505568	0.39507187112804404	0.47760306886268833	0.23249001926685753	0.22653335963250423	0.30680556683593574	0.03193858064698491	0.733348601515292	0.5633881397911313	0.13961197047153262	0.13638909273875222
7.2383073496659245	0.3950667141083546	0.47760193189398087	0.23248767712257573	0.22650475484193247	0.3068049893669667	0.03186533180745707	0.7333521988258375	0.5634031297125641	0.13958549694380604	0.13634109073108033
7.349665924276169	0.39506148555364357	0.4776009691194309	0.23248540746974972	0.2264787789729277	0.3068044879130386	0.031798530852232026	0.7333551334710807	0.5634167901444477	0.139562063962681	0.13629801863315658
7.461024498886415	0.395056236196185	0.4776001567803189	0.23248320975697187	0.2264551903201317	0.3068040533495876	0.031737604903160244	0.733357504293072	0.5634292405718017	0.1395413128499492	0.1362593741854972
7.57238307349666	0.39505100953041583	0.47759947423015064	0.2324810836631506	0.226433769386681	0.306803677553013	0.031682032771597174	0.7333593971525331	0.5634405897906001	0.139522927736522	0.13622470563476546
7.6837416481069045	0.39504584252010505	0.4775989037798888	0.23247902899238745	0.22641431688913696	0.30680335326929914	0.03163134028951775	0.7333608867553079	0.5634509369398186	0.13950663062569882	0.13619360684504442
7.795100222717149	0.39504076611311345	0.47759842989575996	0.2324770456066517	0.22639665187301103	0.30680307404702417	0.03158509590062363	0.7333620374400109	0.5634603720997277	0.1394921767664803	0.13616571272349204
7.906458797327395	0.39503580581698067	0.4775980389576993	0.23247513336599265	0.22638061001893825	0.30680283413745135	0.03154290670739918	0.7333629044185744	0.5634689770190191	0.13947935062646435	0.13614069511150004
8.017817371937639	0.39503098230187766	0.4775977189928519	0.2324732920706426	0.22636604217997552	0.3068026285203671	0.03150441510179861	0.733363534912983	0.563476825997056	0.13946796260321437	0.13611825928552915
8.129175946547885	0.39502631185920367	0.4775974591582635	0.23247152141183272	0.22635281283471106	0.3068024529244345	0.031469295138929515	0.733363968993366	0.5634839865837761	0.13945784536883968	0.13609814024197653
8.24053452115813	0.3950218070373472	0.4775972502088779	0.23246982095431773	0.22634079896460807	0.30680230352747934	0.03143725000205095	0.7333642410475577	0.5634905201974103	0.13944885164342274	0.13608010001574158
8.351893095768375	0.3950174771539507	0.47759708451542693	0.2324681901109242	0.2263298888559599	0.30680217684472355	0.03140800924060319	0.7333643808800228	0.5634964827942739	0.13944085163978862	0.1360639248317161
8.46325167037862	0.39501332866251265	0.47759695526453455	0.23246662815921323	0.22631998120213895	0.3068020699081655	0.03138132677026224	0.7333644134500698	0.5635019252238145	0.1394337315187717	0.13604942309565635
8.574610244988865	0.39500936542583276	0.47759685685768777	0.2324651341884499	0.22631098387945872	0.3068019799087553	0.03135697791918053	0.7333643603806969	0.5635068936225958	0.13942739028291837	0.13603642239109412
8.68596881959911	0.3950055893085998	0.47759678444908593	0.23246370713085263	0.22630281311409517	0.3068019043448487	0.03133475765970601	0.7333642400723697	0.5635114300237639	0.1394217387011639	0.13602476764852678
8.797327394209354	0.39500200018773945	0.47759673370438466	0.23246234578806282	0.22629539303981164	0.3068018411875477	0.031314479536891066	0.7333640675194828	0.5635155725432538	0.13941669853188074	0.13601432019985576
8.908685968819599	0.3949985964002883	0.4775967006590424	0.23246104882223514	0.22628865465333112	0.30680178880434494	0.03129597328348613	0.7333638550120252	0.5635193558768707	0.13941220043490943	0.13600495533375792
9.020044543429844	0.3949953750835047	0.4775966818814878	0.2324598147614038	0.22628253519397049	0.30680174578330444	0.03127908341233905	0.7333636128344941	0.5635228116571563	0.13940818297099736	0.13599656088784498
9.13140311804009	0.39499233231050324	0.47759667477394807	0.23245864202612204	0.22627697797900262	0.3068017107850486	0.031263668837750586	0.7333633496532237	0.563525968627716	0.13940459270536681	0.13598903696620765
9.242761692650335	0.3949894634859511	0.47759667705286335	0.23245752892294125	0.2262719312033334	0.3068016826604698	0.03124960012352054	0.7333630728289697	0.5635288531456042	0.13940138167329813	0.13598229313454008
9.35412026726058	0.3949867631540007	0.4775966868780217	0.23245647367558564	0.22626734809902643	0.30680166031491557	0.03123675983656712	0.7333627883422835	0.5635314889750354	0.13939850804066953	0.1359762489344165
9.465478841870825	0.39498422552857104	0.4775967027451188	0.2324554744352357	0.2262631857925544	0.30680164268542337	0.03122503993382554	0.7333625014824052	0.5635338979369868	0.1393959340598939	0.1359708312675556
9.57683741648107	0.3949818441179827	0.477596723461465	0.23245452927141091	0.2262594062134197	0.30680162892070467	0.031214343838378022	0.7333622160697497	0.5635360994895403	0.13939362767494123	0.13596597645819403
9.688195991091314	0.3949796124824731	0.47759674754992143	0.23245363626945803	0.22625597370490394	0.30680161854700355	0.031204580932191507	0.733361934890672	0.5635381118771307	0.13939155892126526	0.1359616251120747
9.799554565701559	0.3949775238499294	0.47759677387450905	0.23245279345542266	0.22625285643145962	0.30680161113671206	0.03119566980508894	0.7333616599863606	0.56353995145932	0.13938970198404005	0.13595772510179366
9.910913140311804	0.39497557143298034	0.477596801725639	0.23245199883142492	0.22625002551152876	0.30680160620426367	0.03118753623399431	0.7333613931767756	0.5635416332284713	0.13938803415674758	0.1359542297718954
10.02227171492205	0.39497374847292105	0.477596830494595	0.23245125039552705	0.22624745461742055	0.30680160332318557	0.031180112267942272	0.7333611358817107	0.563543170883986	0.13938653510500487	0.13595109706273842
10.133630289532295	0.3949720482278902	0.47759685976871435	0.23245054614474878	0.22624511988170154	0.3068016019990776	0.031173336000245463	0.7333608893723139	0.5635445768344624	0.13938518681755394	0.1359482893515162
10.24498886414254	0.3949704640587843	0.4775968891445359	0.23244988409623082	0.226242999613286	0.30680160189396993	0.03116715089871389	0.733360654374799	0.5635458624231751	0.13938397329002558	0.1359457728849727
10.356347438752785	0.39496898945193437	0.47759691820641853	0.2324492622955368	0.22624107413356934	0.3068016028196053	0.031161505418616137	0.7333604311063086	0.5635470379958035	0.13938288033876725	0.13594351745725558
10.46770601336303	0.39496761809293207	0.4775969466654256	0.23244867881842712	0.22623932550941137	0.3068016045776037	0.03115635237297807	0.7333602197006872	0.5635481130359148	0.13938189528123052	0.13594149586841814
10.579064587973274	0.39496634385873447	0.4775969743151641	0.23244813177389273	0.22623773754295243	0.306801606998725	0.031151648907152784	0.7333600201175847	0.5635490961662264	0.13938100693159863	0.13593968391002526
10.690423162583519	0.3949651608564908	0.477597001014144	0.2324476193182345	0.2262362954188678	0.3068016099048828	0.03114735565769585	0.7333598322869699	0.563549995296902	0.13938020522170988	0.13593805968420516
10.801781737193764	0.39496406341638396	0.47759702666482107	0.2324471396548201	0.22623498569271544	0.30680161314493	0.031143436719897995	0.7333596560212889	0.5635508176463868	0.1393794812017376	0.13593660359178295
10.913140311804009	0.3949630461216261	0.47759705116118384	0.23244669104818164	0.2262337959040928	0.3068016166164718	0.03113985871763764	0.7333594910160505	0.5635515699335351	0.13937882664588405	0.13593529760276793
11.024498886414255	0.3949621037569663	0.47759707448504035	0.23244627179906296	0.22623271526286093	0.30680162022219076	0.031136592454101306	0.7333593368614905	0.563552258035328	0.13937823474969352	0.135934126548718
11.1358574610245	0.394961231330963	0.47759709666872563	0.2324458802548303	0.22623173435448185	0.3068016238838262	0.031133612203015963	0.7333591930487792	0.5635528871331907	0.1393776998305378	0.1359330775677213
11.247216035634745	0.3949604241807151	0.4775971176637531	0.23244551485606527	0.22623084363102025	0.3068016275514952	0.03113089207459965	0.733359059140682	0.5635534624594538	0.13937721580778747	0.13593213727315379
11.35857461024499	0.3949596778943306	0.4775971374376001	0.23244517410209678	0.2262300345295015	0.30680163119736953	0.031128408708891712	0.7333589346437733	0.5635539887441571	0.139376777329065	0.13593129385188316
11.469933184855234	0.3949589882834625	0.47759715600799296	0.23244485653879074	0.2262292998680778	0.30680163481343603	0.031126142229835525	0.7333588189631696	0.5635544700190867	0.13937638016920764	0.13593053780753442
11.58129175946548	0.3949583514011367	0.47759717340197244	0.23244456077550835	0.2262286330733622	0.30680163839267605	0.031124074368356795	0.7333587115297738	0.5635549099966367	0.1393760204947726	0.13592986054305722
11.692650334075724	0.39495776352797396	0.47759718963615627	0.2324442854968418	0.22622802735975303	0.30680164188784753	0.03112218645406534	0.7333586119710896	0.5635553124691587	0.13937569412186346	0.13592925288470029
11.804008908685969	0.39495722119635895	0.47759720475136114	0.23244402944202838	0.22622747716899352	0.30680164528378584	0.031120462938042184	0.7333585198115936	0.5635556806084573	0.13937539781798827	0.13592870767113074
11.915367483296215	0.3949567211785855	0.47759721880128203	0.23244379141140606	0.2262269776826602	0.30680164857319264	0.031118890198126675	0.733358434571813	0.5635560172030105	0.13937512886548564	0.13592821887987427
12.02672605790646	0.3949562603610452	0.477597231846555	0.23244357026146345	0.22622652405758736	0.3068016517266607	0.031117454615270115	0.7333583558538131	0.5635563250297642	0.1393748845026014	0.13592778035236303
12.138084632516705	0.39495583583210253	0.47759724395830866	0.2324433649086802	0.22622611193690897	0.30680165471242704	0.03111614386106205	0.7333582832865231	0.5635566066056328	0.1393746622926355	0.1359273866427585
12.24944320712695	0.394955444921977	0.47759725521977636	0.23244317433127	0.22622573768199536	0.3068016575053383	0.03111494748207527	0.7333582165009227	0.5635568640747186	0.1393744602914796	0.13592703340319087
12.360801781737194	0.394955085135209	0.477597265705284	0.23244299756237957	0.22622539797893373	0.30680166009065346	0.031113855910019472	0.7333581551277273	0.5635570994048332	0.13937427674311667	0.1359267167271876
12.47216035634744	0.39495475407149516	0.4775972754362225	0.2324428336780321	0.22622508937641678	0.30680166248864355	0.03111285930104683	0.7333580987476388	0.5635573146237477	0.13937410970060846	0.13592643237553662
12.583518930957684	0.39495444955822673	0.47759728445475913	0.2324426818173123	0.22622480905941406	0.30680166471340714	0.03111194947899794	0.7333580469746356	0.5635575114236601	0.13937395766064192	0.1359261770723537
12.694877505567929	0.3949541696052653	0.47759729280095253	0.23244254117518592	0.2262245545955721	0.30680166678517895	0.031111119297529764	0.7333579994310271	0.5635576912908187	0.13937381935697365	0.13592594808176586
12.806236080178174	0.39495391225650334	0.47759730050924937	0.23244241096966517	0.2262243234310888	0.30680166871561976	0.031110361342522333	0.7333579557753622	0.5635578557622706	0.13937369339722303	0.13592574241636002
12.91759465478842	0.3949536757136985	0.4775973076096173	0.23244229046943213	0.22622411330307068	0.30680167052146545	0.031109668994685872	0.7333579156764031	0.563558006215888	0.13937357855800642	0.13592555748258292
13.028953229398665	0.3949534583819959	0.47759731412796086	0.2324421790039933	0.226223922391118	0.3068016722295451	0.03110903682018299	0.7333578788035574	0.5635581437931806	0.13937347389343094	0.135925391317995
13.14031180400891	0.3949532588243879	0.4775973200857049	0.23244207595352107	0.22622374916567894	0.30680167387176094	0.031108460179850403	0.7333578448364498	0.5635582694765143	0.13937337862655738	0.13592524235392175
13.251670378619155	0.3949530757049608	0.4775973255082665	0.23244198073593447	0.22622359221794702	0.3068016754718165	0.031107934786216693	0.7333578134942176	0.5635583841748325	0.13937329204056847	0.13592510915623301
13.3630289532294	0.39495290759072804	0.4775973304546363	0.23244189276178912	0.2262234496659043	0.30680167699887395	0.031107455156716753	0.7333577846378054	0.5635584890229737	0.13937321309875397	0.1359249895202077
13.474387527839644	0.39495275328080665	0.47759733496824086	0.2324418115092099	0.22622332014094618	0.3068016784445338	0.03110701718306581	0.7333577581000438	0.5635585848844734	0.13937314107575532	0.13592488197405894
13.585746102449889	0.3949526117129542	0.47759733909089414	0.23244173650261554	0.22622320250774997	0.3068016798009789	0.031106617401739638	0.7333577337338939	0.5635586724927328	0.13937307537833682	0.13592478535203978
13.697104677060134	0.3949524819445427	0.47759734286563754	0.23244166730838728	0.226223095807249	0.3068016810565242	0.031106252845466992	0.7333577114222689	0.563558752479757	0.13937301550890066	0.13592469870754134
13.80846325167038	0.39495236301365316	0.4775973463345971	0.2324416034951871	0.22622299899202436	0.30680168220117904	0.031105920327300668	0.733357691045676	0.56355882551918	0.13937296091763288	0.13592462095153293
13.919821826280625	0.3949522539662915	0.47759734953940336	0.23244154464173258	0.2262229109781487	0.3068016832255564	0.03110561658088743	0.7333576724885555	0.5635588922982434	0.13937291103147167	0.13592455092340136
14.03118040089087	0.39495215402485945	0.47759735252379	0.23244149038492495	0.2262228309661178	0.30680168411412906	0.031105339128785756	0.7333576556785272	0.5635589533443257	0.13937286543343338	0.13592448782947064
14.142538975501115	0.3949520624996425	0.4775973553322288	0.23244144039456333	0.2262227582722385	0.30680168484877274	0.031105085826266202	0.7333576405657705	0.5635590091160806	0.13937282376839763	0.13592443101261112
14.25389755011136	0.3949519787709851	0.4775973580047174	0.2324413943683906	0.2262226923061658	0.30680168541456615	0.031104854798027156	0.7333576271026807	0.563559060016745	0.13937278573165746	0.13592437992571166
14.365256124721604	0.3949519021116361	0.4775973605248339	0.23244135198271676	0.22622263234702422	0.3068016858575983	0.031104643807466956	0.7333576150411069	0.5635591065267743	0.13937275095480411	0.13592433386728806
14.476614699331849	0.39495183190325567	0.4775973628830425	0.232441312952594	0.2262225778162479	0.3068016862145191	0.03110445102534949	0.7333576041794566	0.5635591490422004	0.13937271914479887	0.135924292303696
14.587973273942094	0.394951767618695	0.47759736507151235	0.23244127702689166	0.22622252825524986	0.3068016865183052	0.031104274966892668	0.7333575943424725	0.5635591878878612	0.1393726900725908	0.13592425484275952
14.699331848552339	0.3949517087896336	0.4775973670746548	0.23244124397930138	0.2262224832846383	0.30680168680879083	0.031104114376869618	0.7333575853442952	0.5635592233415625	0.13937266355232839	0.13592422118560724
14.810690423162585	0.3949516545833823	0.47759736891478044	0.23244121342576818	0.22622244210811876	0.30680168710637645	0.031103966754103318	0.7333575770056611	0.5635592559406205	0.13937263918874016	0.13592419058765937
14.92204899777283	0.3949516055593683	0.4775973704938151	0.23244118559455515	0.2262224053451805	0.3068016874503002	0.031103833934771	0.7333575692641747	0.5635592853073281	0.13937261724682307	0.13592416368927973
15.033407572383075	0.39495156050504804	0.4775973718729127	0.23244115993689327	0.22622237176974372	0.3068016878422163	0.031103712130344727	0.7333575619435678	0.5635593122474525	0.1393725971168051	0.13592413928992197
15.14476614699332	0.3949515191838447	0.4775973730211537	0.23244113633026303	0.22622234120394727	0.3068016883144058	0.03110360072604088	0.7333575549048416	0.5635593369012278	0.13937257869577163	0.13592411725993198
15.256124721603564	0.3949514813584907	0.4775973739097723	0.2324411146516395	0.22622231346809596	0.30680168889721127	0.03110349910206061	0.7333575480149812	0.5635593594097136	0.13937256187995872	0.13592409746714393
15.367483296213809	0.3949514467643599	0.4775973745952993	0.23244109475797825	0.2262222883098481	0.30680168954419695	0.03110340643995288	0.7333575413780064	0.5635593799466474	0.13937254653196404	0.1359240796799062
15.478841870824054	0.394951415140394	0.4775973751231427	0.23244107650884538	0.22622226548633514	0.30680169021893905	0.031103321947170904	0.7333575350670275	0.5635593986815058	0.13937253251877177	0.13592406367954007
15.590200445434299	0.3949513862364982	0.4775973755045281	0.23244105977182974	0.22622224478380148	0.3068016909157826	0.031103244910777515	0.7333575290601638	0.5635594157706694	0.13937251972084655	0.13592404928723578
15.701559020044545	0.3949513598025781	0.47759737575068106	0.23244104441452026	0.22622222598849157	0.30680169162907245	0.031103174617835544	0.7333575233355345	0.5635594313705187	0.1393725080186531	0.1359240363241834
15.81291759465479	0.39495133558853895	0.4775973758728271	0.23244103030450583	0.2262222088866498	0.30680169235315374	0.031103110355407818	0.7333575178712585	0.5635594456374344	0.1393724972926561	0.1359240246115731
15.924276169265035	0.39495131339597966	0.47759737590498946	0.23244101733358236	0.22622219330771448	0.30680169306528793	0.031103051551070682	0.7333575127094122	0.5635594586949841	0.1393724874507771	0.13592401400743348
16.035634743875278	0.39495129315998945	0.4775973759400625	0.23244100545605637	0.22622217919266524	0.30680169369862104	0.031102997995254015	0.7333575080572297	0.5635594705820003	0.13937247847184056	0.13592400446492267
16.146993318485524	0.39495127471035973	0.477597376024503	0.23244099457692585	0.2262221663944975	0.30680169422109765	0.031102949192167488	0.7333575039916681	0.5635594814041548	0.13937247027874244	0.13592399586216025
16.25835189309577	0.394951257868271	0.4775973762009697	0.23244098459715623	0.2262221547590113	0.3068016946035079	0.03110290462261374	0.7333575005790303	0.5635594912725854	0.1393724627898049	0.1359239880711292
16.369710467706014	0.3949512424549035	0.4775973765121216	0.23244097541771297	0.22622214413200684	0.3068016948166422	0.03110286376739541	0.733357497885619	0.5635595002984299	0.13937245592335012	0.13592398096381256
16.48106904231626	0.3949512282956625	0.4775973769985861	0.2324409669418767	0.22622213436358382	0.3068016948330314	0.031102826120964867	0.7333574959728103	0.5635595085900701	0.139372449599846	0.13592397441629034
16.592427616926503	0.39495121536247385	0.47759737763054005	0.2324409591532169	0.2262221254529557	0.30680169468556867	0.03110279165114963	0.7333574947311156	0.563559516160299	0.1393724438141742	0.1359239684467311
16.70378619153675	0.39495120360412966	0.4775973783892832	0.23244095202262655	0.2262221173757928	0.3068016943976169	0.03110276025103761	0.7333574940780236	0.563559523037002	0.13937243854946763	0.13592396305086946
16.815144766146993	0.394951192913326	0.47759737928308793	0.23244094549025954	0.22622211005067655	0.30680169396942897	0.03110273163248237	0.7333574939964396	0.563559529284661	0.13937243376036926	0.13592395817004074
16.92650334075724	0.3949511831827587	0.4775973803202268	0.23244093949626976	0.22622210339618826	0.3068016934012575	0.03110270550733744	0.7333574944692687	0.5635595349677578	0.1393724294015221	0.13592395374558022
17.037861915367483	0.3949511743051238	0.4775973815089721	0.23244093398081114	0.22622209733090928	0.30680169269335533	0.031102681587456375	0.7333574954794161	0.5635595401507744	0.13937242542756922	0.13592394971882318
17.14922048997773	0.3949511647944162	0.4775973818917871	0.23244092822986834	0.2262220908837064	0.3068016926770378	0.031102656363063672	0.7333574942221779	0.5635595457004015	0.13937242119079465	0.13592394547544961
17.260579064587976	0.3949511581336836	0.4775973836325921	0.23244092392563406	0.22622208634255508	0.30680169146590386	0.031102638096789825	0.7333574970787998	0.5635595495832295	0.13937241820791008	0.13592394247022987
17.37193763919822	0.3949511518482963	0.4775973850961592	0.2324409198834174	0.22622208209616693	0.3068016904757237	0.031102620962064943	0.733357499281265	0.5635595532415534	0.13937241539953785	0.13592393968765443
17.483296213808465	0.39495114593825453	0.4775973862824884	0.23244091610321835	0.22622207814454193	0.30680168970649735	0.03110260495888903	0.7333575008295735	0.563559556675373	0.13937241276567794	0.13592393712772333
17.59465478841871	0.3949511404035581	0.4775973871915796	0.23244091258503688	0.22622207448768009	0.3068016891582247	0.031102590087262086	0.733357501723725	0.5635595598846883	0.13937241030633035	0.1359239347904365
17.706013363028955	0.39495113524342795	0.47759738781560224	0.23244090932947967	0.22622207112595896	0.30680168883720116	0.031102576348447816	0.7333575019468045	0.5635595628694996	0.13937240802116418	0.1359239326764553
17.817371937639198	0.39495113043607094	0.4775973879355444	0.23244090635351364	0.2262220680699377	0.3068016889194942	0.03110256377778975	0.73335750102572	0.5635595656298145	0.13937240590092564	0.1359239308042759
17.928730512249444	0.3949511259716091	0.47759738745278635	0.23244090366474401	0.22622206532430697	0.3068016894843688	0.031102552390983043	0.7333574987476718	0.5635595681656578	0.1393724039414054	0.1359239291821542
18.040089086859687	0.39495112186035464	0.47759738674399066	0.23244090121934124	0.22622206284405716	0.3068016902217341	0.031102542034999885	0.7333574960231963	0.5635595704860547	0.13937240214077712	0.13592392774776402
18.151447661469934	0.39495111811077094	0.4775973861182886	0.23244089898133394	0.2262220605922482	0.30680169087709486	0.031102532584248593	0.7333574935995811	0.5635595725984122	0.1393724004975419	0.1359239264499535
18.26280623608018	0.39495111470484767	0.47759738561273457	0.2324408969348164	0.2262220585514476	0.30680169141892577	0.03110252397377312	0.7333574915608962	0.5635595745152924	0.1393723990030128	0.13592392527438024
18.374164810690424	0.39495111161473256	0.4775973852846313	0.2324408950551911	0.22622205669469683	0.306801691798474	0.03110251610312135	0.7333574900371527	0.563559576256122	0.1393723976437557	0.13592392419886443
18.48552338530067	0.39495110882197615	0.477597385105753	0.23244089333551046	0.22622205501286172	0.30680169204044283	0.031102508937075255	0.7333574889539075	0.5635595778306948	0.13937239641224003	0.13592392321962898
18.596881959910913	0.3949511062766953	0.4775973849966754	0.23244089175742855	0.22622205348165533	0.30680169221430126	0.031102502381884053	0.7333574881023437	0.5635595792653477	0.13937239528816908	0.13592392232697423
18.70824053452116	0.39495110396859967	0.47759738494516957	0.23244089031655624	0.22622205209560123	0.30680169233097626	0.03110249641633131	0.7333574874494954	0.5635595805656375	0.139372394267276	0.1359239215183142
18.819599109131403	0.39495110185913307	0.47759738491144776	0.2324408889955704	0.22622205083350277	0.306801692426469	0.031102490958197143	0.7333574868865205	0.5635595817525657	0.13937239333345708	0.1359239207831102
18.93095768374165	0.3949510999404943	0.4775973848894396	0.23244088779066935	0.2262220496908489	0.30680169250631933	0.03110248598994526	0.7333574863963664	0.5635595828304555	0.1393723924834161	0.13592392011895568
19.042316258351896	0.3949510981868036	0.4775973848749788	0.23244088668684842	0.22622204865088097	0.3068016925748361	0.031102481446133565	0.7333574859625459	0.5635595838142428	0.1393723917059108	0.1359239195156543
19.15367483296214	0.39495109659029426	0.4775973848668829	0.2324408856795929	0.2262220477085655	0.30680169263325074	0.03110247730709362	0.7333574855802875	0.5635595847084118	0.13937239099756601	0.13592391897014108
19.265033407572385	0.394951095132441	0.4775973848648918	0.2324408847576864	0.22622204685173775	0.30680169268217367	0.03110247352480508	0.7333574852448668	0.5635595855237244	0.13937239035027948	0.13592391847491328
19.37639198218263	0.3949510938036096	0.47759738486887027	0.23244088391529583	0.22622204607407137	0.30680169272192215	0.031102470074294425	0.7333574849538268	0.5635595862657771	0.13937238975983757	0.13592391802606893
19.487750556792875	0.39495109259312505	0.4775973848775017	0.23244088314609165	0.22622204536877685	0.3068016927539275	0.031102466928456616	0.7333574847014455	0.5635595869407016	0.13937238922158454	0.13592391761955383
19.599109131403118	0.3949510914874236	0.47759738488911313	0.2324408824420316	0.22622204472722743	0.30680169278000835	0.031102464052851646	0.7333574844804518	0.563559587556289	0.13937238872960478	0.13592391725021655
19.710467706013365	0.3949510904816735	0.47759738490311265	0.23244088180023306	0.22622204414638775	0.30680169280082714	0.031102461435221763	0.7333574842882407	0.5635595881153033	0.13937238828178683	0.13592391691626585
19.821826280623608	0.3949510895618051	0.4775973849177769	0.23244088121230172	0.22622204361742015	0.3068016928183132	0.0311024590398739	0.7333574841172263	0.5635595886257927	0.13937238787198197	0.13592391661248718
19.933184855233854	0.39495108872447304	0.477597384933001	0.23244088067617594	0.22622204313823513	0.3068016928326637	0.031102456858193534	0.7333574839663777	0.5635595890896693	0.13937238749871833	0.1359239163376497
20.0445434298441	0.39495108795202954	0.4775973849488369	0.23244088018084988	0.2262220426978334	0.3068016928443983	0.0311024548444832	0.7333574838317896	0.5635595895170158	0.13937238715421116	0.13592391608527862
20.155902004454344	0.39495108724095523	0.4775973849652949	0.23244087972412864	0.22622204229402132	0.30680169285362074	0.031102452989629704	0.7333574837126831	0.5635595899098429	0.13937238683690806	0.13592391585408278
20.26726057906459	0.3949510865912501	0.47759738498237503	0.2324408793060123	0.22622204192679898	0.306801692860331	0.031102451293633055	0.7333574836090582	0.5635595902681506	0.139372386546809	0.13592391564406214
20.378619153674833	0.3949510860029142	0.4775973850000773	0.23244087892650078	0.22622204159616638	0.306801692864529	0.031102449756493244	0.733357483520915	0.5635595905919389	0.139372386283914	0.13592391545521673
20.48997772828508	0.3949510854759474	0.47759738501840177	0.23244087858559412	0.22622204130212345	0.3068016928662149	0.031102448378210277	0.7333574834482535	0.563559590881208	0.13937238604822305	0.1359239152875465
20.601336302895323	0.39495108500995496	0.4775973850373391	0.23244087828304852	0.22622204104442392	0.3068016928654086	0.031102447157765094	0.7333574833909604	0.5635595911361831	0.1393723858395623	0.13592391514090585
20.71269487750557	0.3949510845864181	0.4775973850564565	0.23244087800742944	0.22622204081151615	0.3068016928630525	0.031102446047369083	0.7333574833437253	0.5635595913674404	0.13937238564977797	0.13592391500846532
20.824053452115812	0.39495108419521147	0.47759738507551724	0.23244087775248498	0.22622204059708412	0.3068016928596616	0.031102445020893207	0.7333574833036448	0.5635595915807624	0.13937238547441194	0.1359239148864908
20.93541202672606	0.3949510838363351	0.4775973850945213	0.23244087751821516	0.2262220404011279	0.306801692855236	0.03110244407833746	0.7333574832707187	0.5635595917761492	0.1393723853134642	0.1359239147749823
21.046770601336306	0.39495108350978897	0.4775973851134688	0.2324408773046199	0.2262220402236474	0.3068016928497757	0.03110244321970185	0.7333574832449472	0.5635595919536006	0.1393723851669347	0.13592391467393983
21.15812917594655	0.3949510832155731	0.47759738513235955	0.23244087711169928	0.22622204006464267	0.3068016928432806	0.031102442444986375	0.7333574832263302	0.5635595921131168	0.13937238503482352	0.13592391458336336
21.269487750556795	0.39495108295368747	0.4775973851511937	0.23244087693945328	0.2262220399241137	0.30680169283575087	0.03110244175419103	0.7333574832148677	0.5635595922546978	0.1393723849171306	0.1359239145032529
21.380846325167038	0.39495108271787616	0.47759738516942646	0.23244087678403996	0.22622203979830852	0.3068016928278439	0.031102441131329393	0.7333574832077906	0.5635595923818733	0.13937238481109512	0.13592391443144725
21.492204899777285	0.3949510824982154	0.4775973851861937	0.2324408766393649	0.22622203968127536	0.3068016928206028	0.03110244055104227	0.7333574832007062	0.5635595925002428	0.13937238471233754	0.135923914364518
21.603563474387528	0.39495108229457987	0.4775973852014845	0.2324408765053511	0.226222039572939	0.3068016928140407	0.03110244001300929	0.7333574831935588	0.563559592609877	0.1393723846208025	0.13592391430242187
21.714922048997774	0.3949510821069695	0.4775973852152989	0.23244087638199862	0.22622203947329947	0.3068016928081576	0.03110243951723045	0.7333574831863486	0.5635595927107759	0.13937238453649006	0.13592391424515887
21.826280623608017	0.39495108193538425	0.4775973852276368	0.23244087626930734	0.22622203938235677	0.30680169280295355	0.031102439063705745	0.7333574831790756	0.5635595928029397	0.13937238445940014	0.13592391419272898
21.937639198218264	0.39495108177982424	0.47759738523849826	0.23244087616727738	0.22622203930011092	0.30680169279842845	0.031102438652435185	0.7333574831717398	0.563559592886368	0.13937238438953278	0.13592391414513222
22.04899777282851	0.39495108163906095	0.4775973852477131	0.2324408760751329	0.2262220392259059	0.3068016927947788	0.031102438280318542	0.733357483163636	0.5635595929617319	0.1393723843263395	0.1359239141020307
22.160356347438753	0.3949510815078017	0.4775973852545482	0.2324408759895316	0.22622203915691544	0.30680169279285047	0.031102437933999135	0.7333574831517271	0.5635595930319202	0.1393723842674573	0.13592391406196885
22.271714922049	0.3949510813854387	0.4775973852589194	0.23244087591008966	0.22622203909281505	0.3068016927927406	0.031102437611943107	0.733357483135664	0.5635595930972647	0.13937238421261475	0.13592391402477957
22.383073496659243	0.394951081271972	0.4775973852608266	0.23244087583680711	0.22622203903360472	0.30680169279444924	0.031102437314150463	0.7333574831154469	0.5635595931577654	0.1393723841618119	0.1359239139904628
22.49443207126949	0.3949510811674015	0.47759738526026996	0.23244087576968392	0.22622203897928442	0.30680169279797637	0.031102437040621194	0.7333574830910756	0.5635595932134225	0.13937238411504876	0.13592391395901854
22.605790645879733	0.3949510810717273	0.4775973852572493	0.2324408757087201	0.22622203892985415	0.3068016928033219	0.03110243679135531	0.7333574830625503	0.5635595932642358	0.13937238407232533	0.1359239139304468
22.71714922048998	0.3949510809847804	0.47759738525178763	0.23244087565379976	0.22622203888522616	0.30680169281047737	0.031102436565907936	0.7333574830298828	0.5635595933102963	0.1393723840335649	0.13592391390470251
22.828507795100226	0.3949510809040068	0.47759738524423184	0.2324408756031705	0.2262220388440739	0.3068016928193117	0.03110243635755427	0.7333574829932531	0.5635595933529773	0.13937238399760873	0.13592391388110325
22.93986636971047	0.3949510808285465	0.47759738523469875	0.23244087555624218	0.22622203880595057	0.3068016928297808	0.031102436164029478	0.7333574829527221	0.5635595933927418	0.1393723839640666	0.1359239138594193
23.051224944320715	0.3949510807583995	0.4775973852231883	0.2324408755130148	0.22622203877085614	0.3068016928418847	0.031102435985333552	0.7333574829082895	0.5635595934295893	0.13937238393293844	0.13592391383965063
23.16258351893096	0.3949510806935657	0.4775973852097005	0.23244087547348835	0.22622203873879068	0.3068016928556234	0.031102435821466497	0.7333574828599554	0.5635595934635201	0.1393723839042243	0.13592391382179728
23.273942093541205	0.39495108063404516	0.47759738519423545	0.23244087543766281	0.2262220387097541	0.30680169287099696	0.03110243567242831	0.7333574828077198	0.5635595934945342	0.13937238387792414	0.13592391380585922
23.385300668151448	0.3949510805798371	0.4775973851767937	0.23244087540553765	0.22622203868374605	0.3068016928880047	0.03110243553821674	0.7333574827515844	0.5635595935226321	0.1393723838540376	0.13592391379183613
23.496659242761694	0.39495108052987765	0.4775973851583766	0.23244087537627636	0.2262220386600976	0.30680169290583165	0.031102435415609017	0.7333574826937506	0.5635595935484128	0.13937238383206776	0.13592391377927815
23.608017817371937	0.3949510804832104	0.4775973851398844	0.23244087534912697	0.22622203863820756	0.3068016929237451	0.031102435301707733	0.7333574826361974	0.5635595935724154	0.13937238381156775	0.1359239137677808
23.719376391982184	0.39495108043983534	0.4775973851213171	0.23244087532408944	0.2262220386180759	0.306801692941745	0.031102435196512887	0.7333574825789251	0.5635595935946397	0.13937238379253752	0.13592391375734408
23.83073496659243	0.3949510803997524	0.4775973851026747	0.2324408753011638	0.22622203859970266	0.30680169295983134	0.03110243510002448	0.7333574825219337	0.5635595936150859	0.13937238377497713	0.13592391374796803
23.942093541202674	0.39495108036296167	0.47759738508395716	0.23244087528035004	0.2262220385830878	0.3068016929780042	0.03110243501224251	0.733357482465223	0.5635595936337539	0.13937238375888655	0.13592391373965262
24.05345211581292	0.3949510803294631	0.47759738506516447	0.23244087526164817	0.22622203856823128	0.3068016929962635	0.03110243493316698	0.7333574824087932	0.5635595936506437	0.13937238374426578	0.13592391373239784
24.164810690423163	0.39495108028611986	0.47759738505455096	0.2324408752354647	0.22622203854716402	0.3068016930067432	0.031102434824251287	0.7333574823727311	0.5635595936731906	0.13937238372511176	0.1359239137207396
24.27616926503341	0.3949510802406283	0.4775973850472808	0.23244087520742004	0.2262220385245548	0.30680169301405175	0.031102434708078292	0.7333574823452689	0.5635595936970386	0.13937238370494143	0.135923913707879
24.387527839643653	0.3949510801972902	0.477597385040651	0.2324408751806557	0.22622203850301315	0.3068016930207649	0.03110243459727034	0.7333574823198287	0.563559593719753	0.13937238368572055	0.13592391369560544
24.4988864142539	0.39495108015610547	0.4775973850346617	0.23244087515517162	0.2262220384825391	0.3068016930268826	0.03110243449182743	0.7333574822964105	0.5635595937413336	0.13937238366744908	0.13592391368391887
24.610244988864142	0.39495108011707414	0.4775973850293127	0.2324408751309678	0.22622203846313263	0.30680169303240495	0.03110243439174957	0.7333574822750145	0.5635595937617806	0.13937238365012708	0.13592391367281925
24.72160356347439	0.3949510800801962	0.4775973850246042	0.23244087510804426	0.22622203844479374	0.3068016930373319	0.031102434297036748	0.7333574822556405	0.563559593781094	0.13937238363375454	0.13592391366230663
24.832962138084635	0.3949510800454717	0.477597385020536	0.23244087508640102	0.22622203842752242	0.30680169304166344	0.03110243420768897	0.7333574822382884	0.5635595937992737	0.1393723836183314	0.13592391365238102
24.94432071269488	0.39495108001290063	0.47759738501710824	0.23244087506603803	0.22622203841131872	0.30680169304539956	0.031102434123706234	0.7333574822229586	0.5635595938163196	0.13937238360385773	0.13592391364304238
25.055679287305125	0.3949510799824829	0.4775973850143209	0.23244087504695532	0.22622203839618257	0.30680169304854027	0.031102434045088546	0.7333574822096507	0.563559593832232	0.1393723835903335	0.1359239136342907
25.167037861915368	0.39495107995421863	0.47759738501217397	0.2324408750291529	0.22622203838211402	0.3068016930510856	0.0311024339718359	0.7333574821983649	0.5635595938470107	0.1393723835777587	0.13592391362612605
25.278396436525615	0.3949510799281078	0.4775973850106674	0.23244087501263072	0.22622203836911306	0.30680169305303556	0.031102433903948297	0.7333574821891011	0.5635595938606557	0.13937238356613335	0.13592391361854836
25.389755011135858	0.3949510799041503	0.47759738500980126	0.23244087499738886	0.2262220383571797	0.3068016930543901	0.031102433841425737	0.7333574821818595	0.5635595938731671	0.13937238355545745	0.13592391361155765
25.501113585746104	0.39495107988234623	0.47759738500957555	0.23244087498342725	0.2262220383463139	0.30680169305514926	0.031102433784268222	0.7333574821766398	0.5635595938845448	0.13937238354573098	0.13592391360515393
25.612472160356347	0.3949510798626956	0.47759738500999016	0.23244087497074592	0.2262220383365157	0.306801693055313	0.03110243373247575	0.7333574821734422	0.5635595938947888	0.13937238353695394	0.1359239135993372
25.723830734966594	0.39495107984519834	0.47759738501104526	0.23244087495934485	0.22622203832778506	0.30680169305488136	0.03110243368604832	0.7333574821722667	0.5635595939038992	0.13937238352912634	0.13592391359410744
25.83518930957684	0.39495107982985456	0.4775973850127407	0.23244087494922408	0.22622203832012203	0.3068016930538543	0.031102433644985935	0.7333574821731131	0.5635595939118759	0.1393723835222482	0.13592391358946468
25.946547884187083	0.3949510798166641	0.47759738501507654	0.23244087494038357	0.22622203831352658	0.3068016930522318	0.031102433609288594	0.7333574821759817	0.563559593918719	0.1393723835163195	0.1359239135854089
26.05790645879733	0.3949510798056271	0.4775973850180528	0.23244087493282334	0.22622203830799872	0.306801693050014	0.031102433578956295	0.7333574821808724	0.5635595939244284	0.13937238351134024	0.13592391358194011
26.169265033407573	0.3949510797967435	0.4775973850216695	0.2324408749265434	0.22622203830353843	0.30680169304720073	0.03110243355398904	0.7333574821877851	0.5635595939290042	0.13937238350731043	0.1359239135790583
26.28062360801782	0.3949510797900133	0.4775973850259265	0.2324408749215437	0.22622203830014573	0.30680169304379207	0.03110243353438683	0.7333574821967198	0.5635595939324463	0.13937238350423004	0.1359239135767635
26.391982182628063	0.39495107978543653	0.477597385030824	0.2324408749178243	0.22622203829782062	0.306801693039788	0.03110243352014966	0.7333574822076766	0.5635595939347546	0.1393723835020991	0.13592391357505565
26.50334075723831	0.39495107978301314	0.47759738503636184	0.23244087491538518	0.2262220382965631	0.30680169303518856	0.03110243351127754	0.7333574822206554	0.5635595939359295	0.1393723835009176	0.13592391357393482
26.614699331848556	0.3949510797827432	0.4775973850425401	0.23244087491422633	0.22622203829637316	0.3068016930299937	0.03110243350777046	0.7333574822356563	0.5635595939359705	0.13937238350068556	0.13592391357340095
26.7260579064588	0.3949510797846266	0.4775973850493588	0.23244087491434773	0.2262220382972508	0.30680169302420346	0.03110243350962842	0.7333574822526794	0.563559593934878	0.13937238350140294	0.13592391357345407
26.837416481069045	0.39495107978866345	0.47759738505681787	0.23244087491574944	0.22622203829919604	0.3068016930178178	0.03110243351685143	0.7333574822717244	0.5635595939326518	0.13937238350306977	0.13592391357409417
26.948775055679288	0.3949510797948537	0.47759738506491733	0.2324408749184314	0.22622203830220886	0.30680169301083676	0.03110243352943948	0.7333574822927914	0.5635595939292918	0.13937238350568604	0.13592391357532127
27.060133630289535	0.3949510798031974	0.47759738507365723	0.23244087492239365	0.22622203830628926	0.3068016930032603	0.031102433547392574	0.7333574823158805	0.5635595939247983	0.13937238350925177	0.13592391357713535
27.171492204899778	0.39495107981369443	0.47759738508303745	0.23244087492763618	0.22622203831143722	0.30680169299508847	0.031102433570710714	0.7333574823409917	0.5635595939191711	0.1393723835137669	0.13592391357953643
27.282850779510024	0.3949510798263449	0.47759738509305816	0.232440874934159	0.2262220383176528	0.3068016929863212	0.031102433599393894	0.7333574823681249	0.5635595939124102	0.1393723835192315	0.13592391358252448
27.394209354120267	0.3949510798411488	0.47759738510371924	0.23244087494196206	0.22622203832493595	0.3068016929769586	0.031102433633442117	0.7333574823972803	0.5635595939045156	0.13937238352564554	0.1359239135860995
27.505567928730514	0.39495107984327094	0.4775973851088777	0.23244087494250018	0.22622203832597437	0.3068016929725645	0.031102433636676245	0.7333574824103017	0.5635595939033127	0.13937238352650042	0.1359239135863589
27.61692650334076	0.39495107983695826	0.47759738511029226	0.23244087493821963	0.22622203832286136	0.30680169297154614	0.031102433619453505	0.7333574824123872	0.5635595939065612	0.13937238352365935	0.13592391358441988
27.728285077951004	0.39495107983122785	0.4775973851116965	0.23244087493431434	0.22622203832004148	0.3068016929705216	0.031102433603764003	0.7333574824145717	0.5635595939095047	0.1393723835210784	0.1359239135826545
27.83964365256125	0.3949510798260796	0.47759738511309063	0.23244087493078427	0.22622203831751472	0.30680169296949106	0.031102433589607743	0.7333574824168554	0.5635595939121435	0.13937238351875753	0.13592391358106273
27.951002227171493	0.39495107982151345	0.4775973851144745	0.23244087492762947	0.2262220383152811	0.30680169296845433	0.03110243357698473	0.7333574824192383	0.5635595939144774	0.13937238351669676	0.13592391357964465
28.06236080178174	0.3949510798175296	0.47759738511584815	0.23244087492484986	0.22622203831334056	0.30680169296741155	0.031102433565894955	0.7333574824217203	0.5635595939165063	0.13937238351489611	0.1359239135784002
28.173719376391983	0.39495107981412786	0.4775973851172116	0.2324408749224455	0.22622203831169319	0.3068016929663626	0.031102433556338422	0.7333574824243013	0.5635595939182305	0.13937238351335554	0.1359239135773294
28.28507795100223	0.3949510798113084	0.4775973851185648	0.23244087492041637	0.2262220383103389	0.30680169296530757	0.031102433548315135	0.7333574824269816	0.5635595939196497	0.1393723835120751	0.13592391357643227
28.396436525612472	0.394951079809071	0.47759738511990785	0.23244087491876247	0.22622203830927776	0.3068016929642464	0.031102433541825087	0.7333574824297611	0.5635595939207642	0.13937238351105474	0.13592391357570877
28.50779510022272	0.3949510798074159	0.47759738512124067	0.23244087491748383	0.22622203830850973	0.30680169296317916	0.03110243353686828	0.7333574824326397	0.5635595939215736	0.1393723835102945	0.13592391357515893
28.619153674832965	0.394951079806343	0.4775973851225632	0.23244087491658041	0.2262220383080348	0.3068016929621058	0.031102433533444718	0.7333574824356173	0.5635595939220783	0.13937238350979433	0.13592391357478273
28.73051224944321	0.3949510798058522	0.4775973851238756	0.23244087491605223	0.22622203830785304	0.30680169296102633	0.0311024335315544	0.7333574824386941	0.5635595939222781	0.13937238350955428	0.1359239135745802
28.841870824053455	0.39495107980594363	0.4775973851251778	0.23244087491589926	0.22622203830796436	0.30680169295994075	0.03110243353119732	0.7333574824418702	0.5635595939221729	0.13937238350957432	0.1359239135745513
28.953229398663698	0.39495107980661726	0.4775973851264697	0.23244087491612153	0.22622203830836882	0.30680169295884907	0.031102433532373484	0.7333574824451452	0.5635595939217629	0.13937238350985448	0.13592391357469605
29.064587973273944	0.3949510798078731	0.47759738512775146	0.23244087491671905	0.2262220383090664	0.3068016929577512	0.031102433535082893	0.7333574824485195	0.5635595939210482	0.13937238351039474	0.13592391357501446
29.175946547884188	0.39495107980971106	0.477597385129023	0.2324408749176918	0.2262220383100571	0.30680169295664733	0.03110243353932554	0.733357482451993	0.5635595939200284	0.13937238351119507	0.1359239135755065
29.287305122494434	0.3949510798121313	0.4775973851302843	0.23244087491903978	0.2262220383113409	0.3068016929555373	0.03110243354510143	0.7333574824555654	0.5635595939187038	0.13937238351225553	0.1359239135761722
29.398663697104677	0.39495107981513367	0.4775973851315354	0.232440874920763	0.22622203831291787	0.30680169295442117	0.031102433552410567	0.7333574824592372	0.5635595939170743	0.1393723835135761	0.13592391357701156
29.510022271714924	0.39495107981871824	0.4775973851327763	0.23244087492286145	0.22622203831478793	0.3068016929532989	0.031102433561252942	0.733357482463008	0.56355959391514	0.13937238351515674	0.13592391357802458
29.62138084632517	0.39495107982288497	0.47759738513400696	0.23244087492533513	0.22622203831695112	0.3068016929521705	0.03110243357162856	0.7333574824668779	0.5635595939129008	0.1393723835169975	0.13592391357921121
29.732739420935413	0.39495107982763394	0.4775973851352274	0.23244087492818408	0.22622203831940743	0.30680169295103604	0.031102433583537422	0.7333574824708471	0.5635595939103567	0.13937238351909836	0.13592391358057151
29.84409799554566	0.39495107983296507	0.4775973851364377	0.23244087493140822	0.22622203832215684	0.30680169294989545	0.031102433596979524	0.7333574824749154	0.5635595939075078	0.1393723835214593	0.13592391358210548
29.955456570155903	0.3949510798388784	0.47759738513763766	0.23244087493500762	0.2262220383251994	0.30680169294874876	0.031102433611954867	0.7333574824790827	0.5635595939043538	0.13937238352408038	0.13592391358381306
30.06681514476615	0.3949510798453739	0.4775973851388275	0.23244087493898224	0.22622203832853507	0.30680169294759596	0.031102433628463457	0.7333574824833493	0.5635595939008952	0.13937238352696155	0.1359239135856943
30.178173719376392	0.39495107985245165	0.4775973851400071	0.2324408749433321	0.22622203833216387	0.30680169294643705	0.031102433646505286	0.733357482487715	0.5635595938971316	0.13937238353010278	0.13592391358774922
30.28953229398664	0.3949510798601115	0.4775973851411765	0.23244087494805718	0.22622203833608578	0.30680169294527204	0.031102433666080356	0.7333574824921798	0.5635595938930632	0.13937238353350415	0.13592391358997777
30.400890868596882	0.3949510798683536	0.4775973851423357	0.23244087495315752	0.22622203834030083	0.30680169294410087	0.031102433687188673	0.7333574824967438	0.5635595938886898	0.13937238353716563	0.13592391359237996
30.51224944320713	0.39495107987717787	0.47759738514348465	0.23244087495863308	0.226222038344809	0.30680169294292364	0.031102433709830228	0.7333574825014069	0.5635595938840117	0.1393723835410872	0.13592391359495581
30.623608017817375	0.39495107988658434	0.4775973851446234	0.23244087496448387	0.22622203834961027	0.30680169294174026	0.031102433734005026	0.7333574825061692	0.5635595938790285	0.13937238354526885	0.1359239135977053
30.734966592427618	0.394951079896573	0.47759738514575195	0.2324408749707099	0.22622203835470467	0.3068016929405508	0.03110243375971307	0.7333574825110306	0.5635595938737407	0.13937238354971063	0.13592391360062844
30.846325167037865	0.3949510798907175	0.47759738516306594	0.23244087496412674	0.22622203835278457	0.3068016929263811	0.031102433736357862	0.7333574825515484	0.5635595938759719	0.1393723835468132	0.13592391359823086
30.957683741648108	0.394951079893797	0.47759738516265227	0.2324408749661713	0.2262220383542997	0.30680169292663884	0.03110243374463735	0.7333574825512226	0.5635595938743834	0.13937238354819548	0.13592391359915543
31.069042316258354	0.39495107989687656	0.4775973851622386	0.23244087496821583	0.2262220383558148	0.3068016929268966	0.03110243375291684	0.7333574825508968	0.5635595938727949	0.13937238354957776	0.13592391360008
31.180400890868597	0.3949510798999561	0.4775973851618249	0.23244087497026036	0.22622203835732993	0.30680169292715437	0.031102433761196327	0.733357482550571	0.5635595938712062	0.13937238355096004	0.1359239136010046
31.291759465478844	0.39495107990303563	0.47759738516141126	0.2324408749723049	0.22622203835884505	0.3068016929274121	0.031102433769475815	0.7333574825502451	0.5635595938696177	0.1393723835523423	0.13592391360192915
31.40311804008909	0.3949510799061152	0.4775973851609976	0.23244087497434943	0.22622203836036017	0.30680169292766984	0.031102433777755303	0.7333574825499193	0.5635595938680292	0.13937238355372458	0.13592391360285375
31.514476614699333	0.39495107990919476	0.4775973851605839	0.23244087497639399	0.2262220383618753	0.30680169292792764	0.031102433786034795	0.7333574825495935	0.5635595938664406	0.13937238355510687	0.1359239136037783
31.62583518930958	0.3949510799122743	0.47759738516017025	0.23244087497843852	0.22622203836339042	0.3068016929281854	0.031102433794314283	0.7333574825492677	0.5635595938648521	0.13937238355648912	0.13592391360470288
31.737193763919823	0.39495107991535383	0.4775973851597566	0.23244087498048305	0.22622203836490554	0.30680169292844317	0.03110243380259377	0.7333574825489418	0.5635595938632636	0.1393723835578714	0.13592391360562747
31.84855233853007	0.39495107991843337	0.4775973851593429	0.23244087498252758	0.22622203836642066	0.3068016929287009	0.03110243381087326	0.7333574825486161	0.563559593861675	0.1393723835592537	0.13592391360655204
31.959910913140313	0.39495107992151296	0.47759738515892924	0.23244087498457214	0.22622203836793578	0.30680169292895865	0.031102433819152748	0.7333574825482903	0.5635595938600865	0.13937238356063594	0.1359239136074766
32.071269487750556	0.3949510799245925	0.4775973851585156	0.23244087498661667	0.2262220383694509	0.30680169292921644	0.031102433827432236	0.7333574825479644	0.563559593858498	0.13937238356201823	0.1359239136084012
32.182628062360806	0.39495107992767203	0.4775973851581019	0.2324408749886612	0.22622203837096602	0.3068016929294742	0.031102433835711724	0.7333574825476387	0.5635595938569093	0.1393723835634005	0.13592391360932576
32.29398663697105	0.39495107993075157	0.47759738515768824	0.23244087499070573	0.22622203837248114	0.3068016929297319	0.031102433843991212	0.7333574825473128	0.5635595938553208	0.1393723835647828	0.13592391361025036
32.40534521158129	0.3949510799338311	0.47759738515727457	0.23244087499275026	0.22622203837399626	0.3068016929299897	0.0311024338522707	0.733357482546987	0.5635595938537323	0.13937238356616505	0.13592391361117492
32.51670378619154	0.39495107993691064	0.4775973851568609	0.23244087499479482	0.2262220383755114	0.30680169293024745	0.03110243386055019	0.7333574825466612	0.5635595938521437	0.13937238356754733	0.1359239136120995
32.628062360801785	0.39495107993999023	0.47759738515644723	0.23244087499683935	0.22622203837702648	0.30680169293050524	0.031102433868829677	0.7333574825463354	0.5635595938505552	0.13937238356892961	0.13592391361302408
32.73942093541203	0.39495107994306977	0.47759738515603356	0.23244087499888388	0.2262220383785416	0.306801692930763	0.031102433877109165	0.7333574825460095	0.5635595938489667	0.13937238357031187	0.13592391361394865
32.85077951002227	0.3949510799461493	0.4775973851556199	0.23244087500092842	0.22622203838005672	0.3068016929310207	0.031102433885388657	0.7333574825456837	0.5635595938473781	0.13937238357169415	0.13592391361487322
32.96213808463252	0.39495107994922884	0.4775973851552062	0.23244087500297297	0.22622203838157184	0.3068016929312785	0.031102433893668145	0.7333574825453579	0.5635595938457896	0.13937238357307644	0.1359239136157978
33.073496659242764	0.3949510799523084	0.47759738515479255	0.2324408750050175	0.22622203838308697	0.30680169293153625	0.031102433901947633	0.7333574825450321	0.5635595938442011	0.1393723835744587	0.13592391361672237
33.18485523385301	0.394951079955388	0.4775973851543789	0.23244087500706204	0.2262220383846021	0.306801692931794	0.03110243391022712	0.7333574825447062	0.5635595938426124	0.13937238357584097	0.13592391361764697
33.29621380846326	0.3949510799584675	0.4775973851539652	0.23244087500910657	0.2262220383861172	0.3068016929320518	0.03110243391850661	0.7333574825443805	0.5635595938410239	0.13937238357722326	0.13592391361857153
33.4075723830735	0.39495107996154705	0.47759738515355155	0.2324408750111511	0.22622203838763233	0.3068016929323095	0.031102433926786098	0.7333574825440546	0.5635595938394354	0.13937238357860554	0.1359239136194961
33.51893095768374	0.3949510799646266	0.4775973851531379	0.23244087501319566	0.22622203838914745	0.30680169293256726	0.031102433935065586	0.7333574825437288	0.5635595938378468	0.1393723835799878	0.1359239136204207
33.630289532293986	0.3949510799677061	0.4775973851527242	0.2324408750152402	0.22622203839066257	0.30680169293282505	0.031102433943345074	0.733357482543403	0.5635595938362583	0.13937238358137008	0.13592391362134526
33.741648106904236	0.39495107997078566	0.47759738515231054	0.23244087501728472	0.2262220383921777	0.3068016929330828	0.031102433951624563	0.7333574825430772	0.5635595938346698	0.13937238358275236	0.13592391362226985
33.85300668151448	0.39495107997386525	0.47759738515189687	0.23244087501932925	0.22622203839369281	0.3068016929333406	0.03110243395990405	0.7333574825427513	0.5635595938330812	0.13937238358413462	0.13592391362319442
33.96436525612472	0.3949510799769448	0.4775973851514832	0.2324408750213738	0.22622203839520794	0.3068016929335983	0.03110243396818354	0.7333574825424256	0.5635595938314927	0.1393723835855169	0.13592391362411899
34.075723830734965	0.3949510799800243	0.47759738515106953	0.23244087502341834	0.22622203839672306	0.30680169293385606	0.031102433976463027	0.7333574825420998	0.5635595938299042	0.13937238358689918	0.13592391362504358
34.187082405345215	0.39495107998206974	0.47759738515079736	0.23244087502477587	0.22622203839772823	0.306801692934025	0.031102433981961185	0.7333574825418898	0.5635595938288496	0.1393723835878172	0.13592391362565698
34.29844097995546	0.394951079982179	0.4775973851507901	0.23244087502484725	0.22622203839777869	0.3068016929340276	0.03110243398225226	0.7333574825418968	0.5635595938287946	0.139372383587866	0.13592391362568787
34.4097995545657	0.39495107998228823	0.47759738515078276	0.23244087502491864	0.22622203839782912	0.3068016929340302	0.03110243398254334	0.7333574825419039	0.5635595938287398	0.13937238358791476	0.13592391362571873
34.52115812917595	0.3949510799823975	0.4775973851507755	0.23244087502499006	0.22622203839787958	0.3068016929340328	0.03110243398283442	0.7333574825419109	0.5635595938286848	0.13937238358796356	0.1359239136257496
34.632516703786195	0.3949510799825067	0.4775973851507682	0.23244087502506144	0.22622203839793	0.3068016929340354	0.0311024339831255	0.7333574825419179	0.56355959382863	0.13937238358801235	0.1359239136257805
34.74387527839644	0.39495107998261597	0.4775973851507609	0.23244087502513283	0.22622203839798047	0.30680169293403803	0.031102433983416576	0.7333574825419249	0.563559593828575	0.13937238358806114	0.13592391362581135
34.85523385300668	0.3949510799827252	0.4775973851507536	0.23244087502520422	0.2262220383980309	0.3068016929340406	0.031102433983707656	0.733357482541932	0.5635595938285202	0.13937238358810994	0.13592391362584222
34.96659242761693	0.39495107998283446	0.47759738515074635	0.2324408750252756	0.22622203839808136	0.3068016929340432	0.031102433983998735	0.733357482541939	0.5635595938284652	0.13937238358815873	0.1359239136258731
35.077951002227174	0.3949510799829437	0.477597385150739	0.23244087502534702	0.22622203839813182	0.3068016929340458	0.031102433984289815	0.733357482541946	0.5635595938284104	0.1393723835882075	0.13592391362590397
35.18930957683742	0.394951079983053	0.47759738515073175	0.2324408750254184	0.22622203839818225	0.3068016929340484	0.03110243398458089	0.7333574825419531	0.5635595938283554	0.1393723835882563	0.13592391362593484
35.30066815144767	0.39495107998316226	0.4775973851507244	0.2324408750254898	0.2262220383982327	0.306801692934051	0.03110243398487197	0.7333574825419601	0.5635595938283006	0.1393723835883051	0.13592391362596573
35.41202672605791	0.3949510799832715	0.47759738515071715	0.23244087502556118	0.22622203839828314	0.3068016929340536	0.03110243398516305	0.7333574825419671	0.5635595938282456	0.13937238358835388	0.1359239136259966
35.52338530066815	0.39495107998338075	0.4775973851507099	0.23244087502563257	0.2262220383983336	0.30680169293405624	0.03110243398545413	0.7333574825419741	0.5635595938281908	0.13937238358840268	0.13592391362602746
35.634743875278396	0.39495107998349	0.47759738515070255	0.23244087502570399	0.22622203839838403	0.3068016929340588	0.03110243398574521	0.7333574825419812	0.5635595938281358	0.13937238358845147	0.13592391362605835
35.746102449888646	0.39495107998359924	0.4775973851506953	0.23244087502577537	0.2262220383984345	0.3068016929340614	0.031102433986036286	0.7333574825419882	0.563559593828081	0.13937238358850024	0.13592391362608922
35.85746102449889	0.3949510799837085	0.477597385150688	0.23244087502584676	0.22622203839848493	0.306801692934064	0.031102433986327366	0.7333574825419952	0.563559593828026	0.13937238358854903	0.13592391362612008
35.96881959910913	0.39495107998381773	0.4775973851506807	0.23244087502591815	0.22622203839853539	0.3068016929340666	0.031102433986618445	0.7333574825420022	0.5635595938279712	0.13937238358859783	0.13592391362615097
36.080178173719375	0.394951079983927	0.4775973851506734	0.23244087502598954	0.22622203839858585	0.3068016929340692	0.031102433986909525	0.7333574825420093	0.5635595938279162	0.13937238358864662	0.13592391362618184
36.191536748329625	0.3949510799840362	0.4775973851506661	0.23244087502606095	0.22622203839863628	0.30680169293407183	0.0311024339872006	0.7333574825420163	0.5635595938278614	0.13937238358869541	0.1359239136262127
36.30289532293987	0.39495107998414547	0.4775973851506588	0.23244087502613234	0.22622203839868674	0.30680169293407444	0.03110243398749168	0.7333574825420233	0.5635595938278064	0.1393723835887442	0.1359239136262436
36.41425389755011	0.39495107998425477	0.47759738515065153	0.23244087502620372	0.22622203839873717	0.306801692934077	0.03110243398778276	0.7333574825420304	0.5635595938277516	0.13937238358879298	0.13592391362627446
36.52561247216036	0.394951079984364	0.4775973851506442	0.2324408750262751	0.22622203839878763	0.3068016929340796	0.03110243398807384	0.7333574825420374	0.5635595938276966	0.13937238358884177	0.13592391362630532
36.636971046770604	0.39495107998447326	0.47759738515063693	0.2324408750263465	0.22622203839883806	0.3068016929340822	0.03110243398836492	0.7333574825420444	0.5635595938276418	0.13937238358889056	0.1359239136263362
36.74832962138085	0.3949510799845825	0.47759738515062966	0.23244087502641791	0.22622203839888852	0.3068016929340848	0.031102433988655996	0.7333574825420514	0.5635595938275868	0.13937238358893936	0.13592391362636708
36.85968819599109	0.39495107998469176	0.47759738515062233	0.2324408750264893	0.22622203839893895	0.30680169293408743	0.031102433988947076	0.7333574825420585	0.5635595938275318	0.13937238358898815	0.13592391362639794
36.97104677060134	0.394951079984801	0.47759738515061506	0.2324408750265607	0.2262220383989894	0.30680169293409004	0.031102433989238155	0.7333574825420655	0.563559593827477	0.13937238358903695	0.13592391362642883
37.08240534521158	0.39495107998491025	0.47759738515060773	0.23244087502663208	0.22622203839903984	0.30680169293409265	0.031102433989529235	0.7333574825420724	0.563559593827422	0.1393723835890857	0.1359239136264597
37.193763919821826	0.3949510799850195	0.47759738515060046	0.23244087502670346	0.2262220383990903	0.3068016929340952	0.03110243398982031	0.7333574825420794	0.5635595938273672	0.1393723835891345	0.13592391362649056
37.30512249443208	0.39495107998512874	0.4775973851505932	0.23244087502677488	0.22622203839914076	0.3068016929340978	0.03110243399011139	0.7333574825420865	0.5635595938273122	0.1393723835891833	0.13592391362652145
37.41648106904232	0.394951079985238	0.47759738515058586	0.23244087502684627	0.2262220383991912	0.3068016929341004	0.03110243399040247	0.7333574825420935	0.5635595938272574	0.1393723835892321	0.13592391362655232
37.52783964365256	0.39495107998534723	0.4775973851505786	0.23244087502691765	0.22622203839924165	0.30680169293410303	0.03110243399069355	0.7333574825421005	0.5635595938272024	0.1393723835892809	0.13592391362658318
37.639198218262806	0.3949510799854565	0.4775973851505713	0.23244087502698904	0.22622203839929209	0.30680169293410564	0.03110243399098463	0.7333574825421076	0.5635595938271476	0.13937238358932968	0.13592391362661407
37.750556792873056	0.3949510799855658	0.477597385150564	0.23244087502706043	0.22622203839934255	0.30680169293410825	0.031102433991275706	0.7333574825421146	0.5635595938270926	0.13937238358937845	0.13592391362664494
37.8619153674833	0.394951079985675	0.4775973851505567	0.23244087502713184	0.22622203839939298	0.30680169293411086	0.031102433991566786	0.7333574825421216	0.5635595938270378	0.13937238358942725	0.1359239136266758
37.97327394209354	0.39495107998578427	0.4775973851505494	0.23244087502720323	0.22622203839944344	0.3068016929341134	0.031102433991857865	0.7333574825421286	0.5635595938269828	0.13937238358947604	0.1359239136267067
38.08463251670379	0.3949510799858935	0.4775973851505421	0.23244087502727462	0.22622203839949387	0.306801692934116	0.031102433992148945	0.7333574825421357	0.563559593826928	0.13937238358952483	0.13592391362673756
38.195991091314035	0.39495107998600276	0.47759738515053485	0.232440875027346	0.22622203839954433	0.30680169293411863	0.03110243399244002	0.7333574825421427	0.563559593826873	0.13937238358957363	0.13592391362676842
38.30734966592428	0.394951079986112	0.4775973851505275	0.2324408750274174	0.2262220383995948	0.30680169293412124	0.0311024339927311	0.7333574825421497	0.5635595938268182	0.13937238358962242	0.13592391362679931
38.41870824053452	0.39495107998622125	0.47759738515052025	0.2324408750274888	0.22622203839964522	0.30680169293412385	0.03110243399302218	0.7333574825421567	0.5635595938267632	0.1393723835896712	0.13592391362683018
38.53006681514477	0.3949510799863305	0.477597385150513	0.2324408750275602	0.22622203839969568	0.30680169293412646	0.03110243399331326	0.7333574825421638	0.5635595938267084	0.13937238358971998	0.13592391362686104
38.641425389755014	0.39495107998643975	0.47759738515050565	0.23244087502763158	0.2262220383997461	0.30680169293412907	0.03110243399360434	0.7333574825421708	0.5635595938266534	0.13937238358976878	0.13592391362689193
38.75278396436526	0.394951079986549	0.4775973851504984	0.23244087502770297	0.22622203839979657	0.3068016929341316	0.031102433993895416	0.7333574825421778	0.5635595938265986	0.13937238358981757	0.1359239136269228
38.8641425389755	0.39495107998665824	0.47759738515049105	0.23244087502777436	0.226222038399847	0.30680169293413423	0.031102433994186496	0.7333574825421849	0.5635595938265436	0.13937238358986637	0.13592391362695366
38.97550111358575	0.39495107998676754	0.4775973851504838	0.23244087502784577	0.22622203839989746	0.30680169293413684	0.031102433994477575	0.7333574825421919	0.5635595938264888	0.13937238358991516	0.13592391362698455
39.08685968819599	0.3949510799868768	0.4775973851504765	0.23244087502791716	0.2262220383999479	0.30680169293413945	0.031102433994768655	0.7333574825421989	0.5635595938264338	0.13937238358996393	0.13592391362701542
39.198218262806236	0.39495107998698603	0.4775973851504692	0.23244087502798855	0.22622203839999835	0.30680169293414206	0.03110243399505973	0.7333574825422059	0.563559593826379	0.13937238359001272	0.13592391362704628
39.309576837416486	0.3949510799870953	0.4775973851504619	0.23244087502805993	0.2262220384000488	0.30680169293414467	0.03110243399535081	0.733357482542213	0.563559593826324	0.13937238359006152	0.13592391362707718
39.42093541202673	0.3949510799872045	0.47759738515045463	0.23244087502813132	0.22622203840009925	0.3068016929341473	0.03110243399564189	0.73335748254222	0.5635595938262692	0.1393723835901103	0.13592391362710804
39.53229398663697	0.39495107998731377	0.4775973851504473	0.23244087502820274	0.2262220384001497	0.30680169293414983	0.03110243399593297	0.733357482542227	0.5635595938262142	0.1393723835901591	0.1359239136271389
39.643652561247215	0.394951079987423	0.47759738515044003	0.23244087502827412	0.22622203840020014	0.30680169293415244	0.031102433996224046	0.733357482542234	0.5635595938261594	0.1393723835902079	0.1359239136271698
39.755011135857465	0.39495107998753226	0.4775973851504327	0.2324408750283455	0.2262220384002506	0.30680169293415505	0.031102433996515126	0.7333574825422411	0.5635595938261044	0.13937238359025667	0.13592391362720066
39.86636971046771	0.3949510799876415	0.47759738515042544	0.2324408750284169	0.22622203840030103	0.30680169293415765	0.031102433996806206	0.7333574825422481	0.5635595938260495	0.13937238359030546	0.13592391362723152
39.97772828507795	0.39495107998775075	0.47759738515041816	0.2324408750284883	0.2262220384003515	0.30680169293416026	0.031102433997097285	0.7333574825422551	0.5635595938259946	0.13937238359035425	0.13592391362726242
40.0890868596882	0.39495107998786	0.47759738515041084	0.2324408750285597	0.22622203840040192	0.3068016929341629	0.031102433997388365	0.7333574825422622	0.5635595938259397	0.13937238359040305	0.13592391362729328
40.200445434298445	0.3949510799879693	0.47759738515040356	0.2324408750286311	0.22622203840045238	0.3068016929341655	0.03110243399767944	0.7333574825422692	0.5635595938258848	0.13937238359045184	0.13592391362732414
40.31180400890869	0.39495107998807855	0.4775973851503963	0.23244087502870248	0.2262220384005028	0.30680169293416804	0.03110243399797052	0.7333574825422762	0.5635595938258299	0.13937238359050064	0.13592391362735504
40.42316258351893	0.3949510799881878	0.47759738515038896	0.23244087502877386	0.22622203840055327	0.30680169293417064	0.0311024339982616	0.7333574825422832	0.563559593825775	0.1393723835905494	0.1359239136273859
40.53452115812918	0.39495107998829704	0.4775973851503817	0.23244087502884525	0.22622203840060373	0.30680169293417325	0.03110243399855268	0.7333574825422903	0.5635595938257201	0.1393723835905982	0.13592391362741676
40.645879732739424	0.3949510799884063	0.47759738515037437	0.23244087502891667	0.22622203840065416	0.30680169293417586	0.031102433998843756	0.7333574825422973	0.5635595938256652	0.139372383590647	0.13592391362744766
40.75723830734967	0.39495107998851553	0.4775973851503671	0.23244087502898805	0.22622203840070462	0.30680169293417847	0.031102433999134836	0.7333574825423043	0.5635595938256103	0.1393723835906958	0.13592391362747852
40.86859688195992	0.3949510799886248	0.4775973851503598	0.23244087502905944	0.22622203840075505	0.3068016929341811	0.031102433999425916	0.7333574825423113	0.5635595938255554	0.13937238359074458	0.13592391362750939
40.97995545657016	0.394951079988734	0.4775973851503525	0.23244087502913083	0.22622203840080551	0.3068016929341837	0.031102433999716995	0.7333574825423184	0.5635595938255005	0.13937238359079338	0.13592391362754028
41.0913140311804	0.39495107998884327	0.4775973851503452	0.23244087502920222	0.22622203840085595	0.3068016929341863	0.031102434000008075	0.7333574825423254	0.5635595938254456	0.13937238359084214	0.13592391362757114
41.202672605790646	0.3949510799889525	0.47759738515033795	0.23244087502927363	0.2262220384009064	0.30680169293418885	0.03110243400029915	0.7333574825423324	0.5635595938253907	0.13937238359089094	0.135923913627602
41.314031180400896	0.39495107998906176	0.4775973851503306	0.23244087502934502	0.22622203840095684	0.30680169293419146	0.03110243400059023	0.7333574825423395	0.5635595938253358	0.13937238359093973	0.1359239136276329
41.42538975501114	0.39495107998917106	0.47759738515032335	0.2324408750294164	0.2262220384010073	0.30680169293419407	0.03110243400088131	0.7333574825423465	0.5635595938252809	0.13937238359098852	0.13592391362766376
41.53674832962138	0.3949510799892803	0.477597385150316	0.2324408750294878	0.22622203840105776	0.3068016929341967	0.03110243400117239	0.7333574825423534	0.563559593825226	0.13937238359103732	0.13592391362769463
41.648106904231625	0.39495107998938955	0.47759738515030875	0.23244087502955918	0.2262220384011082	0.3068016929341993	0.031102434001463466	0.7333574825423604	0.5635595938251711	0.1393723835910861	0.13592391362772552
41.759465478841875	0.3949510799894988	0.4775973851503015	0.2324408750296306	0.22622203840115865	0.3068016929342019	0.031102434001754546	0.7333574825423675	0.5635595938251162	0.13937238359113488	0.13592391362775638
41.87082405345212	0.39495107998960804	0.47759738515029415	0.23244087502970198	0.22622203840120908	0.3068016929342045	0.031102434002045626	0.7333574825423745	0.5635595938250613	0.13937238359118367	0.13592391362778725
41.98218262806236	0.3949510799897173	0.4775973851502869	0.23244087502977337	0.22622203840125954	0.30680169293420706	0.031102434002336705	0.7333574825423815	0.5635595938250064	0.13937238359123247	0.13592391362781814
42.09354120267261	0.39495107998982654	0.4775973851502796	0.23244087502984476	0.22622203840130997	0.30680169293420967	0.031102434002627785	0.7333574825423885	0.5635595938249515	0.13937238359128126	0.135923913627849
42.204899777282854	0.3949510799899358	0.4775973851502723	0.23244087502991614	0.22622203840136043	0.3068016929342123	0.03110243400291886	0.7333574825423956	0.5635595938248966	0.13937238359133006	0.13592391362787987
42.3162583518931	0.39495107999004503	0.477597385150265	0.23244087502998756	0.22622203840141086	0.3068016929342149	0.03110243400320994	0.7333574825424026	0.5635595938248417	0.13937238359137885	0.13592391362791076
42.42761692650334	0.3949510799901543	0.47759738515025774	0.23244087503005895	0.22622203840146132	0.3068016929342175	0.03110243400350102	0.7333574825424096	0.5635595938247868	0.13937238359142762	0.13592391362794162
42.53897550111359	0.3949510799902635	0.4775973851502504	0.23244087503013033	0.22622203840151178	0.3068016929342201	0.0311024340037921	0.7333574825424167	0.5635595938247319	0.1393723835914764	0.1359239136279725
42.65033407572383	0.3949510799903728	0.47759738515024314	0.23244087503020172	0.22622203840156221	0.3068016929342227	0.031102434004083176	0.7333574825424237	0.563559593824677	0.1393723835915252	0.13592391362800338
42.761692650334076	0.39495107999048207	0.4775973851502358	0.2324408750302731	0.22622203840161267	0.30680169293422527	0.031102434004374256	0.7333574825424307	0.5635595938246221	0.139372383591574	0.13592391362803424
42.87305122494433	0.3949510799905913	0.47759738515022854	0.2324408750303445	0.2262220384016631	0.3068016929342279	0.031102434004665336	0.7333574825424377	0.5635595938245671	0.1393723835916228	0.1359239136280651
42.98440979955457	0.39495107999070056	0.47759738515022127	0.2324408750304159	0.22622203840171357	0.3068016929342305	0.031102434004956415	0.7333574825424448	0.5635595938245123	0.13937238359167156	0.135923913628096
43.09576837416481	0.3949510799908098	0.47759738515021394	0.2324408750304873	0.226222038401764	0.3068016929342331	0.031102434005247495	0.7333574825424518	0.5635595938244573	0.13937238359172036	0.13592391362812686
43.207126948775056	0.39495107999091905	0.47759738515020667	0.23244087503055869	0.22622203840181446	0.3068016929342357	0.03110243400553857	0.7333574825424588	0.5635595938244025	0.13937238359176915	0.13592391362815773
43.318485523385306	0.3949510799910283	0.4775973851501994	0.23244087503063007	0.2262220384018649	0.3068016929342383	0.03110243400582965	0.7333574825424658	0.5635595938243475	0.13937238359181794	0.13592391362818862
43.42984409799555	0.39495107999113754	0.47759738515019207	0.23244087503070146	0.22622203840191535	0.3068016929342409	0.03110243400612073	0.7333574825424729	0.5635595938242927	0.13937238359186674	0.13592391362821948
43.54120267260579	0.3949510799912468	0.4775973851501848	0.23244087503077288	0.22622203840196578	0.3068016929342435	0.03110243400641181	0.7333574825424799	0.5635595938242377	0.13937238359191553	0.13592391362825035
43.652561247216035	0.39495107999135604	0.47759738515017747	0.23244087503084426	0.22622203840201624	0.3068016929342461	0.031102434006702886	0.7333574825424869	0.5635595938241829	0.1393723835919643	0.13592391362828124
43.763919821826285	0.3949510799914653	0.4775973851501702	0.23244087503091565	0.2262220384020667	0.3068016929342487	0.031102434006993966	0.733357482542494	0.5635595938241279	0.1393723835920131	0.1359239136283121
43.87527839643653	0.3949510799915746	0.4775973851501629	0.23244087503098704	0.22622203840211713	0.3068016929342513	0.031102434007285046	0.733357482542501	0.5635595938240731	0.1393723835920619	0.13592391362834297
43.98663697104677	0.39495107999168383	0.4775973851501556	0.23244087503105842	0.2262220384021676	0.3068016929342539	0.031102434007576125	0.733357482542508	0.5635595938240181	0.13937238359211068	0.13592391362837386
44.09799554565702	0.3949510799917931	0.4775973851501483	0.23244087503112984	0.22622203840221802	0.3068016929342565	0.031102434007867205	0.733357482542515	0.5635595938239633	0.13937238359215948	0.13592391362840472
44.209354120267264	0.3949510799919023	0.47759738515014105	0.23244087503120123	0.22622203840226848	0.30680169293425913	0.03110243400815828	0.7333574825425221	0.5635595938239083	0.13937238359220827	0.1359239136284356
44.32071269487751	0.39495107999201157	0.4775973851501337	0.23244087503127261	0.22622203840231891	0.3068016929342617	0.03110243400844936	0.7333574825425291	0.5635595938238535	0.13937238359225704	0.13592391362846648
44.43207126948775	0.3949510799921208	0.47759738515012645	0.232440875031344	0.22622203840236937	0.3068016929342643	0.03110243400874044	0.7333574825425361	0.5635595938237985	0.13937238359230583	0.13592391362849734
44.543429844098	0.39495107999223006	0.4775973851501191	0.2324408750314154	0.2262220384024198	0.3068016929342669	0.03110243400903152	0.7333574825425431	0.5635595938237437	0.13937238359235463	0.1359239136285282
44.65478841870824	0.3949510799923393	0.47759738515011185	0.2324408750314868	0.22622203840247027	0.3068016929342695	0.031102434009322596	0.7333574825425502	0.5635595938236887	0.13937238359240342	0.1359239136285591
44.766146993318486	0.39495107999244855	0.4775973851501046	0.2324408750315582	0.22622203840252073	0.3068016929342721	0.031102434009613676	0.7333574825425572	0.5635595938236339	0.13937238359245221	0.13592391362858997
44.877505567928736	0.3949510799925578	0.47759738515009725	0.23244087503162958	0.22622203840257116	0.30680169293427473	0.031102434009904756	0.7333574825425642	0.5635595938235789	0.139372383592501	0.13592391362862083
44.98886414253898	0.39495107999266704	0.47759738515009	0.23244087503170097	0.22622203840262162	0.30680169293427734	0.031102434010195835	0.7333574825425713	0.563559593823524	0.13937238359254978	0.13592391362865172
45.10022271714922	0.39495107999277634	0.4775973851500827	0.23244087503177235	0.22622203840267205	0.3068016929342799	0.03110243401048691	0.7333574825425783	0.5635595938234691	0.13937238359259857	0.13592391362868259
45.211581291759465	0.3949510799928856	0.4775973851500754	0.23244087503184377	0.2262220384027225	0.3068016929342825	0.03110243401077799	0.7333574825425853	0.5635595938234143	0.13937238359264736	0.13592391362871345
45.322939866369715	0.39495107999299484	0.4775973851500681	0.23244087503191516	0.22622203840277294	0.3068016929342851	0.03110243401106907	0.7333574825425923	0.5635595938233593	0.13937238359269616	0.13592391362874434
45.43429844097996	0.3949510799931041	0.4775973851500608	0.23244087503198654	0.2262220384028234	0.3068016929342877	0.03110243401136015	0.7333574825425994	0.5635595938233044	0.13937238359274495	0.1359239136287752
45.5456570155902	0.3949510799932133	0.4775973851500535	0.23244087503205793	0.22622203840287383	0.3068016929342903	0.03110243401165123	0.7333574825426064	0.5635595938232495	0.13937238359279375	0.13592391362880607
45.65701559020045	0.3949510799933226	0.47759738515004624	0.23244087503212932	0.2262220384029243	0.30680169293429294	0.031102434011942307	0.7333574825426133	0.5635595938231946	0.1393723835928425	0.13592391362883696
45.768374164810695	0.3949510799934318	0.4775973851500389	0.23244087503220073	0.22622203840297475	0.30680169293429554	0.031102434012233386	0.7333574825426203	0.5635595938231397	0.1393723835928913	0.13592391362886783
45.87973273942094	0.39495107999354107	0.47759738515003164	0.23244087503227212	0.22622203840302518	0.3068016929342981	0.031102434012524466	0.7333574825426274	0.5635595938230848	0.1393723835929401	0.1359239136288987
45.99109131403118	0.3949510799936503	0.47759738515002437	0.2324408750323435	0.22622203840307564	0.3068016929343007	0.031102434012815545	0.7333574825426344	0.5635595938230299	0.1393723835929889	0.13592391362892958
46.10244988864143	0.39495107999375956	0.47759738515001704	0.2324408750324149	0.22622203840312607	0.3068016929343033	0.03110243401310662	0.7333574825426414	0.5635595938229749	0.1393723835930377	0.13592391362896045
46.213808463251674	0.3949510799938688	0.47759738515000977	0.23244087503248628	0.22622203840317653	0.3068016929343059	0.0311024340133977	0.7333574825426485	0.5635595938229201	0.13937238359308649	0.13592391362899134
46.32516703786192	0.3949510799939781	0.47759738515000244	0.2324408750325577	0.22622203840322697	0.30680169293430853	0.03110243401368878	0.7333574825426555	0.5635595938228651	0.13937238359313525	0.1359239136290222
46.43652561247216	0.39495107999408735	0.47759738514999517	0.23244087503262909	0.22622203840327743	0.30680169293431114	0.03110243401397986	0.7333574825426625	0.5635595938228103	0.13937238359318405	0.13592391362905307
46.54788418708241	0.3949510799941966	0.4775973851499879	0.23244087503270047	0.22622203840332786	0.30680169293431375	0.03110243401427094	0.7333574825426695	0.5635595938227553	0.13937238359323284	0.13592391362908396
46.65924276169265	0.39495107999430584	0.47759738514998057	0.23244087503277186	0.22622203840337832	0.3068016929343163	0.031102434014562017	0.7333574825426766	0.5635595938227005	0.13937238359328163	0.13592391362911482
46.770601336302896	0.3949510799944151	0.4775973851499733	0.23244087503284325	0.22622203840342875	0.3068016929343189	0.031102434014853096	0.7333574825426836	0.5635595938226455	0.13937238359333043	0.1359239136291457
46.881959910913146	0.39495107999452433	0.477597385149966	0.23244087503291466	0.2262220384034792	0.3068016929343215	0.031102434015144176	0.7333574825426906	0.5635595938225907	0.13937238359337922	0.13592391362917658
46.99331848552339	0.3949510799946336	0.4775973851499587	0.23244087503298605	0.22622203840352967	0.30680169293432413	0.031102434015435255	0.7333574825426976	0.5635595938225357	0.139372383593428	0.13592391362920744
47.10467706013363	0.3949510799947428	0.4775973851499514	0.23244087503305744	0.2262220384035801	0.30680169293432674	0.03110243401572633	0.7333574825427047	0.5635595938224809	0.13937238359347678	0.1359239136292383
47.216035634743875	0.3949510799948521	0.4775973851499441	0.23244087503312882	0.22622203840363056	0.30680169293432935	0.03110243401601741	0.7333574825427117	0.5635595938224259	0.13937238359352558	0.1359239136292692
47.327394209354125	0.3949510799949613	0.4775973851499368	0.2324408750332002	0.226222038403681	0.30680169293433196	0.03110243401630849	0.7333574825427187	0.5635595938223711	0.13937238359357437	0.13592391362930006
47.43875278396437	0.39495107999507056	0.47759738514992955	0.23244087503327163	0.22622203840373145	0.3068016929343345	0.03110243401659957	0.7333574825427258	0.5635595938223161	0.13937238359362317	0.13592391362933093
47.55011135857461	0.39495107999517987	0.4775973851499222	0.23244087503334301	0.22622203840378188	0.3068016929343371	0.03110243401689065	0.7333574825427328	0.5635595938222613	0.13937238359367196	0.13592391362936182
47.66146993318486	0.3949510799952891	0.47759738514991495	0.2324408750334144	0.22622203840383234	0.30680169293433973	0.031102434017181727	0.7333574825427398	0.5635595938222063	0.13937238359372073	0.13592391362939268
47.772828507795104	0.39495107999539836	0.4775973851499077	0.2324408750334858	0.22622203840388277	0.30680169293434234	0.031102434017472806	0.7333574825427468	0.5635595938221515	0.13937238359376952	0.13592391362942355
47.88418708240535	0.3949510799955076	0.47759738514990036	0.23244087503355718	0.22622203840393323	0.30680169293434495	0.031102434017763886	0.7333574825427539	0.5635595938220965	0.13937238359381832	0.13592391362945444
47.99554565701559	0.39495107999561685	0.4775973851498931	0.2324408750336286	0.2262220384039837	0.30680169293434756	0.031102434018054965	0.7333574825427609	0.5635595938220417	0.1393723835938671	0.1359239136294853
48.10690423162584	0.3949510799957261	0.47759738514988576	0.23244087503369998	0.22622203840403413	0.30680169293435017	0.03110243401834604	0.7333574825427679	0.5635595938219867	0.1393723835939159	0.13592391362951617
48.21826280623608	0.39495107999583534	0.4775973851498785	0.23244087503377137	0.22622203840408459	0.3068016929343527	0.03110243401863712	0.7333574825427749	0.5635595938219319	0.1393723835939647	0.13592391362954706
48.329621380846326	0.3949510799959446	0.4775973851498712	0.23244087503384275	0.22622203840413502	0.30680169293435533	0.0311024340189282	0.733357482542782	0.5635595938218769	0.13937238359401347	0.13592391362957792
48.44097995545657	0.39495107999605383	0.4775973851498639	0.23244087503391414	0.22622203840418548	0.30680169293435794	0.03110243401921928	0.733357482542789	0.5635595938218221	0.13937238359406226	0.1359239136296088
48.55233853006682	0.3949510799961631	0.4775973851498566	0.23244087503398556	0.2262220384042359	0.30680169293436055	0.03110243401951036	0.733357482542796	0.5635595938217671	0.13937238359411105	0.13592391362963968
48.66369710467706	0.3949510799962723	0.47759738514984934	0.23244087503405694	0.22622203840428637	0.30680169293436316	0.031102434019801437	0.7333574825428031	0.5635595938217123	0.13937238359415985	0.13592391362967055
48.775055679287306	0.3949510799963816	0.477597385149842	0.23244087503412833	0.2262220384043368	0.30680169293436577	0.031102434020092516	0.7333574825428101	0.5635595938216573	0.13937238359420864	0.1359239136297014
48.886414253897556	0.3949510799964909	0.47759738514983474	0.23244087503419972	0.22622203840438726	0.3068016929343684	0.031102434020383596	0.7333574825428171	0.5635595938216025	0.13937238359425744	0.1359239136297323
48.9977728285078	0.3949510799966001	0.4775973851498274	0.2324408750342711	0.22622203840443772	0.306801692934371	0.031102434020674675	0.7333574825428241	0.5635595938215475	0.1393723835943062	0.13592391362976317
49.10913140311804	0.39495107999670936	0.47759738514982014	0.23244087503434252	0.22622203840448815	0.30680169293437354	0.03110243402096575	0.7333574825428312	0.5635595938214926	0.139372383594355	0.13592391362979403
49.220489977728285	0.3949510799968186	0.47759738514981287	0.2324408750344139	0.2262220384045386	0.30680169293437615	0.03110243402125683	0.7333574825428382	0.5635595938214377	0.1393723835944038	0.13592391362982492
49.331848552338535	0.39495107999692786	0.47759738514980554	0.2324408750344853	0.22622203840458904	0.30680169293437876	0.03110243402154791	0.7333574825428452	0.5635595938213828	0.1393723835944526	0.13592391362985579
49.44320712694878	0.3949510799970371	0.47759738514979827	0.23244087503455668	0.2262220384046395	0.30680169293438136	0.03110243402183899	0.7333574825428522	0.5635595938213279	0.13937238359450138	0.13592391362988665
49.55456570155902	0.39495107999714635	0.477597385149791	0.23244087503462807	0.22622203840468993	0.306801692934384	0.031102434022130067	0.7333574825428593	0.563559593821273	0.13937238359455018	0.13592391362991754
49.66592427616927	0.3949510799972556	0.47759738514978367	0.23244087503469948	0.2262220384047404	0.3068016929343866	0.031102434022421147	0.7333574825428663	0.5635595938212181	0.13937238359459894	0.1359239136299484
49.777282850779514	0.39495107999736484	0.4775973851497764	0.23244087503477087	0.22622203840479083	0.3068016929343892	0.031102434022712226	0.7333574825428733	0.5635595938211632	0.13937238359464774	0.13592391362997927
49.88864142538976	0.3949510799974741	0.47759738514976907	0.23244087503484226	0.22622203840484129	0.30680169293439175	0.031102434023003306	0.7333574825428804	0.5635595938211083	0.13937238359469653	0.13592391363001016
50.0	0.3949510799975834	0.4775973851497618	0.23244087503491365	0.22622203840489172	0.30680169293439435	0.031102434023294386	0.7333574825428874	0.5635595938210534	0.13937238359474532	0.13592391363004103
