NON $ % + - . 0 1 2 3 4 5 6 7 8
#NON	G13	G9	G10	G2	G8	G1	G3	G4	G5	G7	G14	G11	G12	G6
0.0	0.9699820147478256	0.007157860924011161	0.42729596699591965	0.6891271062981036	0.050801283074563885	0.949603627321765	0.7803112839193043	0.5673529020131672	0.503742528719897	0.19688367625928438	0.2916558143809084	0.33962702841117276	0.6707935034327412	0.20053051438029368
0.5050505050505051	0.8192924845408691	0.27817914226277063	0.5819536392301288	0.6980686665202297	0.4427972719298484	0.8158611946331016	0.6164915664067441	0.6422161130876588	0.6154722722861821	0.5312223603735766	0.5433429957724313	0.5594703740912605	0.5910022714626759	0.4299525417619638
1.0101010101010102	0.7645439253635908	0.35097463138913143	0.6707459708480391	0.7137987171368426	0.5496244908880543	0.7471492174494485	0.5178870330252155	0.690318447141586	0.677495202950142	0.6425597331805637	0.6465309064830261	0.658732658478365	0.5909994636615343	0.5603435899578774
1.5151515151515151	0.7482138172066424	0.3678816496241504	0.7229485865857618	0.728376747116158	0.5867754966742437	0.7120955868350484	0.4571161785346327	0.7217996591494422	0.7136134469054453	0.684770427690737	0.6923862069635051	0.7072473841735879	0.6036760282893378	0.635724424240118
2.0202020202020203	0.7462195913906046	0.3702713436382249	0.7543047762999155	0.739807247191324	0.6042329017164854	0.6942857354577312	0.418943706990079	0.7426170780894208	0.7354904756521499	0.7037994718059818	0.7148455928782598	0.7329998758994873	0.6153262437539359	0.6800378889921009
2.5252525252525255	0.748800722335336	0.36957767249590256	0.7734927902349028	0.7481347396464912	0.6143795738186436	0.6852571010402859	0.39461840107583346	0.7564512420007165	0.7491374147393649	0.7139155178255749	0.7269558748439656	0.7476996472210276	0.6239590417108231	0.7065041567862494
3.0303030303030303	0.7522328129914088	0.36864106210068004	0.785419275377644	0.7539700323911748	0.6208641138283493	0.6806854185754202	0.3789545009496114	0.765660396720671	0.7578265505914956	0.7199376434502989	0.7340158010575911	0.7565646383239547	0.6299613155299846	0.7225436033477491
3.5353535353535355	0.7552637246330222	0.36798744686828794	0.7929274399460388	0.7579674605221667	0.625138411074401	0.6783719268645686	0.3687936867056626	0.7717902979098157	0.7634341516485856	0.7237460144263325	0.738358448718234	0.7621121191606356	0.6340312940287897	0.7323925311873145
4.040404040404041	0.7576026371367343	0.3676017445834068	0.7977026480083462	0.7606681125545094	0.6279758257666123	0.677201548142452	0.3621692292488425	0.7758666875554096	0.7670840647284832	0.726221065787931	0.7411182798121321	0.7656636734366035	0.6367584676212168	0.7385106362330576
4.545454545454546	0.759295492615236	0.3673898125297884	0.8007642661520575	0.762476698601749	0.629859153272684	0.6766095546812712	0.357835522511265	0.7785739970441158	0.7694721829434512	0.7278471742951808	0.7429044438361772	0.7679677816291284	0.6385741341369919	0.7423495074399606
5.050505050505051	0.7604782042384619	0.36727747967882995	0.8027395940174358	0.7636810307983719	0.6311070372580562	0.6763101417298792	0.35499389351599203	0.780369626600763	0.7710395773562557	0.7289194989363844	0.7440715558224839	0.7694736961977084	0.6397783325323828	0.7447789901321673
5.555555555555556	0.7612872835975735	0.3672190994908161	0.804020270147861	0.7644800272774238	0.6319324629506041	0.6761587116853776	0.35312776365232806	0.7815590921901869	0.7720701564926342	0.729627252313128	0.7448378134658925	0.7704618651311266	0.6405750783066664	0.7463276938009598
6.0606060606060606	0.7618335527858597	0.36718909493377794	0.8048536900900677	0.7650088229669708	0.6324777275082873	0.6760821264088531	0.3519010034953426	0.7823461568520648	0.7727484557450424	0.7300943220358433	0.7453420232831657	0.7711116447878755	0.6411014289718336	0.7473209249700663
6.565656565656566	0.7621992895791547	0.36717377541647434	0.8053976046479076	0.7653582293110476	0.6328375792634119	0.676043394232414	0.35109401208381724	0.7828664684484732	0.7731951320450329	0.7304024333394313	0.7456741236488713	0.7715393587749741	0.6414487975650416	0.7479611122675025
7.070707070707071	0.7624428222852598	0.3671659823065543	0.8057533603280385	0.7655888601116807	0.6330749172423217	0.676023805167924	0.3505629131408471	0.7832101743231291	0.7734893602815535	0.7306056056323259	0.7458929432731027	0.7718210407912296	0.6416778993181471	0.7483754547450435
7.575757575757576	0.7626043985730303	0.36716202806171844	0.8059864358838833	0.7657409836894609	0.6332313815579298	0.6760138984216139	0.3502132831132537	0.7834370770619627	0.7736831924533013	0.7307395362449182	0.7460371345322737	0.7720065892952651	0.6418289306057795	0.748644531033088
8.080808080808081	0.7627113412665529	0.36716002329400604	0.8061393297645463	0.7658412761470477	0.633334503760342	0.6760088882079905	0.3499830744966754	0.7835867942992283	0.7738108888986205	0.7308278003156913	0.7461321451879802	0.7721288209685877	0.6419284742765711	0.7488197498820164
8.585858585858587	0.76278201301794	0.36715900904689286	0.8062397266673168	0.7659073789721801	0.6334024480919698	0.6760063536475924	0.34983147272008586	0.7836855465252749	0.7738950177301456	0.7308859611828977	0.7461947477466616	0.772209345845789	0.6419940537077561	0.7489341095097257
9.090909090909092	0.7628286655578216	0.3671584947498105	0.806305699386354	0.7659509381050618	0.6334472249308292	0.6760050721250607	0.3497316296038307	0.7837506619235767	0.7739504416115631	0.7309242806993926	0.7462359931591758	0.7722623933776845	0.642037280822336	0.7490088813735021
9.595959595959597	0.7628594398829253	0.3671582359496042	0.806349074656227	0.7659796372846555	0.6334767121301879	0.6760044245882925	0.34966587202215615	0.7837935865402431	0.7739869529351074	0.730949525136137	0.7462631652932081	0.772297338007801	0.6420657387611768	0.7490578393839161
10.101010101010102	0.7628797305341883	0.3671581042981324	0.8063776056916255	0.7659985446165857	0.6334961430924879	0.6760040972498247	0.349622561023173	0.7838218780201329	0.7740110051798248	0.7309661552947131	0.7462810654703277	0.7723203574309404	0.6420844953022947	0.7490899339983408
10.606060606060607	0.7628931034975425	0.3671580377900636	0.8063963774197095	0.7660109992035615	0.6335089412220107	0.6760039317402673	0.3495940358056734	0.7838405207586839	0.7740268483262392	0.730977109369864	0.7462928563102217	0.7723355198531388	0.6420968487531847	0.749110992142223
11.111111111111112	0.762901916360641	0.3671580041655778	0.8064087326522741	0.7660192039012851	0.6335173719331667	0.6760038480111353	0.34957524622506214	0.7838528054944345	0.7740372851764685	0.7309843253656371	0.7463006236342301	0.7723455080421989	0.6421049865508619	0.7491248211244146
11.616161616161618	0.7629077242862248	0.367157987140436	0.8064168676752125	0.7660246097282947	0.6335229265107541	0.6760038055999733	0.3495628671870459	0.7838609013315359	0.7740441616841423	0.730989079676934	0.7463057412440319	0.7723520888183619	0.6421103481029241	0.7491339098966137
12.121212121212121	0.7629115521504978	0.36715797852783205	0.8064222256462933	0.7660281719952646	0.6335265867849194	0.6760037841399055	0.34955471017491346	0.7838662371568426	0.7740486930898072	0.7309922125772489	0.7463091135675036	0.7723564252812196	0.6421138812109068	0.7491398871289615
12.626262626262626	0.762914070983436	0.36715797425728264	0.806425749432446	0.7660305157721223	0.6335289950334831	0.6760037734950053	0.3495493434974132	0.7838697483344562	0.7740516745125536	0.7309942738393552	0.7463113323642677	0.7723592784082378	0.6421162057991291	0.7491438132159336
13.131313131313131	0.7629157311929046	0.3671579720364234	0.8064280713110819	0.766032060518527	0.6335305821158036	0.6760037679621266	0.3495458064344975	0.7838720627299428	0.7740536395417308	0.7309956323711586	0.7463127947364979	0.772361158858134	0.6421177376115735	0.7491463978016493
13.636363636363637	0.7629168254539046	0.3671579709193654	0.8064296012334404	0.7660330786182211	0.633531628291458	0.6760037651782094	0.3495434752998204	0.7838735882032529	0.7740549346377456	0.7309965277411908	0.7463137585444615	0.7723623982036537	0.6421187475300661	0.7491480994605209
14.141414141414142	0.7629175450224586	0.3671579704133474	0.806430606954495	0.7660337480576318	0.6335323166721448	0.6760037639088946	0.34954194255744175	0.7838745913154882	0.7740557861957031	0.730997116510041	0.7463143922858957	0.7723632131080007	0.6421194124921897	0.7491492172248118
14.646464646464647	0.7629180184230197	0.36715797013362234	0.8064312686038497	0.7660341884909104	0.6335327693377993	0.6760037632100764	0.3495409341071397	0.7838752513192799	0.7740563464655373	0.7309975038641343	0.7463148092330266	0.7723637492532704	0.6421198495294417	0.7491499522512275
15.151515151515152	0.7629183307785238	0.3671579699362464	0.8064317052463159	0.7660344791096017	0.6335330667105061	0.6760037627332101	0.34954026860872156	0.7838756868614737	0.7740567161913435	0.7309977593834471	0.746315084349957	0.7723641030433266	0.6421201354174413	0.7491504372234132
15.656565656565657	0.7629185369131518	0.3671579698511996	0.8064319932907446	0.7660346708773905	0.6335332625789998	0.6760037625283556	0.3495398295281656	0.7838759742443194	0.7740569601366248	0.730997927978629	0.7463152658886886	0.7723643364835764	0.6421203233693121	0.7491507570176883
16.161616161616163	0.7629186724148055	0.36715796983784843	0.8064321825441989	0.7660347969316091	0.6335333938831919	0.6760037624745284	0.34953954099218876	0.7838761631104824	0.7740571204495243	0.730998038937892	0.7463153852275352	0.7723644899118643	0.6421204517445409	0.749150967035936
16.666666666666668	0.7629187617560818	0.36715796980617826	0.8064323074214613	0.7660348800603811	0.6335334821147486	0.6760037623865309	0.3495393506346967	0.7838762876989427	0.7740572262050313	0.7309981121317267	0.7463154639257584	0.7723645911097256	0.6421205397050912	0.7491511056273035
17.171717171717173	0.7629188208375318	0.3671579697716704	0.8064323900261865	0.7660349350231013	0.6335335369995005	0.6760037623229118	0.3495392247187707	0.7838763701088552	0.7740572961569939	0.7309981603476376	0.7463155159492785	0.7723646580323209	0.6421205914017465	0.7491511972985299
17.67676767676768	0.7629188599274936	0.36715796976552856	0.8064324446149731	0.7660349713845167	0.6335335700062329	0.6760037623163204	0.349539141487348	0.7838764245907034	0.7740573424014185	0.7309981922328962	0.7463155503706811	0.7723647022903137	0.6421206188369274	0.7491512578525648
18.181818181818183	0.762918885546689	0.3671579697687402	0.8064324803949767	0.7660349952223972	0.6335335955158585	0.6760037623120543	0.3495390869335694	0.7838764603003648	0.7740573727118386	0.7309982132718883	0.7463155729416402	0.7723647313021358	0.642120644228708	0.749151297536968
18.68686868686869	0.7629189024544434	0.36715796976664145	0.8064325040218626	0.7660350109517271	0.633533613247997	0.6760037623056868	0.34953905091170856	0.7838764838784079	0.774057392724617	0.730998227123384	0.7463155878317618	0.7723647504512422	0.6421206630236564	0.749151323741215
19.191919191919194	0.7629189135873667	0.3671579697655357	0.8064325195774433	0.7660350213089628	0.6335336242129427	0.6760037623024914	0.3495390271948783	0.7838764994024056	0.7740574059011676	0.7309982362380572	0.746315597636617	0.7723647630597357	0.6421206739341636	0.749151340992004
19.6969696969697	0.7629189209211584	0.36715796976494086	0.8064325298240088	0.7660350281317831	0.6335336312997231	0.6760037623008784	0.34953901157215295	0.7838765096284477	0.7740574145808584	0.7309982422401877	0.746315604095587	0.7723647713654078	0.6421206808501924	0.7491513523543198
20.202020202020204	0.7629189257959178	0.36715796976462717	0.8064325366345507	0.7660350326668979	0.6335336359525877	0.6760037623000769	0.34953900118810194	0.783876516425502	0.7740574203500653	0.7309982462288733	0.7463156083888629	0.772364776886094	0.6421206853314207	0.7491513599059555
20.70707070707071	0.7629189289349251	0.3671579697644774	0.8064325410198468	0.7660350355871978	0.6335336388865324	0.6760037622997432	0.34953899450172166	0.7838765208022173	0.7740574240649235	0.7309982487965837	0.7463156111534455	0.7723647804409816	0.642120688089538	0.749151364768091
21.212121212121215	0.762918930975594	0.3671579697643978	0.8064325438706729	0.7660350374856807	0.63353364073923	0.6760037622995873	0.34953899015495393	0.7838765236474986	0.7740574264799298	0.7309982504655982	0.746315612950699	0.7723647827520005	0.6421206897649269	0.7491513679287716
21.71717171717172	0.7629189325327592	0.36715796976434256	0.8064325460460589	0.76603503893434	0.6335336421761272	0.6760037622994658	0.3495389868380577	0.7838765258186522	0.7740574283227518	0.7309982517393819	0.7463156143221096	0.772364784515461	0.6421206910910627	0.7491513703405924
22.222222222222225	0.7629189337525014	0.36715796976430665	0.8064325477500601	0.7660350400690832	0.6335336433630082	0.6760037622993732	0.3495389842398989	0.7838765275193393	0.7740574297662531	0.7309982527373826	0.7463156153963397	0.7723647858967934	0.6421206922627589	0.7491513722297877
22.72727272727273	0.7629189344882124	0.36715796976429405	0.8064325487778935	0.7660350407535105	0.6335336441318975	0.6760037622993096	0.34953898267272465	0.7838765285451688	0.774057430636951	0.7309982533397567	0.7463156160442602	0.7723647867299714	0.6421206930802382	0.749151373369326
23.232323232323235	0.7629189348517444	0.36715796976429754	0.8064325492858052	0.7660350410916864	0.6335336445677168	0.67600376229927	0.34953898189829835	0.7838765290520849	0.7740574310672075	0.7309982536378418	0.7463156163643894	0.7723647871416653	0.6421206936008842	0.7491513739324341
23.73737373737374	0.7629189352563157	0.3671579697642907	0.806432549851016	0.7660350414680568	0.6335336449841918	0.6760037622992366	0.34953898103650033	0.7838765296161946	0.7740574315460091	0.730998253969068	0.7463156167206848	0.7723647875998345	0.6421206940366896	0.7491513745590656
24.242424242424242	0.7629189354428406	0.3671579697642901	0.8064325501116116	0.7660350416415762	0.6335336451846183	0.6760037622992209	0.3495389806391608	0.783876529876282	0.7740574317667641	0.7309982541218687	0.7463156168849471	0.7723647878110711	0.6421206942547363	0.7491513748479729
24.747474747474747	0.7629189354113193	0.36715796976429577	0.806432550067592	0.7660350416122446	0.6335336451689961	0.6760037622992224	0.3495389807062796	0.7838765298323471	0.7740574317294724	0.7309982540962439	0.7463156168571762	0.7723647877753749	0.642120694255024	0.7491513747991562
25.252525252525253	0.7629189356488284	0.36715796976429477	0.8064325503994164	0.7660350418331938	0.6335336454231414	0.6760037622992024	0.34953898020033475	0.7838765301635245	0.7740574320105666	0.730998254290798	0.7463156170663381	0.7723647880443499	0.6421206945305058	0.7491513751670319
25.757575757575758	0.7629189355179024	0.3671579697642978	0.8064325502165108	0.7660350417113925	0.6335336452916364	0.6760037622992123	0.3495389804792184	0.7838765299809745	0.7740574318556227	0.7309982541836488	0.7463156169510327	0.7723647878960797	0.6421206943961177	0.7491513749642459
26.262626262626263	0.7629189353869762	0.3671579697643009	0.8064325500336051	0.766035041589591	0.6335336451601313	0.6760037622992221	0.349538980758102	0.7838765297984245	0.7740574317006788	0.7309982540764997	0.7463156168357273	0.7723647877478094	0.6421206942617296	0.7491513747614599
26.767676767676768	0.7629189353228929	0.36715796976430226	0.80643254994408	0.7660350415299739	0.6335336450961768	0.6760037622992267	0.34953898089460483	0.7838765297090732	0.7740574316248396	0.730998254024056	0.7463156167792897	0.7723647876752366	0.6421206941968376	0.7491513746622049
27.272727272727273	0.7629189353023703	0.36715796976430265	0.80643254991541	0.7660350415108816	0.6335336450762445	0.6760037622992277	0.3495389809383193	0.7838765296804587	0.7740574316005525	0.7309982540072636	0.7463156167612156	0.7723647876519956	0.6421206941772356	0.7491513746304204
27.77777777777778	0.7629189352818478	0.367157969764303	0.8064325498867402	0.7660350414917895	0.6335336450563122	0.6760037622992288	0.3495389809820338	0.7838765296518443	0.7740574315762653	0.7309982539904711	0.7463156167431415	0.7723647876287544	0.6421206941576336	0.7491513745986357
28.282828282828284	0.7629189352613254	0.3671579697643033	0.8064325498580703	0.7660350414726972	0.6335336450363798	0.6760037622992298	0.34953898102574826	0.7838765296232298	0.7740574315519781	0.7309982539736787	0.7463156167250675	0.7723647876055132	0.6421206941380316	0.749151374566851
28.78787878787879	0.7629189352408028	0.3671579697643037	0.8064325498294004	0.7660350414536049	0.6335336450164475	0.6760037622992308	0.34953898106946274	0.7838765295946154	0.774057431527691	0.7309982539568861	0.7463156167069934	0.772364787582272	0.6421206941184296	0.7491513745350663
29.292929292929294	0.7629189352202803	0.36715796976430404	0.8064325498007305	0.7660350414345127	0.6335336449965151	0.6760037622992318	0.3495389811131772	0.783876529566001	0.7740574315034038	0.7309982539400937	0.7463156166889194	0.7723647875590309	0.6421206940988275	0.7491513745032816
29.7979797979798	0.7629189351997577	0.3671579697643044	0.8064325497720606	0.7660350414154204	0.6335336449765828	0.6760037622992328	0.34953898115689164	0.7838765295373865	0.7740574314791167	0.7309982539233012	0.7463156166708453	0.7723647875357897	0.6421206940792256	0.749151374471497
30.303030303030305	0.7629189351792353	0.36715796976430476	0.8064325497433907	0.7660350413963282	0.6335336449566504	0.6760037622992338	0.3495389812006061	0.7838765295087721	0.7740574314548294	0.7309982539065087	0.7463156166527712	0.7723647875125486	0.6421206940596236	0.7491513744397124
30.80808080808081	0.7629189351587127	0.36715796976430515	0.8064325497147209	0.766035041377236	0.6335336449367182	0.6760037622992348	0.3495389812443206	0.7838765294801576	0.7740574314305423	0.7309982538897163	0.7463156166346973	0.7723647874893075	0.6421206940400216	0.7491513744079277
31.313131313131315	0.7629189351381902	0.3671579697643055	0.8064325496860509	0.7660350413581437	0.6335336449167858	0.6760037622992358	0.34953898128803507	0.7838765294515432	0.774057431406255	0.7309982538729237	0.7463156166166232	0.7723647874660663	0.6421206940204196	0.749151374376143
31.81818181818182	0.7629189351176677	0.3671579697643058	0.8064325496573811	0.7660350413390515	0.6335336448968535	0.6760037622992368	0.34953898133174954	0.7838765294229287	0.7740574313819679	0.7309982538561313	0.7463156165985492	0.7723647874428251	0.6421206940008176	0.7491513743443583
32.323232323232325	0.7629189350971451	0.3671579697643062	0.8064325496287111	0.7660350413199593	0.6335336448769211	0.6760037622992378	0.349538981375464	0.7838765293943143	0.7740574313576807	0.7309982538393388	0.7463156165804751	0.772364787419584	0.6421206939812156	0.7491513743125736
32.82828282828283	0.7629189350766227	0.36715796976430654	0.8064325496000413	0.766035041300867	0.6335336448569888	0.6760037622992388	0.3495389814191785	0.7838765293656998	0.7740574313333936	0.7309982538225464	0.7463156165624011	0.7723647873963428	0.6421206939616136	0.749151374280789
33.333333333333336	0.7629189350685625	0.3671579697643067	0.8064325495887812	0.7660350412933686	0.6335336448491848	0.6760037622992392	0.34953898143634726	0.7838765293544615	0.7740574313238548	0.7309982538159512	0.7463156165553025	0.7723647873872149	0.6421206939539666	0.7491513742683058
33.83838383838384	0.7629189350653456	0.3671579697643067	0.8064325495842873	0.7660350412903759	0.6335336448460943	0.6760037622992393	0.3495389814431994	0.7838765293499762	0.7740574313200479	0.7309982538133192	0.7463156165524695	0.772364787383572	0.6421206939509659	0.7491513742633238
34.343434343434346	0.7629189350621287	0.36715796976430676	0.8064325495797934	0.7660350412873833	0.6335336448430037	0.6760037622992394	0.3495389814500516	0.783876529345491	0.7740574313162409	0.7309982538106872	0.7463156165496363	0.772364787379929	0.6421206939479651	0.7491513742583418
34.84848484848485	0.7629189350589118	0.3671579697643068	0.8064325495752994	0.7660350412843906	0.6335336448399131	0.6760037622992395	0.3495389814569037	0.7838765293410057	0.7740574313124339	0.7309982538080552	0.7463156165468032	0.7723647873762859	0.6421206939449644	0.7491513742533598
35.35353535353536	0.762918935055695	0.3671579697643068	0.8064325495708055	0.766035041281398	0.6335336448368226	0.6760037622992396	0.3495389814637559	0.7838765293365204	0.7740574313086269	0.7309982538054232	0.7463156165439702	0.7723647873726429	0.6421206939419636	0.7491513742483779
35.85858585858586	0.7629189350524781	0.36715796976430687	0.8064325495663115	0.7660350412784053	0.633533644833732	0.6760037622992396	0.349538981470608	0.7838765293320352	0.77405743130482	0.7309982538027912	0.7463156165411371	0.7723647873689999	0.6421206939389629	0.7491513742433958
36.36363636363637	0.7629189350492612	0.3671579697643069	0.8064325495618176	0.7660350412754127	0.6335336448306415	0.6760037622992398	0.34953898147746015	0.7838765293275499	0.774057431301013	0.7309982538001591	0.7463156165383039	0.772364787365357	0.642120693935962	0.7491513742384138
36.86868686868687	0.7629189350460444	0.3671579697643069	0.8064325495573237	0.76603504127242	0.6335336448275509	0.6760037622992399	0.34953898148431234	0.7838765293230646	0.7740574312972061	0.730998253797527	0.7463156165354708	0.7723647873617139	0.6421206939329613	0.7491513742334318
37.37373737373738	0.7629189350428275	0.367157969764307	0.8064325495528297	0.7660350412694273	0.6335336448244603	0.67600376229924	0.34953898149116447	0.7838765293185794	0.7740574312933991	0.730998253794895	0.7463156165326378	0.7723647873580709	0.6421206939299605	0.7491513742284498
37.87878787878788	0.7629189350396106	0.36715796976430704	0.8064325495483358	0.7660350412664346	0.6335336448213698	0.6760037622992401	0.34953898149801665	0.7838765293140941	0.774057431289592	0.730998253792263	0.7463156165298047	0.7723647873544279	0.6421206939269598	0.7491513742234678
38.38383838383839	0.7629189350363937	0.3671579697643071	0.8064325495438419	0.7660350412634419	0.6335336448182792	0.6760037622992402	0.3495389815048688	0.7838765293096088	0.7740574312857851	0.730998253789631	0.7463156165269715	0.772364787350785	0.642120693923959	0.7491513742184858
38.88888888888889	0.7629189350331769	0.3671579697643071	0.806432549539348	0.7660350412604493	0.6335336448151886	0.6760037622992403	0.34953898151172097	0.7838765293051236	0.7740574312819781	0.730998253786999	0.7463156165241385	0.7723647873471419	0.6421206939209583	0.7491513742135038
39.3939393939394	0.76291893502996	0.36715796976430715	0.806432549534854	0.7660350412574566	0.6335336448120981	0.6760037622992404	0.3495389815185731	0.7838765293006383	0.7740574312781712	0.730998253784367	0.7463156165213054	0.7723647873434989	0.6421206939179575	0.7491513742085217
39.8989898989899	0.762918935029365	0.36715796976430715	0.8064325495340229	0.7660350412569031	0.6335336448115269	0.6760037622992404	0.3495389815198403	0.7838765292998089	0.7740574312774672	0.7309982537838803	0.7463156165207815	0.7723647873428252	0.642120693917403	0.7491513742076005
40.40404040404041	0.7629189350292889	0.36715796976430715	0.8064325495339165	0.7660350412568323	0.6335336448114539	0.6760037622992404	0.34953898152000246	0.7838765292997028	0.774057431277377	0.730998253783818	0.7463156165207144	0.772364787342739	0.6421206939173325	0.7491513742074826
40.909090909090914	0.7629189350292127	0.36715796976430715	0.8064325495338102	0.7660350412567615	0.6335336448113811	0.6760037622992404	0.34953898152016466	0.7838765292995966	0.7740574312772869	0.7309982537837557	0.7463156165206474	0.7723647873426527	0.642120693917262	0.7491513742073647
41.41414141414142	0.7629189350291367	0.36715796976430715	0.8064325495337038	0.7660350412566906	0.6335336448113081	0.6760037622992404	0.3495389815203268	0.7838765292994905	0.7740574312771968	0.7309982537836934	0.7463156165205803	0.7723647873425665	0.6421206939171916	0.7491513742072468
41.919191919191924	0.7629189350290605	0.36715796976430715	0.8064325495335974	0.7660350412566198	0.6335336448112353	0.6760037622992404	0.34953898152048896	0.7838765292993843	0.7740574312771067	0.7309982537836311	0.7463156165205133	0.7723647873424803	0.6421206939171211	0.7491513742071289
42.42424242424243	0.7629189350289843	0.36715796976430715	0.8064325495334911	0.766035041256549	0.6335336448111624	0.6760037622992404	0.34953898152065116	0.7838765292992782	0.7740574312770166	0.7309982537835689	0.7463156165204462	0.7723647873423941	0.6421206939170506	0.749151374207011
42.929292929292934	0.7629189350289082	0.36715796976430715	0.8064325495333847	0.7660350412564781	0.6335336448110895	0.6760037622992404	0.3495389815208133	0.7838765292991721	0.7740574312769265	0.7309982537835066	0.7463156165203791	0.7723647873423078	0.6421206939169801	0.749151374206893
43.43434343434344	0.7629189350288321	0.36715796976430715	0.8064325495332784	0.7660350412564073	0.6335336448110166	0.6760037622992404	0.3495389815209755	0.7838765292990658	0.7740574312768365	0.7309982537834443	0.7463156165203121	0.7723647873422216	0.6421206939169097	0.7491513742067751
43.939393939393945	0.762918935028756	0.36715796976430715	0.806432549533172	0.7660350412563365	0.6335336448109438	0.6760037622992404	0.34953898152113766	0.7838765292989597	0.7740574312767463	0.730998253783382	0.746315616520245	0.7723647873421354	0.6421206939168392	0.7491513742066572
44.44444444444445	0.7629189350286798	0.36715796976430715	0.8064325495330656	0.7660350412562656	0.6335336448108708	0.6760037622992404	0.3495389815212998	0.7838765292988535	0.7740574312766563	0.7309982537833197	0.746315616520178	0.7723647873420492	0.6421206939167687	0.7491513742065393
44.949494949494955	0.7629189350286036	0.36715796976430715	0.8064325495329593	0.7660350412561948	0.633533644810798	0.6760037622992404	0.349538981521462	0.7838765292987474	0.7740574312765661	0.7309982537832574	0.7463156165201109	0.772364787341963	0.6421206939166983	0.7491513742064214
45.45454545454546	0.7629189350285276	0.36715796976430715	0.8064325495328529	0.766035041256124	0.6335336448107252	0.6760037622992404	0.34953898152162416	0.7838765292986413	0.7740574312764761	0.7309982537831952	0.7463156165200439	0.7723647873418767	0.6421206939166278	0.7491513742063034
45.959595959595966	0.7629189350284514	0.36715796976430715	0.8064325495327466	0.7660350412560532	0.6335336448106522	0.6760037622992404	0.34953898152178636	0.7838765292985351	0.7740574312763859	0.7309982537831329	0.7463156165199768	0.7723647873417905	0.6421206939165574	0.7491513742061855
46.46464646464647	0.7629189350283753	0.36715796976430715	0.8064325495326402	0.7660350412559823	0.6335336448105794	0.6760037622992404	0.3495389815219485	0.7838765292984289	0.7740574312762958	0.7309982537830706	0.7463156165199099	0.7723647873417043	0.642120693916487	0.7491513742060676
46.969696969696976	0.7629189350282991	0.36715796976430715	0.8064325495325338	0.7660350412559115	0.6335336448105064	0.6760037622992404	0.3495389815221107	0.7838765292983227	0.7740574312762057	0.7309982537830082	0.7463156165198428	0.7723647873416181	0.6421206939164165	0.7491513742059497
47.47474747474748	0.762918935028223	0.36715796976430715	0.8064325495324275	0.7660350412558407	0.6335336448104336	0.6760037622992404	0.34953898152227286	0.7838765292982166	0.7740574312761156	0.7309982537829459	0.7463156165197757	0.7723647873415319	0.642120693916346	0.7491513742058318
47.979797979797986	0.7629189350281469	0.36715796976430715	0.8064325495323211	0.7660350412557698	0.6335336448103607	0.6760037622992404	0.349538981522435	0.7838765292981105	0.7740574312760256	0.7309982537828836	0.7463156165197087	0.7723647873414456	0.6421206939162756	0.7491513742057139
48.484848484848484	0.7629189350280707	0.36715796976430715	0.8064325495322148	0.766035041255699	0.6335336448102878	0.6760037622992404	0.3495389815225972	0.7838765292980043	0.7740574312759354	0.7309982537828214	0.7463156165196416	0.7723647873413594	0.6421206939162051	0.749151374205596
48.98989898989899	0.7629189350279946	0.36715796976430715	0.8064325495321084	0.7660350412556282	0.6335336448102149	0.6760037622992404	0.34953898152275936	0.7838765292978982	0.7740574312758454	0.7309982537827591	0.7463156165195746	0.7723647873412732	0.6421206939161346	0.7491513742054781
49.494949494949495	0.7629189350279184	0.36715796976430715	0.806432549532002	0.7660350412555573	0.6335336448101421	0.6760037622992404	0.34953898152292157	0.7838765292977921	0.7740574312757552	0.7309982537826968	0.7463156165195075	0.772364787341187	0.6421206939160642	0.7491513742053602
50.0	0.7629189350278424	0.36715796976430715	0.8064325495318957	0.7660350412554865	0.6335336448100691	0.6760037622992404	0.3495389815230837	0.7838765292976858	0.7740574312756652	0.7309982537826345	0.7463156165194405	0.7723647873411008	0.6421206939159937	0.7491513742052422
