NON $ % + - . 0
#NON	b	f	a	e	d	c
0.0	0.9653367490264534	0.1538048451201367	0.56807149805148	0.3867405799473985	0.8859387247905346	0.24721476216270077
0.42016806722689076	0.3972091922761482	0.15404617416112587	0.3965888099929554	0.23757497768672795	0.5519820458801102	0.2165458638066206
0.8403361344537815	0.17645630769910414	0.1588768644254358	0.3000014396821791	0.19833211498531375	0.34414263087409397	0.196767004023711
1.2605042016806722	0.08485451820595855	0.1667584725656584	0.24767952284581418	0.19374599817972293	0.21452856725938943	0.18381009041810087
1.680672268907563	0.04398309774184952	0.17653814160373513	0.22137693079911128	0.1997576309141194	0.13374622800463404	0.175222427032108
2.100840336134454	0.02434659101535002	0.18732657414052567	0.21018120404487448	0.20855547573271624	0.08345917543675667	0.16948211415855896
2.5210084033613445	0.014222665514636591	0.19843993415042543	0.20755013385994275	0.21754472026731173	0.05217537257455297	0.16562178056838908
2.9411764705882355	0.008662117081146788	0.20936858056706267	0.20956510298378475	0.22585430726493616	0.032705420032673675	0.1630146498454143
3.361344537815126	0.005440132198309584	0.21975353956219362	0.2138938721954073	0.2332151477114287	0.02056931967006921	0.16124865882104994
3.7815126050420167	0.0034916728198190862	0.2293632377974206	0.21916864717887008	0.2395859986882149	0.01298551037966695	0.16004997355577624
4.201680672268908	0.0022745825315053664	0.23806925010666447	0.22460920968698814	0.2450185899481227	0.008230873380295477	0.15923520270735073
4.621848739495799	0.0014963448056659807	0.24582233799786507	0.22979232587932497	0.24960276859255326	0.0052386521641588895	0.1586808488561779
5.042016806722689	0.0009905996618037455	0.25263048059537296	0.23450962697448136	0.25344110158418015	0.003347843198720844	0.15830342684343762
5.46218487394958	0.0006583753907566903	0.258540108998051	0.23867969690178448	0.25663606019455854	0.00214797602008092	0.15804634890694522
5.882352941176471	0.0004386234852904747	0.26362105647882716	0.24229374195553752	0.2592834939322239	0.0013833606992296361	0.15787118816713192
6.302521008403361	0.00029264273488173497	0.2679551711411784	0.24538222409612212	0.2614696057853712	0.0008941096210137007	0.15775181640931565
6.722689075630252	0.00019541887503468923	0.27162817701231284	0.24799465021106973	0.263269945439969	0.0005798237177264692	0.15767045254076784
7.142857142857143	0.00013057208663466642	0.2747241734737843	0.25018757601461455	0.2647495231316988	0.0003771869128240082	0.15761498978479094
7.563025210084033	8.728434227733033e-05	0.2773222117809745	0.25201774992384424	0.26596355988768305	0.00024608465708811204	0.15757718077208402
7.983193277310924	5.837339164693285e-05	0.27949440766986844	0.253538446305309	0.2669585184815785	0.0001609886598209701	0.15755140512012353
8.403361344537815	3.90567302107423e-05	0.2813051347638523	0.25479773358275776	0.2677732206954973	0.00010558544931303068	0.15753383195572143
8.823529411764707	2.61463585575874e-05	0.2828108648244667	0.25583784110551444	0.268439903843964	6.941357827705636e-05	0.1575218509005667
9.243697478991598	1.7514579671238814e-05	0.2840605007981012	0.25669520668413176	0.26898523046563777	4.573598448549899e-05	0.15751368237800684
9.663865546218487	1.1740879945105042e-05	0.28509596177390983	0.25740086757356434	0.26943118096974494	3.019900613395297e-05	0.15750811312260748
10.084033613445378	7.87684435857748e-06	0.2859528861487414	0.2579810080611878	0.2697958281134283	1.998036387050703e-05	0.157504315999117
10.504201680672269	5.289205773120709e-06	0.2866613739523886	0.2584575595852548	0.2700940016027435	1.3245008015387378e-05	0.15750172710015042
10.92436974789916	3.5550684703090843e-06	0.2872467124813989	0.2588487905642099	0.27033785062719207	8.796442789399085e-06	0.15749996196626107
11.344537815126051	2.391952763018667e-06	0.2877300555406019	0.2591698544601049	0.27053731659881175	5.852474395039451e-06	0.15749875847028108
11.764705882352942	1.6111307285825497e-06	0.2881290362520886	0.2594332788692171	0.27070052614216417	3.90056875778222e-06	0.157497937908681
12.184873949579831	1.0864368690089653e-06	0.28845831275133704	0.25964939497362166	0.27083411832279436	2.6040732783559665e-06	0.15749737843443923
12.605042016806722	7.33486929269659e-07	0.2887300423166544	0.2598267057206991	0.2709435142163735	1.741401971563736e-06	0.15749699697197558
13.025210084033613	4.958054400828679e-07	0.28895428907953	0.25997219836179225	0.2710331387268218	1.1664140844972016e-06	0.1574967368815507
13.445378151260504	3.3556350887745677e-07	0.28913937356568375	0.260091608634811	0.2711066034248717	7.825337378580168e-07	0.15749655954442315
13.865546218487395	2.2740285829111543e-07	0.28929216586273204	0.2601896402459868	0.2711668555559573	5.258263705685879e-07	0.15749643863114574
14.285714285714286	1.5430690084868812e-07	0.2894183340306903	0.26027014843384944	0.2712163005469896	3.5388606698482173e-07	0.1574963561888557
14.705882352941178	1.0484592159468636e-07	0.2895225519222831	0.26033629190215773	0.2712569020637119	2.385394895873191e-07	0.15749629997694917
15.126050420168067	7.133547173690164e-08	0.2896086707038421	0.2603906574110172	0.2712902632241086	1.6103922635180353e-07	0.1574962616502777
15.546218487394958	4.860157398756921e-08	0.2896798637721943	0.26043536366132	0.27131769350501556	1.088854576552658e-07	0.15749623551754435
15.966386554621849	3.3158311755975597e-08	0.2897387451860317	0.26047214565068133	0.27134026276419454	7.373486594298424e-08	0.15749621769921396
16.386554621848738	2.264870733922454e-08	0.2897874740506509	0.2605024282289255	0.27135884790482934	4.9996474363593795e-08	0.15749620554440696
16.80672268907563	1.5489908005953304e-08	0.2898278220152107	0.2605273732209547	0.27137416242293216	3.394799419685857e-08	0.15749619725642452
17.22689075630252	1.0618746974981177e-08	0.2898612358007384	0.26054792442147356	0.27138678548966433	2.3109574278278305e-08	0.1574961916187601
17.647058823529413	7.29154739510477e-09	0.2898889186488581	0.2605648664050314	0.2713971981712029	1.575926067646767e-08	0.15749618777444196
18.067226890756302	4.997719147075379e-09	0.2899119097666497	0.2605788693808668	0.2714058114107911	1.0725907076096308e-08	0.15749618513207622
18.487394957983195	3.4485266820059965e-09	0.28993091449250064	0.2605903863972866	0.27141290562166237	7.3512540581669096e-09	0.15749618335559898
18.907563025210084	2.3734119745095673e-09	0.28994675588497326	0.26059993555221367	0.27141878752864734	5.025415409272162e-09	0.15749618213018263
19.327731092436974	1.6353791513468497e-09	0.2899599279400383	0.26060783508534263	0.27142365878390085	3.4398453372137163e-09	0.15749618129518494
19.747899159663866	1.1329212787088713e-09	0.2899708503756426	0.26061435434118635	0.2714276860978047	2.3678698379306622e-09	0.1574961807318002
20.168067226890756	7.845732922200089e-10	0.2899799373921382	0.2606197536609397	0.27143102485363835	1.629261033815814e-09	0.1574961803449997
20.58823529411765	5.439888819124908e-10	0.2899874965095914	0.26062422498925175	0.27143379450642335	1.1223596007647536e-09	0.15749618008087193
21.008403361344538	3.785724669543427e-10	0.2899937865671514	0.26062792829618797	0.27143609493184706	7.760765400709393e-10	0.15749617990164197
21.42857142857143	2.64896568535471e-10	0.2899990254120654	0.2606309969938893	0.2714380009128005	5.398125259459552e-10	0.157496179780363
21.84873949579832	1.8612492242200034e-10	0.29000339180031826	0.2606335424974823	0.27143958366674104	3.771468276713122e-10	0.1574961796976632
22.26890756302521	1.3106150651258143e-10	0.290007044340303	0.2606356602677775	0.2714409022361699	2.6411394068248553e-10	0.1574961796408161
22.689075630252102	9.239288165655377e-11	0.29001008312658844	0.26063741679852465	0.2714419991363407	1.8512899919277941e-10	0.15749617960155052
23.10924369747899	6.514715174076029e-11	0.29001263539477157	0.26063888296491916	0.2714429153883031	1.297970033772137e-10	0.1574961795744002
23.529411764705884	4.595520631849738e-11	0.290014774321851	0.26064010570783286	0.271443681107564	9.104193980415743e-11	0.157496179555653
23.949579831932773	3.244975615857386e-11	0.2900165652889302	0.2606411252215712	0.27144432110466965	6.392469606482089e-11	0.1574961795427391
24.369747899159663	2.305522008126821e-11	0.29001806752984094	0.2606419759544586	0.27144485604105545	4.5187155552127007e-11	0.15749617953398304
24.789915966386555	1.6449036148995896e-11	0.29001932874553843	0.26064268690449566	0.2714453040412201	3.2088872488806735e-11	0.1574961795279778
25.210084033613445	1.1763060084770457e-11	0.29002038733588664	0.26064328128413605	0.2714456795697386	2.2843364554312552e-11	0.157496179523818
25.630252100840337	8.432003930373578e-12	0.29002127652650145	0.2606437784270281	0.2714459941607641	1.630306433391839e-11	0.1574961795209325
26.050420168067227	6.04018755306702e-12	0.29002202220084855	0.26064419404256234	0.2714462578741367	1.1623945687092859e-11	0.15749617951890543
26.47058823529412	4.309122003458933e-12	0.2900226443344555	0.2606445402307947	0.27144647805259847	8.244915074670276e-12	0.1574961795174644
26.89075630252101	3.0161184831556347e-12	0.2900231632424262	0.26064482896049446	0.2714466621209169	5.721890886945001e-12	0.15749617951639852
27.310924369747898	1.9755460404425057e-12	0.29002360933847365	0.26064507474337023	0.2714468183985629	3.689290274778467e-12	0.15749617951553382
27.73109243697479	1.2745606626679132e-12	0.2900239972589525	0.2606452847784864	0.27144695142815356	2.342328932224138e-12	0.15749617951498598
28.15126050420168	7.37729039320079e-13	0.29002433907319836	0.26064546693902196	0.2714470670567392	1.3160817701004582e-12	0.1574961795145727
28.571428571428573	4.414970716920463e-13	0.29002464208313394	0.26064562532273927	0.2714471682896893	7.730562365053552e-13	0.15749617951438555
28.991596638655462	2.54534312733894e-13	0.29002490519276347	0.2606457620604474	0.2714472567721172	4.3860914442111726e-13	0.15749617951428546
29.411764705882355	1.7175625350093857e-13	0.2900251245735901	0.2606458771197655	0.27144733272017757	3.01124724791215e-13	0.15749617951426914
29.831932773109244	1.322802866323684e-13	0.29002529098883567	0.260645968331175	0.27144739416678865	2.383393658626797e-13	0.15749617951427644
30.252100840336134	nan	nan	nan	nan	nan	nan
30.672268907563026	nan	nan	nan	nan	nan	nan
31.092436974789916	nan	nan	nan	nan	nan	nan
31.51260504201681	nan	nan	nan	nan	nan	nan
31.932773109243698	nan	nan	nan	nan	nan	nan
32.35294117647059	nan	nan	nan	nan	nan	nan
32.773109243697476	nan	nan	nan	nan	nan	nan
33.19327731092437	nan	nan	nan	nan	nan	nan
33.61344537815126	nan	nan	nan	nan	nan	nan
34.03361344537815	nan	nan	nan	nan	nan	nan
34.45378151260504	nan	nan	nan	nan	nan	nan
34.87394957983194	nan	nan	nan	nan	nan	nan
35.294117647058826	nan	nan	nan	nan	nan	nan
35.714285714285715	nan	nan	nan	nan	nan	nan
36.134453781512605	nan	nan	nan	nan	nan	nan
36.554621848739494	nan	nan	nan	nan	nan	nan
36.97478991596639	nan	nan	nan	nan	nan	nan
37.39495798319328	nan	nan	nan	nan	nan	nan
37.81512605042017	nan	nan	nan	nan	nan	nan
38.23529411764706	nan	nan	nan	nan	nan	nan
38.65546218487395	nan	nan	nan	nan	nan	nan
39.075630252100844	nan	nan	nan	nan	nan	nan
39.49579831932773	nan	nan	nan	nan	nan	nan
39.91596638655462	nan	nan	nan	nan	nan	nan
40.33613445378151	nan	nan	nan	nan	nan	nan
40.7563025210084	nan	nan	nan	nan	nan	nan
41.1764705882353	nan	nan	nan	nan	nan	nan
41.596638655462186	nan	nan	nan	nan	nan	nan
