NON $ % + - . 0 1 2
#NON	e	c	d	b	a	g	f	h
0.0	0.2740719203895503	0.8940689067018472	0.002782441735203034	0.6173051962192422	0.5148194180136572	0.17162028338730495	0.12474537214984249	0.4363036336969708
0.5050505050505051	0.2432785460540712	0.47655614347156244	0.06140363890809226	0.3149143780981535	0.28461476257182516	0.25606413298626657	0.17630798154777377	0.3285236542725179
1.0101010101010102	0.20508321334860466	0.31226270216659535	0.0633129444834586	0.16065159565353454	0.16409447097199406	0.25842887838899764	0.2007411332014486	0.2575741352723263
1.5151515151515151	0.17671654259279565	0.2436862088062177	0.053756247458069485	0.08195540350926236	0.0991434744219042	0.24778958209872146	0.20961900400683983	0.20798377096073536
2.0202020202020203	0.15884241317955972	0.21101300996786101	0.04412223070227745	0.04180903448475137	0.06317684742992857	0.23617468628334595	0.21085137965286274	0.1717765129991424
2.5252525252525255	0.14806635853517933	0.19219730829314433	0.03660967776951393	0.021328616505554007	0.042710812613947644	0.22546550995222067	0.20899869861402873	0.14467430575324203
3.0303030303030303	0.14133846574582687	0.17926040489403242	0.031127089729287134	0.010880658567988089	0.030723680831437134	0.21585581505613194	0.20628650056177145	0.12419426159299586
3.5353535353535355	0.1367769732119614	0.16932921268482257	0.02718765828291325	0.005550698900455057	0.023485392798375363	0.20737679164736475	0.20361973921197374	0.10872609186970353
4.040404040404041	0.13339949048258673	0.16134759808547203	0.024358046272042824	0.0028316537272640016	0.018978487614909917	0.20006549790986197	0.2012805369427245	0.09710875252138984
4.545454545454546	0.1307406379599967	0.1548819369540934	0.022318963967870524	0.0014445509227096142	0.016089186432529316	0.19392825807594255	0.1993061351837711	0.0884474362050019
5.050505050505051	0.12858914349483833	0.14969319014160937	0.02084429907685747	0.0007369307971855444	0.014187356317255005	0.188913942127018	0.19765933422088972	0.08203549129037498
5.555555555555556	0.1268429704618807	0.14559297018019773	0.01977436683049234	0.00037594364913289083	0.012906475329327765	0.1849172199441911	0.19629210666721575	0.07731622836796556
6.0606060606060606	0.12544004189206528	0.1424048009278533	0.01899589086834431	0.0001917866120259333	0.012027019844904757	0.18179837820984793	0.19516298216606717	0.07385737866328046
6.565656565656566	0.12433001308489264	0.13996145829479797	0.018428140641745507	9.783941754170703e-05	0.011413607952248698	0.17940609998793386	0.19423813301030868	0.07132906581190619
7.070707070707071	0.12346569588085103	0.13811121994798514	0.018013311925312032	4.991244395941531e-05	0.01098036597953665	0.1775954394250134	0.19348874904466706	0.06948351710010174
7.575757575757576	0.1228024288257557	0.13672316282995184	0.01770981262018116	2.5462420629578875e-05	0.01067137952252915	0.17623852940408105	0.19288891931424842	0.06813695927522224
8.080808080808081	0.12229962834192731	0.1356891010497946	0.01748757010550704	1.2989177386285697e-05	0.01044937185374417	0.17522887336074483	0.1924147581081669	0.06715431350271418
8.585858585858587	0.12192215728414744	0.13492264176705318	0.01732474553124581	6.626081603552901e-06	0.010288974015785324	0.1744813091915496	0.1920443785801867	0.06643686710433354
9.090909090909092	0.12164086506139934	0.13435654386762763	0.017205421072952764	3.3798311424745383e-06	0.010172616451495968	0.1739296465315752	0.19175818648223594	0.06591270441055774
9.595959595959597	0.12143238017666139	0.13393944085137144	0.01711796464728031	1.7241510185035464e-06	0.01008795855269928	0.1735234395274636	0.19153914404186342	0.06552949745476974
10.101010101010102	0.12127845390159861	0.13363262789685806	0.017053866255139164	8.796148767521185e-07	0.010026235232624529	0.17322477946568204	0.19137285925739653	0.06524917898518462
10.606060606060607	0.12116511245058052	0.1334071903291766	0.017006887484830074	4.4899559808215587e-07	0.009981166343847056	0.1730053959551469	0.1912474884979031	0.0650440226577022
11.111111111111112	0.12108180546068566	0.13324167370567236	0.01697246024054378	2.2917725315527134e-07	0.009948224092939372	0.1728443605672705	0.1911535016257095	0.064893821092378
11.616161616161618	0.12102064250661576	0.13312020070694955	0.01694722705866476	1.1649093552273317e-07	0.009924124983389276	0.17272618537525192	0.19108336723793723	0.06478380920188834
12.121212121212121	0.12097576987616467	0.13303107960601618	0.016928733676135364	5.946066253252741e-08	0.009906487446583505	0.17263948393266484	0.19103122728021507	0.06470321875765471
12.626262626262626	0.1209428623911869	0.1329657142714276	0.016915182459485735	3.025477736746122e-08	0.00989357371954851	0.17257590319689722	0.19099258134330943	0.0646441732149481
13.131313131313131	0.1209187379666968	0.13291778003923727	0.016905250477227067	1.5433916219807966e-08	0.009884116346331696	0.1725292736065177	0.19096400559339233	0.06460090824378054
13.636363636363637	0.1209010552924585	0.13288263485702898	0.01689797246817731	7.875718444664573e-09	0.009877189096276474	0.1724950864359495	0.19094291681105902	0.06456920522640572
14.141414141414142	0.12088809481789399	0.1328568677468348	0.0168926387597283	4.018531255051351e-09	0.00987211410883718	0.172470021844456	0.1909273759714989	0.06454597200620564
14.646464646464647	0.12087859554277565	0.13283797695132482	0.016888729753889754	2.0470748070937354e-09	0.009868395575594525	0.17245164624176504	0.19091593668114337	0.06452894451415064
15.151515151515152	0.1208716319228353	0.132824125522358	0.016885864274949244	1.0385543893254148e-09	0.009865670199962751	0.17243817250396762	0.1909075226643386	0.06451646243941947
15.656565656565657	0.12086653098286056	0.13281397707230758	0.016883765270430062	5.429417404528357e-10	0.009863674133546031	0.1724283005576428	0.1909013422828669	0.06450731913412971
16.161616161616163	0.1208627925625007	0.1328065383008201	0.01688222703343726	2.8188829385920084e-10	0.00986221136528825	0.1724210649936195	0.19089680348583662	0.06450061799397565
16.666666666666668	0.12086005256956586	0.13280108564825982	0.016881099697951953	1.4265690724623304e-10	0.009861139341503853	0.17241576160412722	0.19089347161089903	0.06449570650494406
17.171717171717173	0.12085804424570847	0.13279708818322544	0.01688027306187061	7.994447784449657e-11	0.00986035357051229	0.1724118719916943	0.19089102599731844	0.0644921061854259
17.67676767676768	0.12085657351202625	0.13279416009875003	0.01687966727353828	5.439984173242065e-11	0.009859778089870137	0.17240902090422933	0.19088923278245107	0.06448946925340926
18.181818181818183	0.12085549568597302	0.13279201482175895	0.016879223746110082	2.9644986100895016e-11	0.009859356448997224	0.172406933794939	0.19088791809194203	0.06448753724146658
18.68686868686869	0.12085470514408847	0.13279044239375226	0.01687889984699284	9.569397344269963e-12	0.009859047395959598	0.17240541090247516	0.1908869541965099	0.064486121005672
19.191919191919194	0.12085412604178594	0.13278928971186793	0.01687866285658535	7.452671838382719e-12	0.009858820876250635	0.17240429769787138	0.19088624723069347	0.06448508288801717
19.6969696969697	0.12085370255971478	0.13278844519414504	0.01687848729089854	9.451806007603886e-12	0.009858654938486464	0.17240347122431596	0.1908857287772921	0.06448432258048274
20.202020202020204	0.12085339140012205	0.13278782610965162	0.016878358634235088	4.234818332726191e-12	0.009858533291282497	0.17240286335127877	0.19088534894449796	0.06448376509885868
20.70707070707071	0.12085316346366783	0.13278737238555188	0.016878265136597313	2.33006424129104e-12	0.009858444132941388	0.17240242411070678	0.19088507041816297	0.06448335651947941
21.212121212121215	0.12085299628244026	0.13278703950443627	0.01687819610465093	1.2028879146587162e-12	0.009858378726153348	0.17240209879449986	0.1908848660380833	0.06448305678776545
21.71717171717172	0.12085287377161141	0.13278679560424161	0.016878145659356435	6.122485492789668e-13	0.009858330802160736	0.17240186124995177	0.19088471626986028	0.06448283716428561
22.222222222222225	0.12085278312679333	0.132786615133228	0.016878108354527226	3.075597884275688e-13	0.009858295341896193	0.1724016856619027	0.19088460543670563	0.06448267465817371
22.72727272727273	0.12085271736691806	0.13278648419914568	0.016878081314050514	1.8581689441371365e-13	0.00985826961540361	0.17240155847405783	0.19088452501516612	0.06448255675909369
23.232323232323235	0.12085266934280645	0.13278638857352498	0.01687806159487388	1.4456283839361213e-13	0.009858250826727576	0.1724014658453533	0.19088446627499908	0.06448247065438766
23.73737373737374	0.12085263439501613	0.1327863189836122	0.016878047277311112	1.253696668078297e-13	0.009858237153761993	0.17240139875213728	0.1908844235259272	0.06448240799386257
24.242424242424242	0.1208526088487907	0.13278626811643754	0.016878036840518366	9.314034802496966e-14	0.009858227159502912	0.1724013500212305	0.19088439227934165	0.0644823621919482
24.747474747474747	0.12085258999288476	0.1327862305760236	0.016878029137885282	5.181062426293184e-14	0.009858219783598217	0.17240131413971094	0.19088436922063137	0.06448232838892122
25.252525252525253	0.12085257608595358	0.13278620289385037	0.01687802342430687	1.9527145146448808e-14	0.009858214344457557	0.17240128746133754	0.19088435221740566	0.06448230346131276
25.757575757575758	0.12085256590811569	0.13278618263822953	0.01687801918158159	3.5654446574235895e-15	0.009858210364334132	0.17240126742733666	0.1908843397750323	0.06448228522006184
26.262626262626263	0.12085255849292477	0.1327861678786404	0.01687801601219902	1.3233141501295557e-15	0.009858207464158556	0.17240125196619133	0.19088433070760746	0.06448227192861941
26.767676767676768	0.12085255293124343	0.13278615679986144	0.0168780136158279	1.1355428563602963e-15	0.009858205287558876	0.1724012398282912	0.19088432390107574	0.06448226195411327
27.272727272727273	0.12085254841199734	0.1327861478002489	0.01687801169172351	1.1151729533861953e-15	0.009858203519348985	0.17240123034948174	0.19088431837198566	0.06448225385084305
27.77777777777778	0.12085254522526206	0.13278614145414833	0.016878010381263735	8.717823937919722e-16	0.009858202272501672	0.17240122415301182	0.1908843144731356	0.06448224813680539
28.282828282828284	0.12085254289825471	0.13278613682016938	0.016878009444881138	5.9458333607775e-16	0.009858201362046147	0.17240121984704201	0.1908843116261604	0.06448224396435048
28.78787878787879	0.12085254106406626	0.13278613316773422	0.01687800869665644	4.304162294902299e-16	0.009858200644433527	0.17240121635141806	0.19088430938221246	0.06448224067564917
29.292929292929294	0.1208525400066228	0.13278613106218765	0.016878008280460006	2.6565117266560554e-16	0.009858200230746593	0.1724012145019983	0.19088430808862455	0.064482238779751
29.7979797979798	0.12085253850960906	0.13278612808123796	0.016878007676618973	1.0009246534426449e-16	0.009858199645064418	0.1724012117237282	0.1908843062572164	0.06448223609564813
30.303030303030305	0.12085253842461408	0.13278612791212932	0.01687800764577761	6.943658038185672e-17	0.009858199611838737	0.1724012116066756	0.19088430615331048	0.06448223594335148
30.80808080808081	0.12085253835114895	0.13278612776595417	0.0168780076188816	4.4026764593416647e-17	0.009858199583118992	0.17240121150274662	0.19088430606349543	0.06448223581170999
31.313131313131315	0.12085253831839318	0.13278612770075196	0.016878007605915745	3.713962896024186e-17	0.00985819957030869	0.17240121144515413	0.190884306023432	0.06448223575299715
31.81818181818182	0.1208525382856374	0.13278612763554976	0.016878007592949894	3.0252493327067084e-17	0.009858199557498388	0.17240121138756162	0.19088430598336859	0.06448223569428431
32.323232323232325	0.12085253825288161	0.13278612757034755	0.016878007579984044	2.3365357693892306e-17	0.009858199544688084	0.17240121132996913	0.19088430594330513	0.06448223563557147
32.82828282828283	0.12085253822012584	0.13278612750514535	0.016878007567018193	1.647822206071752e-17	0.009858199531877783	0.17240121127237665	0.1908843059032417	0.06448223557685862
33.333333333333336	0.12085253818924485	0.13278612744367457	0.01687800755478195	1.0088424389175497e-17	0.009858199519800591	0.17240121121793744	0.19088430586547106	0.0644822355215059
33.83838383838384	0.12085253817661834	0.13278612741853638	0.016878007549649875	8.5411639761166e-18	0.009858199514861644	0.17240121119420174	0.19088430585002494	0.06448223549887047
34.343434343434346	0.12085253816399184	0.13278612739339815	0.0168780075445178	6.9939035630577e-18	0.009858199509922698	0.17240121117046603	0.19088430583457885	0.06448223547623502
34.84848484848485	0.12085253815136533	0.13278612736825995	0.01687800753938572	5.4466431499988025e-18	0.00985819950498375	0.17240121114673032	0.19088430581913274	0.06448223545359959
35.35353535353536	0.12085253813873884	0.13278612734312176	0.016878007534253645	3.899382736939904e-18	0.009858199500044804	0.1724012111229946	0.19088430580368662	0.06448223543096414
35.85858585858586	0.12085253812611232	0.13278612731798356	0.01687800752912157	2.352122323881006e-18	0.009858199495105857	0.17240121109925893	0.19088430578824053	0.0644822354083287
36.36363636363637	0.12085253812495775	0.1327861273156848	0.016878007528649513	2.2567654831003627e-18	0.00985819949465421	0.17240121109705714	0.19088430578682808	0.06448223540625879
36.86868686868687	0.12085253812421236	0.13278612731420064	0.016878007528343675	2.213195173410599e-18	0.009858199494362613	0.1724012110956234	0.19088430578591617	0.06448223540492243
37.37373737373738	0.12085253812346695	0.1327861273127165	0.016878007528037833	2.169624863720835e-18	0.009858199494071017	0.17240121109418965	0.19088430578500426	0.06448223540358605
37.87878787878788	0.12085253812272155	0.13278612731123235	0.01687800752773199	2.1260545540310714e-18	0.00985819949377942	0.1724012110927559	0.19088430578409235	0.06448223540224969
38.38383838383839	0.12085253812197615	0.13278612730974823	0.016878007527426152	2.082484244341308e-18	0.009858199493487825	0.17240121109132217	0.19088430578318044	0.06448223540091332
38.88888888888889	0.12085253812123076	0.13278612730826408	0.01687800752712031	2.038913934651544e-18	0.009858199493196228	0.17240121108988846	0.19088430578226853	0.06448223539957695
39.3939393939394	0.12085253812048535	0.13278612730677994	0.016878007526814467	1.99534362496178e-18	0.009858199492904632	0.17240121108845471	0.19088430578135662	0.06448223539824058
39.8989898989899	0.12085253811973995	0.1327861273052958	0.016878007526508625	1.9517733152720163e-18	0.009858199492613035	0.17240121108702097	0.19088430578044474	0.06448223539690422
40.40404040404041	0.12085253811899455	0.13278612730381165	0.016878007526202787	1.9082030055822525e-18	0.009858199492321439	0.17240121108558723	0.19088430577953283	0.06448223539556784
40.909090909090914	0.12085253811824916	0.1327861273023275	0.016878007525896944	1.8646326958924888e-18	0.009858199492029842	0.17240121108415352	0.19088430577862092	0.06448223539423148
41.41414141414142	0.12085253811750375	0.13278612730084335	0.016878007525591102	1.821062386202725e-18	0.009858199491738247	0.17240121108271977	0.190884305777709	0.0644822353928951
41.919191919191924	0.12085253811675835	0.1327861272993592	0.016878007525285264	1.7774920765129612e-18	0.00985819949144665	0.17240121108128603	0.1908843057767971	0.06448223539155874
42.42424242424243	0.12085253811601296	0.13278612729787506	0.01687800752497942	1.7339217668231976e-18	0.009858199491155054	0.1724012110798523	0.1908843057758852	0.06448223539022237
42.929292929292934	0.12085253811526755	0.13278612729639092	0.01687800752467358	1.6903514571334337e-18	0.009858199490863457	0.17240121107841855	0.19088430577497328	0.064482235388886
43.43434343434344	0.12085253811452215	0.13278612729490677	0.016878007524367737	1.6467811474436697e-18	0.00985819949057186	0.17240121107698483	0.1908843057740614	0.06448223538754963
43.939393939393945	0.12085253811377675	0.13278612729342262	0.0168780075240619	1.6032108377539061e-18	0.009858199490280264	0.1724012110755511	0.1908843057731495	0.06448223538621327
44.44444444444445	0.12085253811303136	0.13278612729193848	0.016878007523756056	1.5596405280641424e-18	0.00985819948998867	0.17240121107411735	0.19088430577223758	0.0644822353848769
44.949494949494955	0.12085253811228595	0.13278612729045436	0.016878007523450214	1.5160702183743784e-18	0.009858199489697073	0.1724012110726836	0.19088430577132567	0.06448223538354052
45.45454545454546	0.12085253811154055	0.1327861272889702	0.016878007523144372	1.4724999086846148e-18	0.009858199489405476	0.1724012110712499	0.19088430577041376	0.06448223538220416
45.959595959595966	0.12085253811079515	0.13278612728748607	0.016878007522838533	1.4289295989948508e-18	0.00985819948911388	0.17240121106981615	0.19088430576950186	0.06448223538086778
46.46464646464647	0.12085253811004976	0.13278612728600192	0.01687800752253269	1.3853592893050873e-18	0.009858199488822283	0.1724012110683824	0.19088430576858995	0.06448223537953142
46.969696969696976	0.12085253810930435	0.13278612728451777	0.01687800752222685	1.3417889796153233e-18	0.009858199488530686	0.17240121106694867	0.19088430576767806	0.06448223537819504
47.47474747474748	0.12085253810855895	0.13278612728303363	0.01687800752192101	1.2982186699255595e-18	0.009858199488239091	0.17240121106551493	0.19088430576676615	0.06448223537685868
47.979797979797986	0.12085253810781355	0.13278612728154948	0.016878007521615168	1.254648360235796e-18	0.009858199487947495	0.1724012110640812	0.19088430576585425	0.0644822353755223
48.484848484848484	0.12085253810706816	0.13278612728006534	0.016878007521309326	1.2110780505460327e-18	0.009858199487655898	0.17240121106264747	0.19088430576494234	0.06448223537418594
48.98989898989899	0.12085253810632275	0.1327861272785812	0.016878007521003484	1.1675077408562688e-18	0.009858199487364301	0.17240121106121373	0.19088430576403043	0.06448223537284957
49.494949494949495	0.12085253810557735	0.13278612727709704	0.016878007520697645	1.123937431166505e-18	0.009858199487072705	0.17240121105977999	0.19088430576311852	0.06448223537151321
50.0	0.12085253810483194	0.1327861272756129	0.016878007520391803	1.0803671214767412e-18	0.009858199486781108	0.17240121105834627	0.1908843057622066	0.06448223537017683
