NON $ % + - .
#NON	a	b	e	c	d
0.0	0.46208880026975285	0.8363849982321607	0.9131772403717802	0.9858980037329882	0.2832434735996856
0.5050505050505051	0.38696374534245404	0.5503310577414358	0.6528560144240652	0.4627254259512047	0.25170805187870426
1.0101010101010102	0.32249267621889105	0.3950738282786624	0.4895530005940281	0.27602090153331943	0.22967702089785222
1.5151515151515151	0.2779365024387505	0.307940760640918	0.38887911186736945	0.207060367738158	0.2122257161784239
2.0202020202020203	0.2512556463548861	0.257364342863762	0.32898001026743495	0.17982330608883212	0.19957363505989126
2.5252525252525255	0.23656712281855666	0.22729627908131855	0.29441294653240896	0.16804271217220837	0.19139973697278165
3.0303030303030303	0.22880136617438496	0.20922664248086842	0.2748474923549655	0.1624881580004938	0.186568104883167
3.5353535353535355	0.22475495637610232	0.1983610501149607	0.2638954156191109	0.15970855000716294	0.1838711218091773
4.040404040404041	0.22265103393027072	0.19186085873215877	0.2578053598555896	0.15827301989672496	0.18241426900408267
4.545454545454546	0.22155460491689893	0.1880016108984467	0.254434351197456	0.15752167862545996	0.18164044694187942
5.050505050505051	0.2209815443889743	0.18572906930833313	0.2525752344799764	0.15712670948758223	0.18123254900236485
5.555555555555556	0.22068135039811887	0.18440150580513495	0.2515532247980833	0.15691890937745198	0.1810181678036245
6.0606060606060606	0.22052386970087803	0.1836316952129227	0.2509930384657509	0.15680961129866422	0.18090558697670958
6.565656565656566	0.22044118680220798	0.18318829844399712	0.2506868045746118	0.15675214508302754	0.18084646660516074
7.070707070707071	0.22039776133215944	0.1829344628593509	0.25051981678349783	0.15672194244074925	0.18081541832814868
7.575757575757576	0.22037494774857433	0.18278993960765966	0.2504289604951741	0.1567060712706793	0.180799108786898
8.080808080808081	0.22036296161944827	0.18270805983569693	0.2503796277680506	0.15669773162618714	0.1807905403159085
8.585858585858587	0.22035666390289843	0.18266187719653143	0.25035289121144905	0.15669334962532375	0.18078603852709219
9.090909090909092	0.2203533549957679	0.18263593436135783	0.2503384259043543	0.15669104718882101	0.1807836732038479
9.595959595959597	0.2203516172459138	0.1826214201772328	0.2503306153462152	0.15668983799219263	0.18078243099663507
10.101010101010102	0.22035070351378797	0.18261332091206373	0.25032639988554195	0.1566892021822844	0.18078177786101282
10.606060606060607	0.2203502226356956	0.1826088115856296	0.2503241258035759	0.15668886759201706	0.18078143411366213
11.111111111111112	0.2203499712298864	0.18260631826361112	0.250322907078449	0.15668869263617208	0.18078125441412438
11.616161616161618	0.2203498386177748	0.18260493752752813	0.2503222504855518	0.15668860037716648	0.18078115961645938
12.121212121212121	0.22034976932816322	0.1826041781186964	0.25032189945518435	0.15668855211556376	0.18078111011413658
12.626262626262626	0.22034973250249493	0.18260375772162868	0.2503217095969009	0.15668852648731899	0.18078108375451818
13.131313131313131	0.22034971300128375	0.1826035259516341	0.2503216074001059	0.15668851299410347	0.18078106983687475
13.636363636363637	0.22034970279079846	0.18260339760669247	0.25032155235302606	0.156688505784698	0.18078106258711454
14.141414141414142	0.22034969787222158	0.18260333095307138	0.2503215247474603	0.15668850223137223	0.18078105899760888
14.646464646464647	0.22034969527296472	0.18260329519726226	0.2503215102187152	0.15668850051995442	0.18078105700322314
15.151515151515152	0.22034969363787696	0.18260327474786558	0.2503215018315686	0.15668849964160905	0.18078105588819093
15.656565656565657	0.22034969270025795	0.1826032630412454	0.25032149705390905	0.15668849901762597	0.18078105548249968
16.161616161616163	0.22034969238701177	0.1826032565167207	0.2503214945469341	0.15668849846762462	0.18078105534477748
16.666666666666668	0.22034969231841903	0.18260325289754173	0.2503214932129158	0.1566884982482883	0.1807810549661931
17.171717171717173	0.2203496922085772	0.18260325057294222	0.25032149231797984	0.15668849823711004	0.18078105459816274
17.67676767676768	0.22034969218134368	0.18260324882666845	0.2503214916913695	0.15668849808549218	0.18078105450233115
18.181818181818183	0.2203496920784463	0.18260324802673447	0.2503214913671643	0.15668849805786403	0.18078105453805013
18.68686868686869	0.22034969195534085	0.18260324778723247	0.2503214912322253	0.15668849809416285	0.18078105462684005
19.191919191919194	0.22034969190514317	0.1826032474601855	0.2503214910965809	0.15668849809353755	0.18078105463692581
19.6969696969697	0.22034969186421066	0.18260324748847154	0.2503214910900726	0.15668849812491764	0.18078105465837283
20.202020202020204	0.2203496917886289	0.18260324744983303	0.25032149104599344	0.15668849817165462	0.18078105469640987
20.70707070707071	0.2203496918016072	0.18260324767351208	0.2503214911301512	0.15668849818890787	0.180781054696317
21.212121212121215	0.22034969181458552	0.18260324789719112	0.25032149121430897	0.15668849820616113	0.18078105469622413
21.71717171717172	0.2203496918240576	0.18260324805996836	0.2503214912755318	0.1566884982185872	0.18078105469629357
22.222222222222225	0.22034969182527714	0.18260324807940426	0.2503214912827739	0.15668849821965183	0.18078105469674502
22.72727272727273	0.22034969182649666	0.18260324809884018	0.250321491290016	0.15668849822071648	0.18078105469719646
23.232323232323235	0.2203496918277162	0.18260324811827608	0.2503214912972581	0.1566884982217811	0.18078105469764788
23.73737373737374	0.2203496918289357	0.182603248137712	0.2503214913045002	0.15668849822284575	0.18078105469809932
24.242424242424242	0.22034969183015524	0.18260324815714793	0.2503214913117423	0.1566884982239104	0.18078105469855074
24.747474747474747	0.22034969183137476	0.18260324817658383	0.2503214913189844	0.15668849822497502	0.18078105469900219
25.252525252525253	0.22034969183259429	0.18260324819601975	0.2503214913262265	0.15668849822603967	0.1807810546994536
25.757575757575758	0.2203496918338138	0.18260324821545568	0.2503214913334686	0.1566884982271043	0.18078105469990505
26.262626262626263	0.22034969183503333	0.18260324823489157	0.2503214913407107	0.15668849822816894	0.1807810547003565
26.767676767676768	0.22034969183625286	0.1826032482543275	0.2503214913479528	0.15668849822923356	0.1807810547008079
27.272727272727273	0.22034969183747238	0.18260324827376342	0.2503214913551949	0.1566884982302982	0.18078105470125935
27.77777777777778	0.2203496918386919	0.18260324829319932	0.250321491362437	0.15668849823136285	0.18078105470171077
28.282828282828284	0.22034969183991143	0.18260324831263525	0.25032149136967907	0.15668849823242748	0.1807810547021622
28.78787878787879	0.22034969184113096	0.18260324833207117	0.2503214913769211	0.15668849823349212	0.18078105470261366
29.292929292929294	0.22034969184235048	0.18260324835150707	0.2503214913841632	0.15668849823455674	0.18078105470306507
29.7979797979798	0.22034969184357	0.182603248370943	0.2503214913914053	0.1566884982356214	0.18078105470351652
30.303030303030305	0.2203496918446226	0.18260324838772327	0.2503214913976561	0.15668849823653813	0.18078105470390887
30.80808080808081	0.22034969184472644	0.18260324838940856	0.25032149139827187	0.15668849823661424	0.18078105470396558
31.313131313131315	0.2203496918448303	0.18260324839109388	0.25032149139888765	0.15668849823669034	0.18078105470402225
31.81818181818182	0.22034969184493414	0.18260324839277917	0.2503214913995035	0.15668849823676645	0.18078105470407893
32.323232323232325	0.22034969184503797	0.18260324839446448	0.2503214914001193	0.15668849823684255	0.1807810547041356
32.82828282828283	0.22034969184514183	0.18260324839614978	0.25032149140073506	0.15668849823691866	0.18078105470419228
33.333333333333336	0.22034969184524567	0.18260324839783507	0.25032149140135085	0.15668849823699477	0.18078105470424896
33.83838383838384	0.2203496918453495	0.18260324839952038	0.25032149140196663	0.15668849823707087	0.18078105470430564
34.343434343434346	0.22034969184545333	0.18260324840120568	0.2503214914025825	0.15668849823714698	0.18078105470436234
34.84848484848485	0.2203496918455572	0.182603248402891	0.25032149140319826	0.15668849823722308	0.18078105470441902
35.35353535353536	0.22034969184566103	0.18260324840457628	0.25032149140381404	0.1566884982372992	0.1807810547044757
35.85858585858586	0.22034969184576486	0.1826032484062616	0.25032149140442983	0.1566884982373753	0.18078105470453237
36.36363636363637	0.2203496918458687	0.1826032484079469	0.2503214914050456	0.15668849823745143	0.18078105470458905
36.86868686868687	0.22034969184597256	0.1826032484096322	0.25032149140566146	0.15668849823752753	0.18078105470464573
37.37373737373738	0.2203496918460764	0.1826032484113175	0.25032149140627724	0.15668849823760364	0.18078105470470243
37.87878787878788	0.22034969184618022	0.18260324841300282	0.250321491406893	0.15668849823767975	0.1807810547047591
38.38383838383839	0.22034969184628408	0.1826032484146881	0.2503214914075088	0.15668849823775585	0.18078105470481579
38.88888888888889	0.2203496918463878	0.1826032484163717	0.250321491408124	0.15668849823783187	0.18078105470487243
39.3939393939394	0.22034969184638883	0.1826032484163893	0.25032149140813026	0.15668849823783257	0.18078105470487307
39.8989898989899	0.2203496918463899	0.18260324841640693	0.25032149140813653	0.1566884982378333	0.18078105470487374
40.40404040404041	0.22034969184639092	0.18260324841642453	0.2503214914081428	0.156688498237834	0.1807810547048744
40.909090909090914	0.22034969184639194	0.18260324841644215	0.2503214914081491	0.15668849823783473	0.18078105470487507
41.41414141414142	0.22034969184639297	0.18260324841645975	0.25032149140815535	0.15668849823783546	0.18078105470487574
41.919191919191924	0.22034969184639402	0.18260324841647738	0.2503214914081617	0.15668849823783615	0.18078105470487638
42.42424242424243	0.22034969184639505	0.182603248416495	0.25032149140816795	0.15668849823783687	0.18078105470487704
42.929292929292934	0.22034969184639608	0.1826032484165126	0.2503214914081742	0.1566884982378376	0.1807810547048777
43.43434343434344	0.22034969184639713	0.18260324841653022	0.2503214914081805	0.15668849823783831	0.18078105470487837
43.939393939393945	0.22034969184639816	0.18260324841654782	0.25032149140818677	0.156688498237839	0.18078105470487904
44.44444444444445	0.2203496918463992	0.18260324841656544	0.2503214914081931	0.15668849823783973	0.18078105470487968
44.949494949494955	0.22034969184640021	0.18260324841658304	0.25032149140819937	0.15668849823784045	0.18078105470488035
45.45454545454546	0.22034969184640127	0.18260324841660067	0.25032149140820564	0.15668849823784117	0.180781054704881
45.959595959595966	0.2203496918464023	0.18260324841661826	0.2503214914082119	0.1566884982378419	0.18078105470488168
46.46464646464647	0.22034969184640332	0.1826032484166359	0.2503214914082182	0.1566884982378426	0.18078105470488234
46.969696969696976	0.22034969184640438	0.18260324841665349	0.2503214914082245	0.1566884982378433	0.18078105470488298
47.47474747474748	0.2203496918464054	0.1826032484166711	0.2503214914082308	0.15668849823784403	0.18078105470488365
47.979797979797986	0.22034969184640643	0.1826032484166887	0.25032149140823706	0.15668849823784475	0.18078105470488431
48.484848484848484	0.22034969184640749	0.18260324841670633	0.25032149140824334	0.15668849823784545	0.18078105470488498
48.98989898989899	0.2203496918464085	0.18260324841672396	0.2503214914082496	0.15668849823784617	0.18078105470488562
49.494949494949495	0.22034969184640954	0.18260324841674155	0.2503214914082559	0.1566884982378469	0.18078105470488628
50.0	0.22034969184641057	0.18260324841675918	0.2503214914082622	0.1566884982378476	0.18078105470488695
