NON $ % + - . 0
#NON	d	b	f	c	e	a
0.0	0.42508708343115076	0.7532292332158703	0.060790467465664855	0.6122611002255443	0.5555766928161923	0.09744684320108354
0.5050505050505051	0.18424635187315247	0.27788860407636534	0.12395244390527568	0.16788623306466893	0.34227328745427305	0.13222220101464707
1.0101010101010102	0.1027102729460705	0.11813146670953194	0.12328899700363662	0.058323990143242604	0.23560420048992664	0.13883941800117466
1.5151515151515151	0.07116937020416761	0.06152086936304621	0.11205433928474975	0.028944176459452686	0.1799754524610244	0.13458285392054875
2.0202020202020203	0.05721495787572836	0.0401136594202843	0.10271324010714872	0.01983742130145935	0.1504674570209277	0.12759871258271102
2.5252525252525255	0.050343240145481534	0.031381811128687515	0.09662965212718415	0.01642264032423997	0.13460697657377563	0.12103454581708742
3.0303030303030303	0.04672039999448983	0.027527629576027095	0.09295382516623382	0.01489451545763512	0.12595416598601103	0.11580606398784406
3.5353535353535355	0.044735785985449424	0.025697134089609493	0.09079175438451866	0.014123409293902434	0.12116575454869284	0.11196174540610258
4.040404040404041	0.04362594318377251	0.024773442224863752	0.08953388050088584	0.013707808867441251	0.11848521716031774	0.10926692813344423
4.545454545454546	0.04299835699502216	0.024285756777990573	0.0888059551348056	0.013476446810020954	0.11697213292709235	0.10743748275187436
5.050505050505051	0.04264130940700494	0.02402012442629348	0.0883860227003156	0.013345662173853514	0.11611321571671485	0.1062239119105355
5.555555555555556	0.04243749173115585	0.02387249311147195	0.08814425898777717	0.013271197565635953	0.11562384646350822	0.10543284998841973
6.0606060606060606	0.042320923980625445	0.023789406204870068	0.08800526358804188	0.013228652372459727	0.11534437292422324	0.10492421834053102
6.565656565656566	0.04225418578230838	0.023742288160139693	0.08792542758504547	0.013204303223642442	0.11518453329275365	0.10460076496765174
7.070707070707071	0.04221595332454345	0.023715445691217314	0.0878796009849931	0.013190355952329029	0.11509303136559919	0.10439692467908906
7.575757575757576	0.04219404379642627	0.02370011402749631	0.08785330540385466	0.013182364090366095	0.11504061868246053	0.10426942928473645
8.080808080808081	0.04218148437425574	0.023691341971116553	0.08783822457936083	0.013177781929497267	0.11501058796222802	0.1041901940687986
8.585858585858587	0.042174285561505875	0.02368631958641007	0.08782957323756573	0.01317515618524719	0.11499337493367377	0.1041412191316098
9.090909090909092	0.04217015898427981	0.023683442412517065	0.08782461268735084	0.013173651011942383	0.11498350930451091	0.10411109405641858
9.595959595959597	0.042167793557272626	0.0236817937530538	0.08782176922876443	0.013172788112931213	0.11497785519915997	0.1040926426279502
10.101010101010102	0.042166437348256466	0.023680848693094544	0.08782013871546705	0.01317229338204604	0.11497461355350867	0.10408138102523391
10.606060606060607	0.04216565871245232	0.02368030617223221	0.08781920257514061	0.013172009335045474	0.11497275254762016	0.10407452392207471
11.111111111111112	0.042165212864265146	0.02367999554905949	0.0878186664889854	0.013171846694080148	0.11497168693047438	0.1040703660079252
11.616161616161618	0.042164957738025435	0.023679817809651355	0.08781835956374752	0.013171753656877573	0.11497107699254644	0.10406785310876776
12.121212121212121	0.04216481099986347	0.02367971557650749	0.08781818339287219	0.013171700075402344	0.11497072657768462	0.10406633548759668
12.626262626262626	0.04216472718473306	0.023679657193942275	0.08781808236016778	0.013171669547968876	0.11497052599050152	0.10406542162998798
13.131313131313131	0.042164679449730465	0.02367962394250335	0.0878180239884769	0.013171652326294983	0.11497041082348458	0.1040648732324524
13.636363636363637	0.042164651512076344	0.02367960446400007	0.08781799124336875	0.01317164197113115	0.1149703449768841	0.10406454397618853
14.141414141414142	0.04216463490705115	0.023679592893396502	0.08781797382962697	0.013171635408327479	0.11497030813064597	0.10406434679332216
14.646464646464647	0.04216462646658747	0.023679587030206686	0.08781796137904391	0.013171632778930699	0.11497028541473513	0.10406422856323673
15.151515151515152	0.042164623341667526	0.023679584867242424	0.08781795013267571	0.01317163312245393	0.11497026962642076	0.10406415698215044
15.656565656565657	0.0421646203075462	0.023679582748153266	0.08781794608626442	0.013171632100096755	0.11497026192743218	0.10406411334790912
16.161616161616163	0.042164614400728315	0.023679578592612244	0.08781795380734286	0.013171627011796057	0.11497026426123773	0.10406409107224521
16.666666666666668	0.0421646150358078	0.02367957905486078	0.08781794888581425	0.013171628366130991	0.11497025947454831	0.1040640752983851
17.171717171717173	0.04216461475449804	0.023679578861763126	0.0878179474976906	0.013171628470774696	0.1149702576370793	0.10406406605025012
17.67676767676768	0.04216461448004338	0.023679578671619694	0.08781794671570274	0.013171628459832954	0.1149702564793123	0.1040640595712962
18.181818181818183	0.04216461427636358	0.023679578529518835	0.08781794651005011	0.013171628377799607	0.11497025603594893	0.10406405632732818
18.68686868686869	0.04216461413769873	0.023679578432964105	0.08781794630650669	0.013171628334485737	0.11497025566361636	0.10406405380810378
19.191919191919194	0.0421646140660071	0.02367957838280426	0.08781794630029958	0.013171628292557445	0.11497025558105045	0.10406405286706272
19.6969696969697	0.04216461398924118	0.02367957832915827	0.08781794626782193	0.01317162825275721	0.11497025546396615	0.10406405176079135
20.202020202020204	0.042164614012669126	0.023679578345426437	0.0878179463318838	0.013171628254225751	0.11497025555984729	0.10406405222006752
20.70707070707071	0.042164614026636904	0.02367957835513454	0.08781794636555215	0.013171628255993863	0.11497025561198544	0.10406405247934779
21.212121212121215	0.042164614033840184	0.023679578360151877	0.0878179463774876	0.013171628257976187	0.1149702556328452	0.10406405259562099
21.71717171717172	0.04216461404104346	0.023679578365169214	0.08781794638942306	0.01317162825995851	0.11497025565370494	0.1040640527118942
22.222222222222225	0.04216461404824674	0.02367957837018655	0.08781794640135851	0.013171628261940833	0.1149702556745647	0.1040640528281674
22.72727272727273	0.04216461405545002	0.02367957837520389	0.08781794641329396	0.013171628263923157	0.11497025569542445	0.10406405294444061
23.232323232323235	0.0421646140626533	0.023679578380221226	0.08781794642522942	0.01317162826590548	0.1149702557162842	0.10406405306071383
23.73737373737374	0.04216461406486655	0.023679578381763475	0.08781794642837519	0.013171628266617372	0.11497025572211382	0.10406405309563495
24.242424242424242	0.042164614066747236	0.02367957838307412	0.08781794643093514	0.013171628267244592	0.1149702557269417	0.10406405312513414
24.747474747474747	0.04216461406862791	0.023679578384384763	0.08781794643349511	0.013171628267871813	0.11497025573176957	0.10406405315463334
25.252525252525253	0.04216461407050859	0.023679578385695406	0.08781794643605506	0.013171628268499033	0.11497025573659744	0.10406405318413253
25.757575757575758	0.04216461407238927	0.023679578387006052	0.08781794643861503	0.013171628269126254	0.11497025574142532	0.10406405321363174
26.262626262626263	0.042164614073746075	0.023679578387951608	0.08781794644045915	0.013171628269579301	0.11497025574490533	0.10406405323492629
26.767676767676768	0.04216461407383242	0.023679578388011782	0.0878179464405673	0.013171628269609948	0.11497025574511653	0.1040640532363235
27.272727272727273	0.04216461407391878	0.023679578388071956	0.08781794644067545	0.013171628269640596	0.11497025574532775	0.10406405323772074
27.77777777777778	0.042164614074005125	0.023679578388132134	0.0878179464407836	0.013171628269671245	0.11497025574553896	0.10406405323911797
28.282828282828284	0.04216461407409147	0.023679578388192308	0.08781794644089175	0.013171628269701892	0.11497025574575018	0.1040640532405152
28.78787878787879	0.04216461407417782	0.023679578388252482	0.0878179464409999	0.013171628269732541	0.11497025574596138	0.10406405324191242
29.292929292929294	0.042164614074264174	0.02367957838831266	0.08781794644110805	0.013171628269763189	0.1149702557461726	0.10406405324330964
29.7979797979798	0.04216461407435052	0.023679578388372834	0.0878179464412162	0.013171628269793838	0.11497025574638381	0.10406405324470687
30.303030303030305	0.04216461407443687	0.023679578388433008	0.08781794644132435	0.013171628269824485	0.11497025574659503	0.1040640532461041
30.80808080808081	0.04216461407452322	0.023679578388493185	0.0878179464414325	0.013171628269855132	0.11497025574680624	0.10406405324750133
31.313131313131315	0.042164614074609565	0.02367957838855336	0.08781794644154065	0.013171628269885782	0.11497025574701746	0.10406405324889854
31.81818181818182	0.04216461407469592	0.023679578388613537	0.0878179464416488	0.013171628269916429	0.11497025574722866	0.10406405325029577
32.323232323232325	0.04216461407478227	0.02367957838867371	0.08781794644175694	0.013171628269947078	0.11497025574743988	0.104064053251693
32.82828282828283	0.042164614074868614	0.023679578388733885	0.0878179464418651	0.013171628269977725	0.1149702557476511	0.10406405325309023
33.333333333333336	0.04216461407495496	0.023679578388794063	0.08781794644197326	0.013171628270008373	0.11497025574786231	0.10406405325448746
33.83838383838384	0.042164614075041316	0.023679578388854237	0.08781794644208141	0.013171628270039022	0.11497025574807353	0.10406405325588468
34.343434343434346	0.042164614075127664	0.02367957838891441	0.08781794644218956	0.01317162827006967	0.11497025574828473	0.10406405325728191
34.84848484848485	0.04216461407521401	0.02367957838897459	0.0878179464422977	0.013171628270100318	0.11497025574849595	0.10406405325867914
35.35353535353536	0.04216461407530036	0.023679578389034762	0.08781794644240586	0.013171628270130966	0.11497025574870716	0.10406405326007637
35.85858585858586	0.042164614075386714	0.023679578389094937	0.087817946442514	0.013171628270161613	0.11497025574891838	0.1040640532614736
36.36363636363637	0.04216461407547306	0.023679578389155114	0.08781794644262216	0.013171628270192262	0.11497025574912959	0.10406405326287081
36.86868686868687	0.04216461407555941	0.023679578389215288	0.0878179464427303	0.01317162827022291	0.1149702557493408	0.10406405326426804
37.37373737373738	0.04216461407564576	0.023679578389275466	0.08781794644283845	0.013171628270253559	0.11497025574955201	0.10406405326566527
37.87878787878788	0.04216461407573211	0.02367957838933564	0.0878179464429466	0.013171628270284206	0.11497025574976323	0.1040640532670625
38.38383838383839	0.04216461407581846	0.023679578389395814	0.08781794644305475	0.013171628270314853	0.11497025574997444	0.10406405326845973
38.88888888888889	0.042164614075904806	0.02367957838945599	0.0878179464431629	0.013171628270345502	0.11497025575018566	0.10406405326985695
39.3939393939394	0.042164614075991154	0.023679578389516166	0.08781794644327105	0.01317162827037615	0.11497025575039686	0.10406405327125418
39.8989898989899	0.04216461407607751	0.02367957838957634	0.0878179464433792	0.013171628270406799	0.11497025575060808	0.1040640532726514
40.40404040404041	0.042164614076163856	0.023679578389636517	0.08781794644348737	0.013171628270437446	0.11497025575081929	0.10406405327404863
40.909090909090914	0.042164614076250204	0.02367957838969669	0.08781794644359552	0.013171628270468094	0.11497025575103051	0.10406405327544586
41.41414141414142	0.04216461407633655	0.023679578389756865	0.08781794644370366	0.013171628270498743	0.11497025575124172	0.10406405327684308
41.919191919191924	0.042164614076422906	0.023679578389817043	0.08781794644381181	0.01317162827052939	0.11497025575145293	0.10406405327824031
42.42424242424243	0.04216461407650925	0.023679578389877217	0.08781794644391996	0.013171628270560039	0.11497025575166414	0.10406405327963754
42.929292929292934	0.0421646140765956	0.023679578389937395	0.08781794644402811	0.013171628270590686	0.11497025575187536	0.10406405328103477
43.43434343434344	0.04216461407668195	0.02367957838999757	0.08781794644413626	0.013171628270621334	0.11497025575208657	0.104064053282432
43.939393939393945	0.042164614076768296	0.023679578390057743	0.08781794644424441	0.013171628270651983	0.11497025575229779	0.10406405328382921
44.44444444444445	0.04216461407685465	0.02367957839011792	0.08781794644435256	0.01317162827068263	0.11497025575250899	0.10406405328522644
44.949494949494955	0.042164614076941	0.023679578390178094	0.08781794644446071	0.01317162827071328	0.11497025575272021	0.10406405328662367
45.45454545454546	0.042164614077027346	0.02367957839023827	0.08781794644456886	0.013171628270743927	0.11497025575293142	0.1040640532880209
45.959595959595966	0.04216461407705304	0.023679578390256174	0.08781794644460095	0.013171628270753064	0.11497025575299416	0.10406405328843896
46.46464646464647	0.04216461407705692	0.02367957839025888	0.08781794644460568	0.013171628270754469	0.11497025575300351	0.10406405328850499
46.969696969696976	0.042164614077060805	0.023679578390261587	0.08781794644461041	0.013171628270755874	0.11497025575301287	0.104064053288571
47.47474747474748	0.04216461407706469	0.023679578390264293	0.08781794644461514	0.013171628270757277	0.11497025575302222	0.10406405328863703
47.979797979797986	0.04216461407706858	0.023679578390267	0.08781794644461988	0.013171628270758682	0.11497025575303157	0.10406405328870307
48.484848484848484	0.042164614077072456	0.023679578390269705	0.08781794644462461	0.013171628270760087	0.11497025575304093	0.1040640532887691
48.98989898989899	0.04216461407707634	0.02367957839027241	0.08781794644462934	0.01317162827076149	0.11497025575305027	0.10406405328883513
49.494949494949495	0.04216461407708023	0.023679578390275118	0.08781794644463407	0.013171628270762896	0.11497025575305962	0.10406405328890116
50.0	0.042164614077084106	0.023679578390277824	0.0878179464446388	0.013171628270764301	0.11497025575306898	0.10406405328896719
