NON $ % + - .
#NON	b	a	c	d	e
0.0	0.9938319668768384	0.34872632419664207	0.744114579272104	0.8641098610676258	0.2710216794752772
0.5050505050505051	0.3585292118392344	0.27127266660864996	0.2531479145366362	0.3503751812885743	0.22921711836577693
1.0101010101010102	0.13693948165735656	0.20279788197584178	0.09383810916404327	0.17819814484028515	0.1829029472977986
1.5151515151515151	0.056404623672703845	0.14953264013106582	0.03876699075126792	0.10681396827200211	0.13898724688663736
2.0202020202020203	0.025523502429923448	0.11114949359045795	0.0181067373972639	0.07108275773244219	0.10319226497611055
2.5252525252525255	0.012859802552930951	0.08461754708662536	0.009564664217726504	0.05087907635322928	0.07676886188007055
3.0303030303030303	0.007252036542590884	0.06656951155998411	0.0056606293092736895	0.03860341489183562	0.05836408316398134
3.5353535353535355	0.004560361978851518	0.05428943762445414	0.0037045829088322526	0.03078972498104888	0.04591973867569368
4.040404040404041	0.003162985304365794	0.04586589306670468	0.002644452827749449	0.025647623294624153	0.03759428294373027
4.545454545454546	0.0023837810907492273	0.04002769731891049	0.0020312956776215125	0.022178582505484424	0.03201439129191639
5.050505050505051	0.0019216691815968148	0.035940903925603826	0.0016573417370593505	0.01979391366984893	0.02824021977908993
5.555555555555556	0.0016333757070908354	0.03305496484305463	0.0014193195513007401	0.018130857608800906	0.025655061940184555
6.0606060606060606	0.0014461437467273915	0.03100169676951022	0.0012625833160384778	0.016957875891497182	0.023860745828325168
6.565656565656566	0.0013207106715338998	0.029531501599301842	0.0011565930074339055	0.016123071727708153	0.022600048189310495
7.070707070707071	0.0012346736560796708	0.028473189767101947	0.0010834329767411474	0.015524688516983196	0.021705080113419227
7.575757575757576	0.0011746019540278083	0.027707972167304355	0.001032134549956646	0.015093306915929224	0.02106439298074183
8.080808080808081	0.0011321062332603396	0.027152717625543988	0.0009957396886467217	0.014780941151789342	0.020602779352773833
8.585858585858587	0.0011017480119831207	0.02674868898572272	0.0009696878327800732	0.014553983078274794	0.020268558608989497
9.090909090909092	0.0010799033213585458	0.02645405304145327	0.0009509156406299419	0.014388648111884794	0.020025684670367038
9.595959595959597	0.0010641025314747422	0.026238837149725896	0.0009373238643329724	0.014267968960370827	0.019848721027096092
10.101010101010102	0.0010526284554939697	0.026081436576158832	0.0009274469793855106	0.01417975591664132	0.019719525906582193
10.606060606060607	0.0010442735353179164	0.02596622158961907	0.0009202514191653902	0.014115210041374601	0.019625077675318597
11.111111111111112	0.0010381755100183588	0.025881811785516004	0.0009149976993932254	0.014067934788049193	0.019555944469998015
11.616161616161618	0.0010337176539211722	0.02581993638960688	0.0009111560699501561	0.014033287179076275	0.019505300070966968
12.121212121212121	0.0010304560846622374	0.02577456958523872	0.0009083448080839134	0.014007887404186353	0.01946818602278521
12.626262626262626	0.0010280672691110057	0.025741293402246616	0.000906285518311108	0.013989258877854651	0.019440972442056066
13.131313131313131	0.0010263161202095717	0.02571687477182636	0.0009047757918812666	0.013975589913476688	0.0194210073397598
13.636363636363637	0.0010250322759048091	0.02569895667436727	0.0009036688591145536	0.013965560339534536	0.019406360059612177
14.141414141414142	0.001024091029820058	0.025685811099985134	0.0009028572627372594	0.013958202520044377	0.019395615798269216
14.646464646464647	0.0010234005663514502	0.025676164478031987	0.0009022618809370288	0.013952803340300886	0.019387732035051675
15.151515151515152	0.001022893680956335	0.025669081850543236	0.0009018247908546139	0.013948839294996457	0.019381943920574466
15.656565656565657	0.0010225215120358835	0.02566388046473923	0.0009015038646259968	0.01394592814825951	0.019377693376724008
16.161616161616163	0.0010222483526468418	0.025660061481999997	0.0009012683103905522	0.01394379072392567	0.019374572733509
16.666666666666668	0.0010220480225024407	0.02565725979683398	0.0009010955535812742	0.01394222269934663	0.019372283520627802
17.171717171717173	0.0010219010093206035	0.025655204045959702	0.0009009687730406649	0.013941072201435102	0.019370603794523773
17.67676767676768	0.0010217930017349987	0.025653694006491583	0.0009008756322357345	0.013940227095292497	0.019369369924105165
18.181818181818183	0.0010217136093637383	0.025652583828819943	0.0009008071695139612	0.01393960574228688	0.019368462789559712
18.68686868686869	0.0010216552751131085	0.025651767828269768	0.0009007568646222283	0.013939149039211588	0.019367796058369607
19.191919191919194	0.0010216124499193328	0.025651168711557443	0.0009007199320057851	0.013938813747939434	0.019367306560577197
19.6969696969697	0.0010215810327176037	0.025650729298307588	0.0009006928371346664	0.01393856784750279	0.01936694755147094
20.202020202020204	0.0010215580838916856	0.025650408466710125	0.0009006730454023782	0.013938388317109338	0.019366685424586565
20.70707070707071	0.001021541228412664	0.025650172785237124	0.0009006585110105916	0.013938256401829137	0.019366492854870423
21.212121212121215	0.0010215288309386372	0.025649999364031773	0.0009006478210605036	0.013938159325883857	0.019366351148862242
21.71717171717172	0.0010215197151882008	0.02564987176926164	0.0009006399609950439	0.013938087895273881	0.01936624688344023
22.222222222222225	0.0010215129385911154	0.025649776911328335	0.0009006341162702654	0.013938034813020469	0.019366169377605196
22.72727272727273	0.0010215079341104254	0.025649706889699128	0.0009006297995465247	0.013937995636865826	0.019366112173424866
23.232323232323235	0.0010215042533064606	0.025649655443719752	0.0009006266243997366	0.013937966859548555	0.019366070152506614
23.73737373737374	0.0010215015548626434	0.02564961773302459	0.0009006242976518788	0.013937945752210839	0.019366039347817873
24.242424242424242	0.0010214995855221142	0.02564959020483694	0.000900622599959373	0.013937930338496468	0.019366016854960946
24.747474747474747	0.0010214981908893217	0.025649570698704598	0.0009006213986168781	0.013937919403231067	0.019366000907042838
25.252525252525253	0.0010214971794412437	0.025649556543208493	0.0009006205270427105	0.013937911471047847	0.019365989328948813
25.757575757575758	0.001021496430897226	0.02564954605157565	0.0009006198811218458	0.01393790560302822	0.019365980746731574
26.262626262626263	0.0010214958901143564	0.025649538465357044	0.0009006194142808691	0.013937901362373245	0.019365974543873822
26.767676767676768	0.0010214954441648814	0.025649532230514856	0.0009006190287094704	0.013937897886808819	0.019365969458898645
27.272727272727273	0.0010214951069383849	0.025649527512419206	0.0009006187370058001	0.013937895258522431	0.019365965615857204
27.77777777777778	0.001021494830212623	0.025649523647947193	0.0009006184983792641	0.013937893096279397	0.0193659624699635
28.282828282828284	0.001021494612173866	0.025649520609472353	0.000900618310436754	0.013937891395590674	0.01936595999790602
28.78787878787879	0.0010214944521162966	0.02564951837166739	0.0009006181727981655	0.013937890137936653	0.01936595816760249
29.292929292929294	0.001021494337078936	0.025649516765641398	0.0009006180741622618	0.013937889231467973	0.019365956849868443
29.7979797979798	0.0010214942577990325	0.02564951565682318	0.0009006180059090049	0.013937888609114197	0.01936595593646838
30.303030303030305	0.00102149421108696	0.025649515000145787	0.0009006179655572693	0.01393788824204018	0.019365955391438927
30.80808080808081	0.0010214941785883834	0.02564951454287424	0.0009006179373302321	0.01393788798857163	0.019365955015199058
31.313131313131315	0.0010214941736065746	0.025649514466193693	0.0009006179324605259	0.013937887952872485	0.019365954950672053
31.81818181818182	0.0010214941930236417	0.025649514726588763	0.0009006179484033965	0.013937888108623122	0.019365955161085684
32.323232323232325	0.0010214942046694547	0.025649514882521766	0.0009006179580304883	0.013937888201179074	0.01936595529212494
32.82828282828283	0.0010214941883517703	0.02564951465656896	0.0009006179444247289	0.013937888068960631	0.01936595511847974
33.333333333333336	0.0010214941972860182	0.02564951477875623	0.0009006179518768527	0.013937888140881797	0.019365955227865418
33.83838383838384	0.0010214941958638032	0.025649514759633275	0.0009006179506454391	0.013937888130561845	0.019365955220432877
34.343434343434346	0.0010214941767080117	0.025649514496809925	0.0009006179345289982	0.013937887978416578	0.019365955007151117
34.84848484848485	0.0010214941477047095	0.025649514099018857	0.000900617910092641	0.013937887748499874	0.01936595468090912
35.35353535353536	0.001021494118078959	0.025649513692982653	0.0009006178850216823	0.013937887515328685	0.019365954348555956
35.85858585858586	0.0010214940891087414	0.025649513294572126	0.0009006178603532978	0.013937887288397111	0.01936595401880059
36.36363636363637	0.001021494068422017	0.025649513007487246	0.0009006178424474128	0.013937887128491186	0.01936595377635951
36.86868686868687	0.0010214940429579243	0.025649512655284153	0.0009006178206050667	0.013937886929783583	0.019365953480785833
37.37373737373738	0.0010214940243127703	0.025649512395818044	0.0009006178045155888	0.01393788678458144	0.019365953262499604
37.87878787878788	0.0010214940163376929	0.02564951228216999	0.000900617797497946	0.013937886722696202	0.019365953168578
38.38383838383839	0.0010214940169504488	0.025649512286303314	0.0009006177977981957	0.013937886727868384	0.019365953173876783
38.88888888888889	0.0010214940215438008	0.025649512345767796	0.0009006178015229935	0.013937886764075555	0.019365953223735927
39.3939393939394	0.001021494028774131	0.025649512443010822	0.0009006178076182689	0.013937886820244784	0.019365953306252636
39.8989898989899	0.0010214940331125912	0.025649512502974852	0.0009006178114348555	0.013937886852869674	0.019365953358823886
40.40404040404041	0.0010214940443035792	0.02564951265751831	0.0009006178210886665	0.013937886939374408	0.019365953490311786
40.909090909090914	0.0010214940533606772	0.025649512783760778	0.0009006178289481143	0.01393788700946924	0.01936595359720631
41.41414141414142	0.0010214940564629669	0.025649512828884898	0.0009006178317047808	0.013937887033738732	0.019365953634156576
41.919191919191924	0.0010214940728655907	0.025649513061005054	0.0009006178461890838	0.013937887159582088	0.019365953833618874
42.42424242424243	0.0010214941091296835	0.025649513571298584	0.0009006178781207331	0.013937887437309976	0.019365954274452864
42.929292929292934	0.0010214941462946849	0.025649514095462456	0.0009006179109021687	0.013937887721918662	0.01936595472721363
43.43434343434344	0.001021494181153658	0.025649514588207436	0.000900617941677621	0.013937887989148759	0.019365955151951417
43.939393939393945	0.001021494209902865	0.025649514995683225	0.0009006179670490052	0.013937888210284625	0.019365955501017818
44.44444444444445	0.0010214942281417656	0.025649515255478487	0.0009006179830759213	0.013937888352154355	0.01936595571906576
44.949494949494955	0.0010214942308730177	0.025649515296620816	0.0009006179852756547	0.013937888377129778	0.01936595574304952
45.45454545454546	0.0010214942125024767	0.02564951503957677	0.0009006179686231758	0.013937888243126464	0.01936595550222471
45.959595959595966	0.0010214941954627228	0.025649514802358456	0.0009006179532706554	0.013937888118361016	0.019365955281047918
46.46464646464647	0.0010214942101753341	0.025649515016231066	0.0009006179665426738	0.013937888231011518	0.01936595546513102
46.969696969696976	0.0010214942216144555	0.02564951518380701	0.0009006179769503107	0.013937888318236903	0.019365955610186995
47.47474747474748	0.0010214942286296538	0.025649515288224765	0.0009006179834371632	0.013937888371378888	0.01936595570128175
47.979797979797986	0.0010214942299578732	0.02564951531093122	0.000900617984839569	0.013937888380955634	0.01936595572192112
48.484848484848484	0.0010214942242234332	0.02564951523168165	0.0009006179798866061	0.01393788833666174	0.019365955654050887
48.98989898989899	0.0010214942099380292	0.025649515028539745	0.0009006179672000936	0.013937888227368253	0.019365955478056744
49.494949494949495	0.0010214941855007332	0.025649514677877575	0.000900617945294591	0.013937888041122656	0.019365955172764324
50.0	0.0010214941563474506	0.025649514258991847	0.0009006179191468212	0.013937887818807655	0.019365954808572415
