NON $ % + - . 0
#NON	e	a	c	f	d	b
0.0	0.5776155270572488	0.16447973868174304	0.7883002127062038	0.03472870901111669	0.537463334279363	0.8396256263210957
0.42016806722689076	0.3094260603158853	0.14273376872923155	0.3704035807332362	0.06718108525670455	0.3790131268722194	0.5306106751992611
0.8403361344537815	0.19963956639863895	0.11729546556147656	0.21256952374034818	0.060921740678313796	0.26749766410390163	0.3691858714425285
1.2605042016806722	0.1497581809435121	0.09480553488087098	0.14817734212507452	0.04851082351814821	0.18964473412130994	0.2785666015150857
1.680672268907563	0.1262095564806471	0.07710932059534897	0.12070187594867987	0.03805316569665693	0.1356827281112452	0.2228555192438958
2.100840336134454	0.11558889091511103	0.06389149402869924	0.10932656026841656	0.030494177114771898	0.0984091201770392	0.1852482079998526
2.5210084033613445	0.11165663779491297	0.054171472930844136	0.10552641364527962	0.025165013990865067	0.07263706194593461	0.1578029380280823
2.9411764705882355	0.11118787732081696	0.04697347260952628	0.10540979407760905	0.021326006368106495	0.054727958437043825	0.13666538307776482
3.361344537815126	0.11242708678036685	0.04153835074111316	0.10703939365422868	0.018462096529416768	0.04218070628766861	0.11985923398083258
3.7815126050420167	0.1144064940311856	0.03733575042313617	0.10940060698987188	0.016256504626340956	0.0332978709621307	0.10627560487203538
4.201680672268908	0.11660108808446717	0.03401322481495339	0.11195535075948385	0.014518590851426014	0.02693432152728808	0.09521660700447235
4.621848739495799	0.11873847512250991	0.031339870471505916	0.11442574586198502	0.013129625309660572	0.022317974936724258	0.08619144818789937
5.042016806722689	0.12068960387075724	0.02916241054704732	0.11667942121517871	0.012010751069486693	0.018926406950517657	0.07882551276263632
5.46218487394958	0.1224050994269439	0.027375565675719103	0.11866521567023704	0.011105834052037503	0.01640375202174863	0.0728188989268485
5.882352941176471	0.12387822760417985	0.025903594256962183	0.12037613229812939	0.010372611606521987	0.014505408022251663	0.06792613530364493
6.302521008403361	0.1251236100932713	0.02468932389542219	0.12182786866613372	0.009778065171192124	0.013061447020903208	0.06394478343369932
6.722689075630252	0.12616522546854828	0.023687789041947748	0.12304647632809013	0.009295844557134276	0.011952396155232007	0.060707800231861384
7.142857142857143	0.12702986575670025	0.02286256463716392	0.12406143898355956	0.00890470124236387	0.011093203629355375	0.058077677568729426
7.563025210084033	0.12774372281698168	0.022183602621701715	0.12490192612337388	0.008587428389665175	0.010422542287285076	0.05594159597391378
7.983193277310924	0.12833076616544162	0.021625876547556554	0.12559492294869062	0.008330068771708549	0.009895622728206955	0.05420726523610136
8.403361344537815	0.12881211310677648	0.021168467351735585	0.12616443209224287	0.008121298754931994	0.009479326530455447	0.05279937820769451
8.823529411764707	0.12920592965598282	0.020793888257108428	0.1266312744044402	0.007951932898758455	0.009148874596847503	0.05165660153145873
9.243697478991598	0.12952759800489824	0.02048754965907075	0.127013206661844	0.00781452248246697	0.008885522919040092	0.05072905230262119
9.663865546218487	0.12979000231404772	0.020237313183650015	0.12732519289513555	0.00770302830693897	0.00867495007632064	0.04997619900893407
10.084033613445378	0.13000385214284685	0.020033110380000062	0.12757973573811243	0.0076125539309035	0.008506113288016398	0.049365126443366276
10.504201680672269	0.13017799926243548	0.019866615696212273	0.1277872139678042	0.007539129886800145	0.008370431946744356	0.048869118313994236
10.92436974789916	0.13031972992385274	0.01973096593437951	0.127956199864404	0.007479539926547236	0.008261190436060198	0.04846649876199426
11.344537815126051	0.13043502495372586	0.019620511859557047	0.12809375357856276	0.007431172212365419	0.00817309852959528	0.048139666053253816
11.764705882352942	0.13052877962461415	0.019530619231086083	0.12820566696042424	0.007391911118094405	0.008101973391005601	0.04787434742311575
12.184873949579831	0.13060499641830078	0.019457492727625127	0.12829668263768212	0.007360042465497666	0.008044486820480114	0.04765896235440816
12.605042016806722	0.13066694062917197	0.01939802580795031	0.12837067965099566	0.007334172627133541	0.007997984228000828	0.04748410816967809
13.025210084033613	0.13071727339429426	0.019349680885284916	0.1284308245397157	0.0073131703348132855	0.0079603418740227	0.04734215502758601
13.445378151260504	0.13075816728868925	0.019310388443624624	0.12847969919828098	0.007296122630418283	0.007929854651967863	0.04722691440823077
13.865546218487395	0.13079139084612576	0.019278458211926766	0.12851941094903105	0.0072822842008388655	0.007905148367289262	0.04713335230349345
14.285714285714286	0.13081837246716385	0.01925251236803731	0.12855167500898526	0.00727104266361561	0.007885120746154583	0.04705738313248171
14.705882352941178	0.13084028854060456	0.01923143263626859	0.1285778849542445	0.007261915831392466	0.007868880774427203	0.04699570079245621
15.126050420168067	0.13085809973298737	0.01921431076525761	0.1285991728781978	0.007254515409287574	0.007855708851883296	0.04694562581189492
15.546218487394958	0.1308725528419995	0.019200402024177117	0.12861646398821636	0.00724849711614704	0.00784502309538243	0.046904963827571956
15.966386554621849	0.13088429227931803	0.019189105558854596	0.12863050684041888	0.007243612403345838	0.00783635296966176	0.046871949995702156
16.386554621848738	0.13089382657726342	0.01917993130046932	0.12864191104001502	0.007239647260996708	0.007829317395121453	0.04684514566145816
16.80672268907563	0.13090156875259193	0.019172480733600908	0.12865117223561645	0.00723642781662033	0.007823607484565133	0.04682338223840496
17.22689075630252	0.130907855777241	0.019166430200666728	0.12865869293154888	0.007233813885633686	0.00781897302777846	0.046805711553146716
17.647058823529413	0.1309129613578421	0.01916151647269346	0.12866480044704998	0.007231691425346665	0.007815210962633682	0.04679136301227064
18.067226890756302	0.1309171078605329	0.01915752562879235	0.12866976076536008	0.00722996780535341	0.007812156556465682	0.04677971074776568
18.487394957983195	0.13092047468226492	0.019154284800529633	0.1286737887813825	0.007228568143973211	0.0078096769463327255	0.04677024928755655
18.907563025210084	0.13092320731922288	0.019151654031111527	0.12867705848554592	0.007227431954882718	0.007807664639812136	0.0467625695073544
19.327731092436974	0.13092542646015287	0.019149517828337664	0.1286797134950626	0.007226509553873055	0.0078060309026067205	0.046756333829206354
19.747899159663866	0.13092722938734327	0.01914778328008931	0.12868186934009665	0.007225761014042078	0.007804704457555892	0.04675127085240869
20.168067226890756	0.13092869391037562	0.019146374738565026	0.12868361997622949	0.007225153269101876	0.007803627468690632	0.046747159665765994
20.58823529411765	0.13092988280691137	0.01914523024644862	0.1286850423560006	0.007224658882118942	0.00780275255502177	0.04674381925843455
21.008403361344538	0.13093084403060362	0.019144301662926383	0.12868619627245168	0.007224256284719693	0.007802042916578052	0.046741108977617685
21.42857142857143	0.13093161993011473	0.019143547579653038	0.1286871333254565	0.007223927718380124	0.007801466676901222	0.04673890792199323
21.84873949579832	0.13093226061018468	0.01914293588151339	0.12868789369263794	0.0072236660617332514	0.007800998966764335	0.04673712285983606
22.26890756302521	0.1309327789185275	0.019142439022512486	0.1286885112982299	0.007223452724047072	0.00780061908780679	0.04673567291229579
22.689075630252102	0.13093319983061077	0.019142035549074995	0.12868901279741152	0.007223279304223295	0.007800310647569312	0.046734495464205224
23.10924369747899	0.1309335404769701	0.019141707914279646	0.12868942001234784	0.007223138027860695	0.007800060212814742	0.0467335393100693
23.529411764705884	0.1309338171225053	0.019141441693405547	0.12868975088746715	0.007223023156098763	0.007799856736477474	0.0467327623819269
23.949579831932773	0.13093404206239856	0.01914122520842493	0.12869001994336643	0.00722292972429555	0.00779969128277909	0.0467321306029654
24.369747899159663	0.13093422489854514	0.019141049251493906	0.1286902386268521	0.00722285377453914	0.007799556809146356	0.04673161710128082
24.789915966386555	0.1309343719575495	0.01914090770534834	0.12869041454235405	0.007222792667338221	0.007799448637254907	0.04673120402408131
25.210084033613445	0.13093449350884523	0.01914079067562862	0.12869055998866089	0.007222742144084262	0.007799359201849916	0.046730862495741335
25.630252100840337	0.13093458970351737	0.019140698012357894	0.1286906751519558	0.007222702140087375	0.007799288388644784	0.04673059207855178
26.050420168067227	0.1309346672191031	0.01914062327613088	0.1286907680357864	0.007222669884711202	0.007799231275186891	0.04673037397978954
26.47058823529412	0.1309347313155859	0.019140561385347487	0.12869084495605324	0.007222643194055555	0.007799183977004974	0.04673019336926362
26.89075630252101	0.13093478339849404	0.019140510937881237	0.12869090765488642	0.00722262147492644	0.007799145423172933	0.04673004615465555
27.310924369747898	0.1309348260270745	0.01914046941735351	0.1286909592594188	0.007222603653089585	0.0077991136908394446	0.046729924991775675
27.73109243697479	0.13093486013839023	0.019140435764809706	0.12869100108464535	0.007222589289126844	0.007799087972285743	0.04672982678874653
28.15126050420168	0.1309348869737743	0.019140408633267547	0.12869103480372146	0.007222577818727128	0.0077990672393565405	0.046729747613268736
28.571428571428573	0.13093490731199378	0.019140386829533753	0.12869106189937263	0.007222568754154095	0.007799050580233586	0.04672968398114409
28.991596638655462	0.13093492212058896	0.019140369246224496	0.12869108374797983	0.007222561612168947	0.007799037148333476	0.046729632659385734
29.411764705882355	0.1309349358225957	0.01914035564111059	0.12869110065427347	0.007222555803882741	0.0077990267545867955	0.04672959295209366
29.831932773109244	0.13093494878870632	0.01914034464602451	0.1286911143178183	0.00722255083463979	0.007799018354157772	0.04672956086275984
30.252100840336134	0.13093496224036613	0.019140335369648088	0.12869112584680273	0.007222546276741557	0.007799011265341196	0.04672953379097208
30.672268907563026	0.13093497145323538	0.019140328464102123	0.12869113442878768	0.0072225429934044925	0.007799005988853746	0.04672951363749025
31.092436974789916	0.13093497897051334	0.019140322694960427	0.12869114159891895	0.007222540269958369	0.0077990015801366434	0.046729496801287074
31.51260504201681	0.13093498500044878	0.019140317535204333	0.12869114801216539	0.007222537928042469	0.007798997636449028	0.04672948174444824
31.932773109243698	0.13093498972005052	0.019140313718564825	0.12869115275597906	0.007222536159155074	0.007798994719372391	0.046729470606825876
32.35294117647059	0.1309349933446976	0.019140310430266764	0.12869115684310248	0.007222534700517976	0.007798992206066665	0.046729461011083565
32.773109243697476	0.13093499702939662	0.01914030685682446	0.12869116128423622	0.007222533159854726	0.007798989475293827	0.046729450582707825
33.19327731092437	0.1309349985573416	0.01914030497099034	0.12869116362837651	0.007222532403059739	0.007798988033633985	0.04672944507994511
33.61344537815126	0.13093500017511472	0.019140303127567333	0.1286911659195676	0.007222531649847699	0.007798986624686483	0.04672943970058308
34.03361344537815	0.1309350018396891	0.019140301357217743	0.12869116811973824	0.007222530914270845	0.007798985271838626	0.04672943453415917
34.45378151260504	0.13093500315834336	0.019140299939806732	0.12869116988139967	0.007222530324588662	0.007798984188554142	0.04672943039791117
34.87394957983194	0.130935004374196	0.019140298702080685	0.12869117141966865	0.0072225298014006985	0.007798983242685953	0.046729426785918994
35.294117647058826	0.13093500548724704	0.0191402976440396	0.1286911727345452	0.007222529344706954	0.007798982434234058	0.04672942369818264
35.714285714285715	0.13093500647064174	0.01914029674143384	0.12869117385622147	0.007222528950602663	0.007798981744596927	0.04672942106401762
36.134453781512605	0.13093500728295737	0.019140295956858913	0.12869117483126832	0.007222528613064811	0.007798981145082138	0.046729418774394745
36.554621848739494	0.13093500795783125	0.019140295320689088	0.12869117562186794	0.007222528336984379	0.007798980658989335	0.04672941691785101
36.97478991596639	0.13093500849526335	0.019140294832924364	0.12869117622802037	0.007222528122361366	0.007798980286318517	0.04672941549438643
37.39495798319328	0.13093500895342894	0.019140294413216144	0.12869117674960268	0.007222527938223976	0.0077989799656400394	0.0467294142695417
37.81512605042017	0.13093500934136829	0.019140294049078514	0.12869117720213544	0.007222527779759291	0.00779897968740793	0.04672941320688258
38.23529411764706	0.13093500963356375	0.01914029377575505	0.1286911775418092	0.007222527660552573	0.0077989794785672814	0.046729412409250756
38.65546218487395	0.13093500983001538	0.01914029359324575	0.12869117776862402	0.007222527580603822	0.007798979339118092	0.04672941187664622
39.075630252100844	0.13093501012391204	0.019140293316029476	0.12869117811313693	0.007222527460191368	0.007798979127298349	0.04672941106764968
39.49579831932773	0.13093501038760805	0.019140293066685653	0.12869117842301195	0.00722252735198973	0.007798978936774503	0.04672941033999325
39.91596638655462	0.1309350106015865	0.01914029286395649	0.12869117867495708	0.007222527264052762	0.00779897878186801	0.0467294097483736
40.33613445378151	0.1309350107658474	0.019140292707841983	0.12869117886897236	0.007222527196380461	0.007798978662578868	0.04672940929279074
40.7563025210084	0.13093501088039078	0.019140292598342136	0.12869117900505775	0.007222527148972828	0.007798978578907079	0.046729408973244665
41.1764705882353	0.13093501094521662	0.019140292535456946	0.1286911790832133	0.007222527121829864	0.007798978530852641	0.04672940878973537
41.596638655462186	0.1309350109603249	0.019140292519186412	0.12869117910343894	0.0072225271149515685	0.007798978518415555	0.04672940874226286
