NON $ % + - . 0 1 2 3 4 5 6
#NON	g	l	e	c	i	b	k	j	f	d	h	a
0.0	0.03680517001416139	0.5532415002866199	0.9855028436806593	0.28526321544910327	0.2892544175762273	0.6207110152933661	0.01982980473763407	0.45780492225765035	0.6826459521999201	0.0628603714235183	0.23471738461029723	0.9851921891936094
0.42016806722689076	0.09337528169651604	0.3740364961148795	0.5927693558126946	0.23495222419861414	0.2955534344186344	0.3472224187867893	0.11377634552493324	0.27716518485131225	0.43696169733835427	0.12176876842463447	0.26104986000291797	0.34722168296312467
0.8403361344537815	0.11151661428061606	0.2518649590217345	0.35563499495479334	0.21788372654411708	0.2387460417324698	0.2006530202105327	0.12517616672121357	0.21821427505718963	0.28792299107712216	0.13747374354521347	0.24160404210774886	0.13601430393197853
1.2605042016806722	0.11893037008602836	0.1690979744336615	0.2129038552586689	0.21031501188657606	0.17945669692131486	0.11950135511877517	0.10794507790915846	0.19800705555536707	0.19298629901292327	0.143249396611796	0.20513104806517185	0.06029063304122424
1.680672268907563	0.12298029007428049	0.11351268692073455	0.12750509269282262	0.20385080617705995	0.1332772744664933	0.07345436639245512	0.08516590800351873	0.18857901878244046	0.13274634912674738	0.1464927765897373	0.16673895654597734	0.030333519522274092
2.100840336134454	0.12529311670046814	0.07649231955877456	0.07668620141923375	0.1960472156817801	0.10073725555158927	0.04682942921385994	0.0650144027416753	0.1809764604382285	0.09480830833108597	0.1483251927118935	0.1328351201407243	0.017168011556101478
2.5210084033613445	0.12616733172197417	0.051989870372820705	0.04654434759835818	0.18673974491349482	0.07860379890784196	0.03116500527565952	0.049399503419923926	0.17284051574429843	0.07080870874599658	0.1487746748284121	0.10524730304692029	0.010770593147997522
2.9411764705882355	0.12576694153318038	0.03583096021424692	0.02867928229242192	0.17652553588879089	0.06362006525756625	0.021773111995647437	0.03799217683531055	0.16401704151505725	0.0553763453195103	0.14792675479541922	0.08376460280032327	0.007373408487951031
3.361344537815126	0.12434250978294219	0.025185353106144566	0.018070825173483077	0.16612656681594626	0.053371498537626676	0.016018086749631618	0.029884929189109913	0.15496845186232291	0.04521708049869227	0.14603590591210575	0.06745074734330107	0.005429370249380425
3.7815126050420167	0.122202075514125	0.018162675200144272	0.011743495074934803	0.1561444281021927	0.046244022166357056	0.012403830192461109	0.024187166656374843	0.14620852140471166	0.038354163124438595	0.14343510426725659	0.055240933512964815	0.004246388442730011
4.201680672268908	0.11965037863761016	0.01351414162038058	0.007943138880657999	0.14699266014027465	0.04119675887679061	0.01007313603035223	0.02018965839802476	0.1381252637398893	0.03360151140803756	0.14045170036821117	0.04617669683440824	0.003489677336387618
4.621848739495799	0.1169484568091889	0.010420843075190037	0.0056384232755510065	0.13890442429159583	0.03756131515745828	0.008529037275882854	0.017373657644755534	0.13095042058204942	0.030236715664555554	0.13736143673404239	0.039474476496812	0.0029857186939821747
5.042016806722689	0.11429624575781291	0.008348127692898192	0.004223364545870419	0.13196706515751933	0.03490356454257062	0.007479026099398442	0.015374968916736904	0.12478019216097279	0.027809398041762023	0.1343715380829359	0.034524776576731656	0.0026390359718926016
5.46218487394958	0.1118305643242045	0.006947585604546679	0.0033413768460237537	0.1261623903814679	0.0329361914674722	0.006747650865909761	0.013942923609476642	0.11961000563536756	0.0260310810293633	0.13162048047971245	0.03086681092390599	0.0023942825364580323
5.882352941176471	0.1096318260109817	0.005992115670549893	0.002781918018531626	0.12140396890502697	0.03146487619011528	0.006227309604605675	0.012906309112663864	0.11536918831871885	0.024711790456365356	0.1291864134840099	0.028158041044421885	0.00221788516383748
6.302521008403361	0.1077349287525135	0.005333398060442515	0.0024200248185851855	0.11756808857929041	0.030355438955058437	0.0058503743467624575	0.012148224006515364	0.11195038048636005	0.023723178943102195	0.12709946979527695	0.02614638720289265	0.0020886557448466236
6.722689075630252	0.10614151548079809	0.004874168138606665	0.002180943859724141	0.11451720464057509	0.029513329631572563	0.005573206710965074	0.011588426282963579	0.1092319344376358	0.02297641633824333	0.12535520912905113	0.024647288363027833	0.0019927476120644477
7.142857142857143	0.10483149596708437	0.004550346295642798	0.0020195594429225066	0.11211600900637753	0.028870791515361545	0.005366923072541217	0.011171408805254999	0.10709327306214811	0.022408778238505428	0.12392707077710056	0.02352599342405131	0.0019208419941982718
7.563025210084033	0.10377282200704353	0.004319391039232973	0.0019082790632207684	0.11024107304797118	0.028378499513331542	0.005211904268569108	0.010858339162709433	0.1054240891014806	0.02197514891671413	0.12277682539811142	0.022684063424948445	0.0018664985309325554
7.983193277310924	0.10292873905708778	0.004152842773880625	0.0018299922866878797	0.10878537448579456	0.02800008580995624	0.005094518770666476	0.01062173799574766	0.10412866790271243	0.0216425898755478	0.12186222124251075	0.022049487048289323	0.0018251692728889798
8.403361344537815	0.10226268826916315	0.004031490720276952	0.0017739086019125901	0.10765964276772362	0.027708479551031177	0.005005102022158399	0.010441933061138973	0.1031272255072928	0.02138677514155836	0.12114206693528327	0.021569467167923094	0.00179358386029415
8.823529411764707	0.10174118921036024	0.003942215212937078	0.001733082980202122	0.10679123091809159	0.02748331394949144	0.004936672347360748	0.010304655273131774	0.10235488177545513	0.021189519501317488	0.12057912734604379	0.021205110103724	0.0017693521327740277
9.243697478991598	0.10133514211695258	0.0038759645266575283	0.0017029576104052393	0.10612221837602868	0.02730917497103965	0.004884113798833724	0.010199447544436654	0.1017599681000115	0.0210371299280526	0.12014133594590952	0.020927665848043543	0.001750705934531223
9.663865546218487	0.10102021152821403	0.0038264243208533835	0.0016804778866756707	0.10560713010700501	0.02717433986128606	0.004843633594468859	0.010118574062674796	0.10130196508058785	0.020919234157450957	0.11980206356659327	0.020715803190787023	0.0017363246161305804
10.084033613445378	0.10077656567967029	0.0037891312747853406	0.001663549613487019	0.10521053791128385	0.027069836790456058	0.0048123883671775496	0.010056253595080944	0.10094932833931283	0.02082791938096272	0.11953972241526767	0.02055360296074053	0.0017252124436506423
10.504201680672269	0.10058834927813531	0.0037608967107236	0.0016507088711341235	0.10490506248248774	0.02698878344560476	0.004788230969881108	0.010008136590443518	0.10067769966222397	0.020757130889241786	0.11933712102999033	0.020429141993335773	0.0017166141166436357
10.92436974789916	0.10044305876508176	0.003739416428226956	0.0016409127759685377	0.10466961706212181	0.026925881358069618	0.004769529352359101	0.009970928515940924	0.10046832674755646	0.02070221658443448	0.11918074233323127	0.020333448744849266	0.0017099536086733222
11.344537815126051	0.10033092539987455	0.0037230081236899006	0.0016334060078952567	0.10448800569797274	0.026877043492615316	0.0047550368142174285	0.009942120998171019	0.10030681157943258	0.020659593576309133	0.11906004826179448	0.02025974595239022	0.0017047897609138924
11.764705882352942	0.10024436735380489	0.0037104323746427748	0.0016276339656500227	0.10434780357191263	0.02683911327844567	0.004743797501749414	0.009919796619514594	0.1001821107798957	0.020626498191831193	0.11896687061020353	0.020202896521426844	0.0017007836235574825
12.184873949579831	0.1001775273595174	0.0037007668938031373	0.001623183739794563	0.10423948663156836	0.026809648725761838	0.004735075868243289	0.009902483587439939	0.10008576082247726	0.020600794283330465	0.11889490708871134	0.020158990592034357	0.001697673980604344
12.605042016806722	0.10012587639340685	0.003693320097489927	0.0016197450902479798	0.10415573195109107	0.026786749717399534	0.00472830428091095	0.009889047202654475	0.10001125367249937	0.020580820290801032	0.1188392859581736	0.020125039460018875	0.0016952592219548245
13.025210084033613	0.1000859482445535	0.0036875738310052026	0.001617085050272341	0.10409090187199624	0.02676894832545983	0.004723045571762394	0.00987861567910718	0.09995356966910074	0.020565294540648146	0.11879627896007504	0.02009876487277496	0.0016933837718981545
13.445378151260504	0.1000550606057164	0.0036831318687309588	0.0016150240469637376	0.10404070998493144	0.026755121337417868	0.00471895967919624	0.00987051496447338	0.09990890941710105	0.02055323712594617	0.11876300700458323	0.0200784150504381	0.0016919260750683242
13.865546218487395	0.10003114017799664	0.003679694628917981	0.0016134261371047451	0.10400181990949921	0.02674436576381475	0.004715785099845583	0.00986422100486358	0.09987430408308202	0.020543857758566743	0.11873722924229581	0.020062642173825463	0.0016907936490198905
14.285714285714286	0.10001261524640565	0.003677032115495563	0.0016121863230791798	0.10397167108086085	0.02673600550592164	0.0047133179074138	0.009859330635343624	0.09984747440294793	0.020536567787411832	0.11871726336436186	0.02005041105786806	0.001689913449552341
14.705882352941178	0.09999825622546292	0.0036749675848361998	0.0016112236136643363	0.10394828274919664	0.02672950442993444	0.004711399791138807	0.009855529184960684	0.09982665954559188	0.020530899238295337	0.11870178517772786	0.020040919511940706	0.0016892290943807803
15.126050420168067	0.09998712395029487	0.003673366192319889	0.0016104759901550917	0.10393013666030876	0.02672445031066651	0.004709908812522146	0.009852574627981617	0.09981050921683075	0.02052649251680598	0.11868978346252614	0.02003355313709525	0.0016886971043337353
15.546218487394958	0.0999784976492379	0.003672124582867624	0.0016098957619930317	0.10391606617391745	0.02672052445895767	0.00470875083788824	0.00985028016249139	0.09979798565665227	0.020523069628290175	0.11868048217221269	0.020027839557441134	0.0016882839166211824
15.966386554621849	0.09997179942449379	0.003671159923998907	0.0016094446024596863	0.10390513454869718	0.02671746999836655	0.00470784997835409	0.009848495277805788	0.09978825551121022	0.020520406542798707	0.11867325897965028	0.02002339937734941	0.0016879624632501079
16.386554621848738	0.09996659793849982	0.003670410397120103	0.0016090938261698804	0.10389664120024691	0.026715093857617292	0.004707149269656286	0.009847107011090598	0.09978069533238058	0.020518334890687863	0.11866764925958971	0.020019948829765214	0.001687712426798056
16.80672268907563	0.0999625576368023	0.0036698278775227607	0.0016088210629020413	0.10389004109867268	0.02671324547026934	0.004706604231528558	0.009846027205275885	0.09977482021525538	0.020516723380976855	0.11866329149642596	0.020017266880092813	0.001687517936036367
17.22689075630252	0.09995942019132827	0.003669375324028432	0.0016086090600242445	0.10388491439178817	0.026711808556112382	0.004706180494565237	0.009845187775636671	0.09977025664697438	0.02051547063725749	0.11865990721344914	0.02001518322191887	0.0016873667226798257
17.647058823529413	0.09995698492806282	0.003669023895232233	0.0016084443669424828	0.1038809336309346	0.026710692116614167	0.004705851242330312	0.009844535563717375	0.09976671307617334	0.020514497318778916	0.11865728009106402	0.020013565130403418	0.0016872492208308723
18.067226890756302	0.09995509274287512	0.003668750656670899	0.0016083162819749831	0.10387783879230386	0.02670982339657924	0.004705595158471353	0.009844028235166096	0.09976395784098971	0.02051373994168632	0.11865523890132876	0.02001230702723503	0.001687157841434069
18.487394957983195	0.09995362216667693	0.0036685382446173874	0.0016082166864094802	0.10387543359618853	0.026709147330461827	0.004705396036948493	0.00984363365496854	0.09976181651453662	0.020513150456493344	0.11865365269863888	0.020011328937960704	0.0016870868074337247
18.907563025210084	0.09995247898780878	0.00366837320754528	0.0016081392891138502	0.1038735653144519	0.026708622243334548	0.004705241266887973	0.009843327037337816	0.0997601535889107	0.020512692641979316	0.11865241906071043	0.020010569068622384	0.001687031582155505
19.327731092436974	0.09995159120565711	0.0036682448991536046	0.0016080791105931482	0.10387211259753172	0.02670821512325099	0.004705120879215961	0.009843088779529835	0.0997588605734809	0.02051233784123939	0.11865146060927213	0.02000997855228583	0.0016869885805679535
19.747899159663866	0.09995090213263842	0.0036681451041115963	0.001608032299584881	0.10387098266946818	0.026707898413997566	0.004705027230714213	0.009842903443311252	0.09975785439614483	0.020512061852479568	0.11865071764354412	0.020009519287513447	0.0016869551298388749
20.168067226890756	0.09995036529332638	0.0036680675245674248	0.0016079959012954082	0.10387010469932147	0.026707650316741015	0.004704954474467553	0.009842759082800233	0.09975707253193289	0.020511845414236965	0.1186501391723787	0.020009161922097476	0.001686929209453003
20.58823529411765	0.09994994659535558	0.0036680070879275438	0.0016079675444469804	0.103869420794422	0.02670745730334046	0.0047048977807969536	0.009842646648093749	0.09975646381808655	0.02051167705402888	0.11864968690716862	0.02000888358315328	0.001686909001466162
21.008403361344538	0.0999496221046844	0.003667960120497989	0.001607945508247152	0.10386888922288061	0.026707308355353957	0.0047048536860894155	0.00984255941431492	0.09975599063694293	0.02051154726913479	0.11864933665206794	0.020008667483771277	0.0016868932453666073
21.42857142857143	0.09994936988795419	0.0036679236471727785	0.001607928393693237	0.10386847648475252	0.02670719218580318	0.004704819456055543	0.009842491597504737	0.09975562320169633	0.020511445983789033	0.11864906444891798	0.02000849958040314	0.0016868810320523411
21.84873949579832	0.09994917554628464	0.00366789548678269	0.0016079151806323404	0.10386815780392301	0.026707103113484763	0.004704793007176103	0.009842439322628408	0.09975533950571873	0.020511368403159834	0.11864885487356348	0.020008370066601718	0.0016868715722778242
22.26890756302521	0.09994902618304208	0.003667873771553137	0.0016079049931676443	0.10386791202929754	0.026707035266456618	0.004704772585327358	0.009842399129050897	0.09975512072531877	0.020511309416774037	0.11864869401433313	0.020008270356097244	0.001686864237503656
22.689075630252102	0.09994891293589195	0.0036678573961793307	0.001607897307972076	0.1038677267644287	0.026706982977927177	0.0047047572180784055	0.009842368659042164	0.09975495578371969	0.0205112638125928	0.11864857178429773	0.02000819495619355	0.001686858758883554
23.10924369747899	0.09994882170481273	0.003667844271614855	0.0016078911466924362	0.10386757832061064	0.02670694025387313	0.0047047449263346525	0.009842344123078179	0.09975482360931459	0.020511226447237994	0.11864847311487119	0.0200081343711072	0.00168685440643751
23.529411764705884	0.09994875084251877	0.003667834086145124	0.0016078863648818175	0.10386746312732895	0.026706906987108807	0.004704735390423311	0.009842325065984217	0.09975472103978095	0.020511197339356566	0.11864839644536493	0.020008087333228574	0.001686851033829728
23.949579831932773	0.09994869295799452	0.003667825761178845	0.0016078824568300865	0.1038673689682963	0.026706879874040763	0.004704727594451474	0.009842309501284553	0.09975463720321659	0.020511173625108903	0.11864833382872761	0.02000804890121241	0.0016868482738344377
24.369747899159663	0.09994864801401683	0.003667819262092241	0.0016078794068348054	0.10386729543932349	0.026706859139004082	0.004704721495222762	0.00984229741105728	0.09975457174372482	0.020511155542711566	0.11864828531377386	0.02000801897981207	0.0016868460987868109
24.789915966386555	0.09994861248316553	0.003667814088140261	0.0016078769796734225	0.10386723687979389	0.026706843071212932	0.004704716626284507	0.009842287847895112	0.09975451961930532	0.020511141585949598	0.11864824706690691	0.020007995242029456	0.0016868443464719903
25.210084033613445	0.09994858497588217	0.0036678100678838718	0.0016078750940263127	0.10386719137085693	0.026706830754628527	0.0047047128377250575	0.009842280440625479	0.09975447911318575	0.020511130909527043	0.11864821750272865	0.02000797682946478	0.001686842976841401
25.630252100840337	0.09994856370484206	0.00366780696355744	0.001607873637800753	0.10386715623468964	0.02670682118221559	0.004704709914027533	0.00984227471203687	0.09975444783720767	0.02051112260381687	0.11864819462943658	0.02000796260049906	0.0016868419220981683
26.050420168067227	0.0999485471074442	0.0036678045645123594	0.0016078725117402344	0.10386712909765125	0.02670681349577625	0.004704707663156	0.00984227024404895	0.09975442367474878	0.020511115896906112	0.11864817671452521	0.02000795155024234	0.00168684112053942
26.47058823529412	0.09994853510886238	0.003667802811462762	0.0016078716893950765	0.10386710925630502	0.02670680810946663	0.004704706011405069	0.009842267011625029	0.09975440601339088	0.020511111225941254	0.11864816381716185	0.02000794351897094	0.0016868405239435053
26.89075630252101	0.09994852583883855	0.003667801459472928	0.0016078710551288087	0.1038670939559695	0.026706803928756066	0.004704704738361943	0.009842264514961438	0.09975439239439332	0.02051110759692463	0.11864815384325195	0.020007937320110986	0.0016868400651039136
27.310924369747898	0.09994851855992169	0.0036678004043449227	0.0016078705599702385	0.10386708201932807	0.026706800589771394	0.004704703747177593	0.009842262555776828	0.09975438176856793	0.02051110468859216	0.11864814599080208	0.020007932468022616	0.0016868397106251673
27.73109243697479	0.09994851334497264	0.003667799658314626	0.001607870209570352	0.1038670735865551	0.026706798102862177	0.004704703050099829	0.009842261152678777	0.09975437425829797	0.020511102506471108	0.11864814033797103	0.020007929013768574	0.0016868394659032943
28.15126050420168	0.09994850887745295	0.003667799033974958	0.0016078699159223484	0.10386706653879221	0.026706795836717867	0.004704702472313827	0.009842259952386788	0.09975436797713451	0.020511100495756756	0.11864813545376676	0.02000792608815576	0.0016868392698205612
28.571428571428573	0.09994850535125378	0.0036677985438466785	0.0016078696853293933	0.10386706100777389	0.02670679402482046	0.004704702019737048	0.009842259005489826	0.0997543630472774	0.020511098884425566	0.11864813159029615	0.020007923785248485	0.0016868391174464448
28.991596638655462	0.09994850275488401	0.0036677981743565126	0.0016078695117496583	0.10386705683230116	0.02670679277239095	0.004704701675155192	0.009842258307686652	0.09975435932897439	0.020511097782936187	0.11864812876809416	0.020007922070502004	0.0016868389972388058
29.411764705882355	0.0999485003876414	0.003667797824366215	0.001607869347714651	0.10386705286816476	0.02670679175423897	0.004704701343729638	0.00984225767047843	0.09975435580342831	0.020511096907387297	0.11864812623059925	0.02000792047779223	0.001686838875468599
29.831932773109244	0.09994849836489919	0.0036677975384013474	0.0016078692133288737	0.10386704963749553	0.026706790761174392	0.004704701077781341	0.009842257127097616	0.09975435292572105	0.02051109603118861	0.11864812402753483	0.020007919146143402	0.001686838783564655
30.252100840336134	0.09994849691319171	0.0036677973372564597	0.0016078691186945263	0.10386704736761214	0.026706790011151327	0.004704700892285151	0.00984225673764361	0.09975435090259789	0.020511095363463003	0.1186481224351228	0.020007918199756086	0.0016868387213560634
30.672268907563026	0.09994849539174287	0.003667797132996417	0.0016078690223987624	0.1038670450669646	0.02670678916220604	0.004704700706534367	0.009842256329833323	0.09975434884923837	0.020511094598299418	0.11864812074993697	0.020007917222291945	0.0016868386622911876
31.092436974789916	0.09994849434304078	0.0036677969788824582	0.001607868950146723	0.10386704332186446	0.026706788702699432	0.0047047005609424635	0.009842256047683585	0.09975434729690517	0.02051109420160619	0.11864811962345491	0.020007916518834292	0.001686838609202776
31.51260504201681	0.09994849338278487	0.003667796837184129	0.0016078688837287934	0.10386704171696648	0.02670678828667487	0.00470470042688039	0.00984225578917235	0.09975434586924987	0.02051109384333217	0.11864811859416757	0.020007915873261003	0.0016868385600841
31.932773109243698	0.09994849251097518	0.00366779670790143	0.0016078688231449731	0.1038670402522707	0.026706787914132356	0.004704700304348144	0.009842255554299621	0.09975434456627248	0.020511093523477353	0.11864811766207495	0.020007915285572078	0.001686838514935159
32.35294117647059	0.0999484917276117	0.0036677965910343596	0.0016078687683952625	0.10386703892777709	0.026706787585071886	0.004704700193345727	0.009842255343065395	0.099754343387973	0.020511093242041745	0.11864811682717705	0.020007914755767516	0.001686838473755953
32.773109243697476	0.09994849106672665	0.003667796493476764	0.0016078687226650735	0.10386703782279898	0.02670678729829295	0.004704700101049752	0.009842255165028213	0.09975434240480072	0.020511092995036284	0.11864811611948949	0.02000791431123198	0.0016868384399513746
33.19327731092437	0.09994849051535795	0.0036677964126029367	0.0016078686847411567	0.10386703690712779	0.026706787054252785	0.004704700024726814	0.009842255016547447	0.09975434158992315	0.020511092783980306	0.11864811552758002	0.02000791394153528	0.0016868384122245795
33.61344537815126	0.09994849006814356	0.0036677963473266966	0.001607868654121624	0.10386703616826702	0.026706786853140554	0.004704699963246179	0.009842254896117071	0.09975434093224042	0.020511092609502325	0.11864811504671942	0.020007913642362745	0.0016868383900390984
34.03361344537815	0.09994848972508345	0.0036677962976480426	0.0016078686308064753	0.1038670356062167	0.026706786694956255	0.004704699916607845	0.009842254803737086	0.09975434043175252	0.020511092471602342	0.11864811467690771	0.02000791341371437	0.0016868383733949317
34.45378151260504	0.09994848895670978	0.0036677961853723014	0.0016078685781442253	0.10386703433527208	0.026706786350501818	0.004704699810817628	0.009842254596803329	0.099754339300454	0.02051109217295693	0.11864811385116679	0.020007912899406132	0.0016868383351673194
34.87394957983194	0.09994848891708166	0.0036677961799848426	0.0016078685756050896	0.10386703427457115	0.026706786328889818	0.004704699805891471	0.009842254586152985	0.09975433924628463	0.020511092153555056	0.11864811380745498	0.02000791287377642	0.0016868383335710757
35.294117647058826	0.09994848887745356	0.0036677961745973844	0.001607868573065954	0.10386703421387021	0.02670678630727782	0.004704699800965315	0.009842254575502642	0.09975433919211525	0.02051109213415318	0.11864811376374317	0.0200079128481467	0.001686838331974832
35.714285714285715	0.09994848883782544	0.003667796169209926	0.0016078685705268182	0.10386703415316928	0.026706786285665824	0.004704699796039157	0.009842254564852299	0.09975433913794587	0.020511092114751304	0.11864811372003135	0.020007912822516988	0.0016868383303785882
36.134453781512605	0.09994848880288583	0.0036677961644506533	0.001607868568284036	0.10386703409953968	0.026706786266698347	0.004704699791683687	0.009842254555461411	0.0997543390900905	0.02051109209773596	0.11864811368151605	0.02000791279989913	0.001686838328962621
36.554621848739494	0.09994848879418511	0.0036677961632069754	0.001607868567699776	0.10386703408548426	0.026706786262530754	0.004704699790522025	0.009842254553118997	0.09975433907757104	0.020511092094076654	0.11864811367208265	0.020007912794136884	0.0016868383285555608
36.97478991596639	0.09994848878548439	0.0036677961619632975	0.0016078685671155162	0.10386703407142883	0.02670678625836316	0.004704699789360363	0.00984225455077658	0.09975433906505159	0.02051109209041735	0.11864811366264925	0.020007912788374643	0.0016868383281485005
37.39495798319328	0.09994848877678365	0.003667796160719619	0.001607868566531256	0.1038670340573734	0.026706786254195564	0.004704699788198702	0.009842254548434164	0.09975433905253214	0.020511092086758043	0.11864811365321586	0.020007912782612398	0.0016868383277414403
37.81512605042017	0.09994848876808293	0.003667796159475941	0.001607868565946996	0.10386703404331797	0.02670678625002797	0.00470469978703704	0.009842254546091748	0.09975433904001269	0.020511092083098738	0.11864811364378247	0.020007912776850156	0.00168683832733438
38.23529411764706	0.0999484887593822	0.0036677961582322633	0.001607868565362736	0.10386703402926255	0.026706786245860377	0.004704699785875378	0.009842254543749332	0.09975433902749324	0.020511092079439432	0.11864811363434907	0.02000791277108791	0.0016868383269273198
38.65546218487395	0.09994848875068148	0.0036677961569885854	0.0016078685647784759	0.10386703401520712	0.026706786241692784	0.0047046997847137164	0.009842254541406917	0.09975433901497378	0.020511092075780127	0.11864811362491567	0.02000791276532567	0.0016868383265202596
39.075630252100844	0.09994848874198076	0.0036677961557449075	0.0016078685641942158	0.1038670340011517	0.026706786237525187	0.0047046997835520545	0.009842254539064501	0.09975433900245434	0.02051109207212082	0.11864811361548228	0.020007912759563425	0.0016868383261131993
39.49579831932773	0.09994848873328002	0.0036677961545012296	0.001607868563609956	0.10386703398709626	0.026706786233357593	0.004704699782390393	0.009842254536722085	0.09975433898993488	0.020511092068461516	0.11864811360604888	0.020007912753801184	0.0016868383257061391
39.91596638655462	0.0999484887245793	0.0036677961532575513	0.0016078685630256959	0.10386703397304084	0.02670678622919	0.004704699781228731	0.009842254534379669	0.09975433897741544	0.02051109206480221	0.11864811359661548	0.02000791274803894	0.0016868383252990789
40.33613445378151	0.09994848871587857	0.0036677961520138734	0.0016078685624414358	0.10386703395898542	0.026706786225022403	0.004704699780067069	0.009842254532037253	0.09975433896489598	0.020511092061142905	0.11864811358718208	0.020007912742276698	0.0016868383248920189
40.7563025210084	0.09994848870717785	0.0036677961507701955	0.0016078685618571757	0.10386703394492999	0.02670678622085481	0.004704699778905407	0.009842254529694838	0.09975433895237652	0.0205110920574836	0.11864811357774868	0.020007912736514453	0.0016868383244849586
41.1764705882353	0.09994848869847713	0.0036677961495265175	0.0016078685612729157	0.10386703393087457	0.026706786216687217	0.004704699777743746	0.009842254527352422	0.09975433893985708	0.020511092053824294	0.11864811356831528	0.02000791273075221	0.0016868383240778984
41.596638655462186	0.09994848868977639	0.0036677961482828396	0.0016078685606886556	0.10386703391681913	0.02670678621251962	0.004704699776582084	0.009842254525010006	0.09975433892733762	0.02051109205016499	0.11864811355888188	0.020007912724989967	0.0016868383236708381
