NON $ % + - . 0 1 2 3 4 5 6 7 8 9 : ; < > ? @ A B
#NON	PLK1	WEE1	NEDD9	CDC25B	AURKAPresent	ENSA	AJUBA	GSK3B	GWL_MASTL	PP1	MT	TPX2	BORA	STMN	Cytokinesis	AURKAActive	PP2A	CDK1CCNBComplex	CentrosomeMat	STMNCanAct	MTCanAct	SpindleAssembly	hCPEB
0.0	0.9083246827317516	0.3374874151063274	0.21070935556036718	0.7988421040476629	0.8520167618368567	0.8987661801592929	0.5425115472859656	0.4871555032313273	0.2582758862660387	0.026844407238565626	0.8185841275614382	0.12729509340140166	0.7588185443291136	0.6624899871763374	0.7251290294825293	0.16323482982292248	0.6439416173131519	0.5577329664234982	0.8100633779982715	0.6616699914215161	0.49826040806005534	0.855393488919724	0.8051908925168431
0.5050505050505051	0.5634534747953102	0.49153604574263443	0.19681575331507437	0.39151565194015525	0.7233022998919996	0.36613444428434294	0.43833116972117264	0.33703267058552183	0.22692305223955098	0.2162463406151375	0.7086915029531751	0.23551236657115734	0.7792229472282739	0.720982806249741	0.4278005614485064	0.12429029427385863	0.2606486458236029	0.5695669903782039	0.3343224427193112	0.4221184524989816	0.3903301984923425	0.3951980632701062	0.45970527667546995
1.0101010101010102	0.4239967902994727	0.593428886234819	0.1828007448922739	0.2720863596252942	0.7121288125805082	0.2211812450825714	0.39049416029990325	0.2819874869920536	0.21758236944519704	0.31737604015861576	0.6561662249576119	0.2598783732101329	0.804050501991718	0.7474306087543262	0.29027071744338834	0.1051412489018635	0.2077595602953155	0.5953313165010351	0.23661181638773307	0.2974057751754568	0.3384403675159214	0.22027935299123713	0.303842874080811
1.5151515151515151	0.36246101270851344	0.6583834390359665	0.17218822420489047	0.23542419862144817	0.7118400848935537	0.18163954713438502	0.3679802683957328	0.26074022807698694	0.21505524890775865	0.3731299220374869	0.6311109508590861	0.25783099656778935	0.8273199644486274	0.7607224879532833	0.2188568470107117	0.09558546761155479	0.21087178294958775	0.6180789834833483	0.2232484609228872	0.22935630443373056	0.31253715462305337	0.15806522785589117	0.23269191056465113
2.0202020202020203	0.3326843257674596	0.6986338584213274	0.1650463985344062	0.22369565444084535	0.7094203366694062	0.17091595107613267	0.3572370598513535	0.2523261021614017	0.21472077443435572	0.40454833471635476	0.6191090356507654	0.2500587541935382	0.8465961354006126	0.767768117612873	0.1822073314530671	0.09050815733374326	0.21862717829211104	0.6348413799114929	0.2252654045794868	0.19064810314336217	0.299307522569216	0.1384379654435411	0.1997960994065395
2.5252525252525255	0.3170023074168981	0.7231521302055136	0.16048045091443505	0.21948176578452167	0.7065496242286781	0.1681328885409973	0.35207353678201025	0.24895597228252736	0.21510388598064883	0.42216496536111253	0.6133122064005389	0.24283727474592223	0.8611227745456276	0.7716777619227384	0.1647845353921395	0.08762743164802	0.22381129026789837	0.645425635745294	0.22817758253405876	0.16787750475841973	0.2924622464859853	0.13328025948262542	0.18432281244634563
3.0303030303030303	0.30817198627371956	0.7379630924894026	0.15762200229532206	0.2174809437154568	0.7043479116025726	0.16753441265253408	0.34958278556981903	0.2475996736026679	0.2156082242665976	0.4317954298731134	0.6104768302675445	0.2374687476928462	0.8712700489598041	0.7739397311626308	0.15713396773305244	0.08592100422463816	0.22670406516521693	0.6511298468907639	0.22993253422212034	0.15413964709679442	0.28889499561677257	0.13239405118910758	0.17687418447063658
3.5353535353535355	0.3029655076795476	0.7468867971941079	0.1558469960823648	0.2162105792868604	0.702932239813149	0.16750247658759435	0.34837916512774414	0.24705276634065987	0.2160090865933284	0.43691114243318413	0.6090659727093019	0.23379900490307787	0.8779729164103909	0.7752887119509143	0.15399779509407982	0.08488846289852119	0.2282277997644513	0.6537529964927294	0.23077807199382325	0.14570072294194586	0.2870288617031901	0.1325027660238974	0.17318549306540354
4.040404040404041	0.2998071072807665	0.7522675365787957	0.15474859233107652	0.2153018465797975	0.702100886191999	0.16758121916052454	0.3477970249505311	0.24683205819486723	0.2162640218588559	0.4395715985898731	0.6083489821091737	0.2313853812832119	0.882233576668912	0.7761071192822824	0.15278928108896156	0.08425871195169247	0.22901065667642925	0.6547521443182361	0.23112924030524873	0.14045232655474013	0.286050637290469	0.13271191799989984	0.17130052754531333
4.545454545454546	0.29785959965144526	0.7555202976269038	0.1540704021235532	0.2146513667504216	0.7016378569867474	0.1676524597868424	0.34751534882558616	0.24674296070261792	0.21640187603933636	0.44094149855930204	0.6079758903596759	0.22982841517931993	0.8848741591225945	0.7766072698266331	0.15235103232945732	0.08387398892277625	0.22940840814204125	0.6550204297559928	0.23125067578703967	0.13716108490852996	0.28553729973602143	0.13284744423543932	0.1703061834714438
5.050505050505051	0.29664790568531385	0.7574933208618683	0.15365253800813133	0.21420092442878508	0.7013881781611124	0.16769621169390456	0.3473790279732941	0.2467069883339308	0.21646495169439764	0.4416479475740184	0.6077769386232711	0.22883438503323614	0.8864845872474324	0.7769134683742429	0.15220207421828516	0.08363907030496608	0.22961035693738963	0.6550134090093302	0.23127824093862356	0.1350859037245068	0.2852677648159398	0.13291374642482817	0.1697658267053965
5.555555555555556	0.2958902908574999	0.7586944708915732	0.15339559237024014	0.21389924687079617	0.7012560046651317	0.1677178268121756	0.34731304685520675	0.2466924638041447	0.21648710088286283	0.4420164893519333	0.6076683094554056	0.2282034034482608	0.8874572015638545	0.7771008375920563	0.1521549689955791	0.08349570771148099	0.2297138854987847	0.654930961122821	0.23127349145672807	0.1337728316652684	0.2851261991215768	0.13294026956369076	0.16946442477323015
6.0606060606060606	0.29541523809376735	0.7594283679025096	0.1532378690551644	0.2137023139610228	0.7011865432367433	0.1677260771869447	0.3472811100229082	0.24668659937068174	0.21648988420558818	0.44221246500338	0.6076077042495328	0.22780420057649556	0.8880413531812256	0.7772154003005488	0.15214116202975306	0.0834082032592323	0.229767992942627	0.6548472436082153	0.2312612080151989	0.13294008762900744	0.2850518345823669	0.13294826172282176	0.16929260684042105
6.565656565656566	0.2951168060924659	0.759878334016312	0.1531411673939326	0.21357599673579625	0.7011499469252348	0.16772757484495998	0.3472656506265735	0.24668423112446888	0.21648515747198635	0.4423191740604965	0.6075732474503062	0.22755211860003222	0.8883912054000447	0.7772854336812108	0.1521372816760456	0.08335473086028651	0.2297970345365436	0.6547826863074898	0.23124985378031795	0.13241118904276294	0.28501276682379384	0.1329490035138709	0.16919291221895513
7.070707070707071	0.2949290613232414	0.76015511682874	0.1530819081892541	0.21349586432151604	0.7011304519813872	0.16772626480464548	0.34725816741725846	0.24668327494389913	0.2164786453096639	0.44237874532490923	0.6075533408406505	0.2273931023217077	0.8886005009073702	0.7773282774297766	0.15213603884629906	0.08332198725643308	0.22981309875023562	0.6547381199405011	0.23124141914920607	0.13207495546225462	0.2849922416253182	0.13294755450243434	0.16913424223750043
7.575757575757576	0.2948108032963619	0.7603258897786749	0.15304558475987964	0.21344534768693188	0.7011198819171538	0.16772416601556314	0.34725454516396675	0.24668288892392912	0.21647269988276788	0.44241279494454955	0.6075416846593781	0.22729283803085423	0.8887256952388107	0.7773545311677116	0.15213541943682954	0.08330188145281327	0.2298222505300607	0.6547090094991384	0.23123571145501953	0.1318610756291299	0.2849814580345792	0.13294585262103167	0.16909931984472518
8.080808080808081	0.2947362277945369	0.7604315538109708	0.1530232985837051	0.21341359597106352	0.7011140246601473	0.1677221607232686	0.3472527918279851	0.24668273304923546	0.2164680261925005	0.4424326607699588	0.6075347822477721	0.2272296212224446	0.88880061389022	0.7773706575926446	0.15213496577274874	0.0832894962146068	0.22982760023723092	0.6546905418238209	0.2312320269487384	0.1317249745782524	0.28497579257330896	0.13294448132519554	0.16907833864334065
8.585858585858587	0.2946891458265447	0.7604971072455801	0.15300960267891384	0.21339365479014655	0.7011107024250246	0.16772054537377049	0.3472519429959269	0.2466826701084089	0.21646462758398463	0.4424444491190842	0.607530655727899	0.22718975158975263	0.8888454793053167	0.7773805926514058	0.15213460691788264	0.08328184050904551	0.22983079235774184	0.6546789980275671	0.23122970614417251	0.1316383449484865	0.2849728157542217	0.13294351553713535	0.16906563462080387
9.090909090909092	0.2946593901666169	0.7605378763552791	0.15300116825250906	0.21338112490946218	0.7011087761499528	0.16771935144018604	0.34725153211901383	0.24668264469227258	0.21646226899113255	0.4424515374701344	0.6075281687012454	0.22716459470768208	0.8888723680137853	0.7773867329992367	0.152134335675152	0.0832770919785388	0.22983272584942102	0.6546718275889697	0.23122826102608138	0.13158319609409108	0.2849712517394953	0.13294287754913345	0.16905789143072406
9.595959595959597	0.29464056745632916	0.7605632875941744	0.15299596174274163	0.21337324445717554	0.701107638494176	0.1677185141214692	0.3472513333870058	0.24668263449763278	0.21646068093532123	0.44245584333592125	0.6075266595060308	0.227148712630603	0.8888884939654406	0.7773905404814362	0.15213414251621502	0.08327413708084892	0.2298339104217882	0.6546673811355588	0.23122736598648322	0.13154808697506806	0.28497043032402597	0.132942469811527	0.16905314537679852
10.101010101010102	0.29462864712671394	0.7605791658475162	0.15299273804462177	0.2133682790077637	0.701106954524144	0.16771794513163352	0.34725123657396945	0.24668263014402214	0.216459633842351	0.4424584827822664	0.6075257371229414	0.22713867651277778	0.8888981773549532	0.7773929095487513	0.15213400991929418	0.08327229190842401	0.22983464170405185	0.6546646216027953	0.23122681111424404	0.13152572957034137	0.2849699977524652	0.1329422144752771	0.1690502194957033
10.606060606060607	0.2946210931156475	0.7605891031298343	0.15299073697113175	0.2133651445545881	0.7011065366839486	0.1677175671203092	0.347251190091497	0.24668262859988277	0.2164589520443124	0.4424601073116608	0.6075251711497608	0.22713233108590047	0.8889039934151565	0.777394388017534	0.15213392321368766	0.08327113697379486	0.2298350916139699	0.654662902242931	0.23122646649334708	0.13151149448205152	0.2849697709677323	0.13294205529979053	0.1690484095855305
11.111111111111112	0.2946163022948029	0.7605953353925455	0.15298949139695012	0.21336316825161214	0.7011062862869247	0.16771732206957943	0.34725116754784535	0.24668262792407922	0.2164585130675263	0.44246111426473544	0.6075248219468098	0.227128315504417	0.8889074905532767	0.777395313649702	0.1521338685972415	0.08327041168517303	0.22983537818837757	0.654661830347989	0.2312262529405835	0.13150242932895218	0.284969651752808	0.13294195493746364	0.1690472848305541
11.616161616161618	0.2946132627060826	0.7605992490788926	0.15298871401590908	0.2133619124391827	0.701106126015056	0.16771715957644712	0.34725115671896795	0.2466826276454364	0.21645823151274196	0.442461739084881	0.6075246053182066	0.22712577309398366	0.8889095929276669	0.7773958930637977	0.1521338310687665	0.08326995579359264	0.22983554961455893	0.6546611579110392	0.23122611704512547	0.1314966580273407	0.28496958928776994	0.1329418948996332	0.16904658355036212
12.121212121212121	0.29461133275375395	0.7606017107482407	0.15298822769994241	0.21336112104837043	0.7011060296495812	0.16771705823550084	0.347251151576829	0.24668262758767057	0.2164580522927307	0.44246212942628327	0.6075244709161962	0.227124162299902	0.8889108586227749	0.7773962585655745	0.15213380962215559	0.08326966832175549	0.22983566088969712	0.6546607372267678	0.23122603409562445	0.13149298315628963	0.2849695566213836	0.13294185557230617	0.169046145196365
12.626262626262626	0.294610106817416	0.760603261516039	0.15298792265886335	0.21336061885732502	0.7011059690781487	0.16771699319076983	0.34725114909284305	0.24668262756926218	0.2164579384472238	0.4424623736433432	0.6075243869814916	0.22712314097455955	0.8889116210651099	0.7773964887584548	0.15213379586140138	0.08326948681239232	0.2298357299901069	0.654660472531012	0.23122598178450632	0.13149064320612286	0.2849695394642274	0.1329418312850762	0.16904587022136824
13.131313131313131	0.2946093277687358	0.7606042396719569	0.15298773090466847	0.21336029990148206	0.7011059308473655	0.16771695159430536	0.34725114789020917	0.2466826275616472	0.21645786628055882	0.4424625268053933	0.6075243344047099	0.22712249303530527	0.8889120806827822	0.7773966339970271	0.15213378704832012	0.08326937203756879	0.22983577295003021	0.6546603056037873	0.23122594879444439	0.1314891532772115	0.2849695304504349	0.1329418162213348	0.16904569731094862
13.636363636363637	0.29460883202367955	0.7606048580263315	0.15298761000945352	0.2133600973070096	0.7011059070720486	0.1677169251932733	0.34725114730683326	0.24668262755839898	0.21645782055384508	0.4424626232526048	0.6075243013611594	0.22712208131846592	0.8889123583517445	0.7773967259069573	0.152133781545581	0.0832692992661188	0.2298358001748749	0.6546602002387676	0.23122592794502264	0.13148820358781846	0.284969525706409	0.1329418067477349	0.16904558825263033
14.141414141414142	0.29460851896085505	0.7606052460998319	0.15298753428928896	0.21335996952120548	0.701105892276588	0.1677169085834922	0.3472511470312368	0.24668262755714293	0.2164577918302814	0.4424626835737761	0.607524280724257	0.22712182167890468	0.8889125244779164	0.7773967836810197	0.15213377812134743	0.08326925345523269	0.2298358172051901	0.654660134153396	0.2312259148728977	0.1314876030111122	0.28496952325768554	0.13294180083382576	0.1690455199141451
14.646464646464647	0.29460831902610723	0.760605492737525	0.15298748621164193	0.21335988792750327	0.7011058828877268	0.16771689801133446	0.34725114689108744	0.24668262755654932	0.21645777359405727	0.4424627218105942	0.6075242676447518	0.22712165604371734	0.8889126255922961	0.7773968204530799	0.15213377595478825	0.08326922425879338	0.2298358279613696	0.6546600921116441	0.23122590661234174	0.13148721909648814	0.28496952193815817	0.13294179707881182	0.1690454765031375
15.151515151515152	0.29460818946180445	0.7606056520572143	0.15298745514822085	0.2133598350308732	0.7011058767556871	0.16771689118693628	0.34725114680799923	0.2466826275561191	0.21645776183869575	0.4424627464907822	0.6075242592050969	0.22712154878880228	0.8889126887162416	0.7773968442643402	0.15213377458792368	0.08326920535743279	0.22983583481802758	0.6546600649387556	0.2312259013381966	0.13148697020790304	0.28496952116533064	0.13294179461969352	0.16904544844308012
15.656565656565657	0.2946081068680788	0.7606057531212935	0.15298743546190433	0.21335980141566832	0.7011058729168272	0.16771688688684863	0.3472511467725094	0.24668262755600867	0.21645775437146594	0.4424627621482089	0.6075242538759409	0.2271214804863976	0.8889127268266018	0.7773968594326595	0.1521337737535169	0.08326919332970435	0.22983583917187955	0.6546600478121244	0.23122589793048257	0.13148681138988505	0.2849695207787558	0.13294179306775536	0.16904543065353503
16.161616161616163	0.2946080558543457	0.7606058151565696	0.152987423405299	0.21335978079364376	0.7011058707461056	0.16771688429368398	0.34725114676789925	0.24668262755617212	0.21645774977676085	0.4424627717401601	0.6075242506248703	0.22712143833864268	0.8889127486722234	0.777396868765658	0.15213377318423382	0.08326918591056522	0.2298358419757674	0.6546600373657855	0.23122589565125787	0.13148671313248458	0.2849695206330771	0.13294179222275063	0.1690454197561728
16.666666666666668	0.2946080227273674	0.7606058553478275	0.15298741560600232	0.2133597674288939	0.7011058696130297	0.1677168826604974	0.3472511467679451	0.24668262755633713	0.21645774683075142	0.44246277786506666	0.6075242485119029	0.22712141095539612	0.8889127621701041	0.7773968747530309	0.1521337725997214	0.08326918107720728	0.22983584404779636	0.6546600303913298	0.23122589396324253	0.1314866492524711	0.2849695205608515	0.13294179189230157	0.16904541270731668
17.171717171717173	0.29460800237635054	0.760605879977886	0.15298741083421868	0.2133597590717273	0.7011058692194974	0.1677168816520555	0.3472511467675262	0.24668262755639125	0.2164577451009577	0.44246278144389056	0.6075242471969423	0.2271213941188592	0.8889127698853316	0.7773968783126751	0.15213377200220654	0.08326917808960659	0.2298358456445249	0.6546600256405022	0.23122589296606888	0.13148660995682324	0.2849695205269942	0.13294179184401772	0.1690454083940566
17.67676767676768	0.29460798996349824	0.7606058949737688	0.1529874079338225	0.2133597536447858	0.7011058693001245	0.1677168809136771	0.34725114676530194	0.24668262755632117	0.21645774416012892	0.4424627834133342	0.6075242463644062	0.2271213838406123	0.8889127742462246	0.7773968803219354	0.1521337715537521	0.08326917624942892	0.22983584699692794	0.6546600221357878	0.23122589286072828	0.13148658596422083	0.2849695205080867	0.13294179171510218	0.1690454057714334
18.181818181818183	0.2946079819210988	0.7606059046905378	0.15298740605718186	0.2133597497454758	0.7011058696614687	0.16771688013745747	0.3472511467626206	0.24668262755620035	0.21645774365585727	0.44246278460721117	0.6075242457878983	0.2271213771826432	0.8889127770493496	0.7773968814437597	0.15213377163836045	0.08326917504200472	0.22983584821363431	0.6546600195717558	0.23122589387181408	0.13148657042380496	0.28496952049306756	0.13294179103241655	0.1690454040744081
18.68686868686869	0.29460797635634406	0.7606059114025092	0.15298740475619582	0.21335974708026956	0.7011058698998861	0.16771687938467011	0.34725114676096924	0.24668262755612538	0.21645774327978246	0.4424627856692642	0.6075242453809827	0.2271213725917184	0.8889127791012538	0.7773968821861187	0.1521337723484757	0.08326917420694985	0.2298358489565225	0.6546600184232245	0.231225895187775	0.13148655969645215	0.2849695204816848	0.13294178991747152	0.16904540289766162
19.191919191919194	0.2946079722394868	0.7606059163060412	0.1529874037694519	0.2133597456057558	0.7011058690905281	0.16771687932216645	0.34725114676020113	0.246682627556111	0.21645774281748026	0.4424627865876543	0.6075242451577805	0.22712136924383655	0.888912780539917	0.7773968831562922	0.15213377232551734	0.08326917364422362	0.2298358485401134	0.6546600180279644	0.23122589457919782	0.13148655184040375	0.28496952047435237	0.13294178997110426	0.16904540200007728
19.6969696969697	0.2946079697545619	0.760605919212926	0.15298740315409134	0.2133597451383691	0.7011058678315158	0.16771687956549286	0.3472511467602923	0.2466826275561442	0.21645774237721963	0.44246278737387196	0.6075242450802296	0.2271213672677438	0.8889127814065183	0.7773968840544997	0.1521337722154665	0.08326917334722542	0.22983584748386116	0.6546600184875048	0.2312258932625184	0.13148654717174765	0.28496952047047713	0.1329417903708806	0.1690454014364823
20.202020202020204	0.29460796793767463	0.7606059213623854	0.15298740271329414	0.2133597446395005	0.7011058672644225	0.16771687961845622	0.34725114676029584	0.2466826275561598	0.21645774212037475	0.4424627878679519	0.6075242449984105	0.2271213658013174	0.8889127820306612	0.7773968845725805	0.15213377220247642	0.08326917310978389	0.22983584706791224	0.6546600185774681	0.23122589269918414	0.13148654372293148	0.2849695204678173	0.13294179049005614	0.16904540103468654
20.70707070707071	0.2946079661519041	0.7606059234661613	0.1529874022767242	0.21335974425457263	0.7011058665708892	0.16771687972312455	0.3472511467605137	0.2466826275561897	0.21645774183195132	0.44246278841608244	0.6075242449288529	0.22712136436690647	0.8889127826419231	0.7773968851400226	0.15213377219224974	0.08326917288340258	0.22983584650581051	0.6546600188515813	0.2312258919470285	0.13148654034454585	0.284969520465527	0.13294179066842743	0.1690454006362416
21.212121212121215	0.2946079662242984	0.7606059233829773	0.15298740229552682	0.21335974427215998	0.7011058666475714	0.1677168797049013	0.34725114676069174	0.24668262755619666	0.2164577418469581	0.4424627883989561	0.6075242449292192	0.22712136442154687	0.8889127825980419	0.7773968851026439	0.15213377221687963	0.08326917288924301	0.22983584656971912	0.6546600188538073	0.23122589201007013	0.13148654047589173	0.2849695204661327	0.13294179063422418	0.1690454006538308
21.71717171717172	0.29460796629579084	0.7606059233008116	0.1529874023140881	0.21335974428955765	0.7011058667230547	0.1677168796869805	0.3472511467608672	0.24668262755620354	0.21645774186175193	0.4424627883820459	0.6075242449295952	0.2271213644755239	0.888912782554707	0.7773968850658151	0.1521337722411107	0.0832691728950257	0.22983584663261272	0.6546600188560211	0.23122589207213268	0.13148654060563014	0.2849695204667302	0.13294179060057185	0.16904540067119264
22.222222222222225	0.29460796631825487	0.7606059232740038	0.1529874023195287	0.21335974429664462	0.7011058667333668	0.16771687968550222	0.34725114676090785	0.24668262755620488	0.2164577418649701	0.4424627883768851	0.6075242449305068	0.22712136449343806	0.8889127825410694	0.7773968850588766	0.15213377224366006	0.08326917289766947	0.22983584664032888	0.6546600188575682	0.23122589208096833	0.1314865406479834	0.2849695204668818	0.1329417905968699	0.1690454006761927
22.72727272727273	0.2946079663407189	0.7606059232471961	0.15298740232496927	0.21335974430373159	0.7011058667436788	0.16771687968402396	0.34725114676094854	0.2466826275562062	0.21645774186818825	0.4424627883717243	0.6075242449314184	0.22712136451135223	0.8889127825274319	0.7773968850519383	0.15213377224620944	0.08326917290031323	0.22983584664804507	0.6546600188591153	0.23122589208980396	0.1314865406903367	0.28496952046703333	0.13294179059316794	0.16904540068119275
23.232323232323235	0.2946079663631829	0.7606059232203883	0.15298740233040986	0.21335974431081856	0.7011058667539909	0.16771687968254567	0.34725114676098917	0.2466826275562075	0.21645774187140643	0.4424627883665635	0.60752424493233	0.2271213645292664	0.8889127825137944	0.7773968850449999	0.15213377224875882	0.083269172902957	0.22983584665576126	0.6546600188606624	0.2312258920986396	0.13148654073268998	0.2849695204671849	0.13294179058946595	0.16904540068619278
23.73737373737374	0.29460796638564696	0.7606059231935806	0.15298740233585045	0.21335974431790553	0.7011058667643029	0.16771687968106738	0.3472511467610298	0.24668262755620884	0.21645774187462458	0.44246278836140274	0.6075242449332415	0.22712136454718054	0.8889127825001568	0.7773968850380616	0.1521337722513082	0.08326917290560076	0.22983584666347742	0.6546600188622095	0.23122589210747527	0.13148654077504326	0.2849695204673364	0.132941790585764	0.16904540069119284
24.242424242424242	0.29460796640255277	0.7606059231733696	0.15298740233992625	0.2133597443233572	0.7011058667714147	0.1677168796801455	0.3472511467610591	0.2466826275562098	0.21645774187696573	0.4424627883575651	0.6075242449339631	0.22712136456070572	0.8889127824899727	0.7773968850330502	0.1521337722530279	0.08326917290762957	0.22983584666868023	0.6546600188635199	0.23122589211357894	0.13148654080699176	0.2849695204674467	0.13294179058328826	0.169045400694934
24.747474747474747	0.2946079664096873	0.7606059231647558	0.15298740234160277	0.21335974432593405	0.7011058667729008	0.16771687968020169	0.3472511467610684	0.24668262755621004	0.21645774187776512	0.4424627883560535	0.6075242449343502	0.2271213645665152	0.88891278248586	0.7773968850314267	0.15213377225328908	0.0832691729085773	0.22983584666946452	0.6546600188644142	0.23122589211487984	0.13148654082064884	0.2849695204674847	0.1329417905829682	0.1690454006964621
25.252525252525253	0.2946079664168218	0.7606059231561421	0.15298740234327932	0.21335974432851088	0.7011058667743867	0.1677168796802579	0.3472511467610777	0.24668262755621032	0.21645774187856454	0.442462788354542	0.6075242449347373	0.22712136457232462	0.8889127824817473	0.7773968850298032	0.15213377225355026	0.08326917290952501	0.2298358466702488	0.6546600188653084	0.23122589211618078	0.13148654083430594	0.2849695204675226	0.13294179058264816	0.16904540069799015
25.757575757575758	0.29460796642395626	0.7606059231475283	0.15298740234495584	0.21335974433108773	0.7011058667758726	0.16771687968031407	0.347251146761087	0.24668262755621057	0.21645774187936392	0.44246278835303043	0.6075242449351245	0.2271213645781341	0.8889127824776345	0.7773968850281796	0.15213377225381144	0.08326917291047274	0.2298358466710331	0.6546600188662027	0.2312258921174817	0.13148654084796302	0.2849695204675606	0.1329417905823281	0.1690454006995182
26.262626262626263	0.2946079664310908	0.7606059231389145	0.15298740234663236	0.21335974433366459	0.7011058667773586	0.16771687968037027	0.3472511467610963	0.24668262755621082	0.2164577418801633	0.44246278835151887	0.6075242449355116	0.22712136458394352	0.8889127824735218	0.7773968850265561	0.15213377225407262	0.08326917291142046	0.22983584667181742	0.654660018867097	0.23122589211878264	0.13148654086162012	0.2849695204675985	0.13294179058200806	0.1690454007010463
26.767676767676768	0.2946079664334081	0.7606059231361163	0.1529874023471762	0.2133597443345079	0.7011058667778154	0.16771687968039553	0.3472511467610992	0.2466826275562109	0.21645774188041922	0.44246278835103164	0.6075242449356386	0.22712136458583204	0.8889127824721981	0.7773968850260365	0.15213377225415198	0.08326917291172985	0.22983584667204723	0.6546600188673979	0.23122589211918274	0.13148654086605893	0.2849695204676105	0.13294179058191496	0.16904540070154178
27.272727272727273	0.29460796643373005	0.7606059231357272	0.15298740234725086	0.21335974433463317	0.7011058667778459	0.16771687968040794	0.34725114676109947	0.2466826275562109	0.21645774188045003	0.4424627883509686	0.6075242449356578	0.22712136458609647	0.8889127824720298	0.7773968850259743	0.152133772254156	0.08326917291177484	0.2298358466720474	0.6546600188674531	0.23122589211920974	0.13148654086667938	0.2849695204676117	0.1329417905819159	0.16904540070160953
27.77777777777778	0.29460796643405207	0.7606059231353379	0.1529874023473255	0.21335974433475843	0.7011058667778766	0.16771687968042034	0.34725114676109975	0.24668262755621093	0.21645774188048084	0.4424627883509055	0.6075242449356771	0.22712136458636087	0.8889127824718613	0.7773968850259121	0.15213377225416005	0.08326917291181983	0.22983584667204754	0.6546600188675081	0.23122589211923675	0.1314865408672998	0.2849695204676129	0.13294179058191682	0.1690454007016773
28.282828282828284	0.29460796643437404	0.7606059231349487	0.15298740234740016	0.21335974433488372	0.7011058667779071	0.16771687968043275	0.34725114676109997	0.24668262755621093	0.21645774188051162	0.4424627883508425	0.6075242449356965	0.2271213645866253	0.8889127824716929	0.7773968850258498	0.15213377225416408	0.08326917291186482	0.2298358466720477	0.6546600188675633	0.23122589211926373	0.13148654086792025	0.28496952046761415	0.13294179058191777	0.1690454007017451
28.78787878787879	0.29460796643469606	0.7606059231345594	0.15298740234747482	0.21335974433500898	0.7011058667779376	0.16771687968044516	0.34725114676110025	0.24668262755621093	0.21645774188054243	0.44246278835077946	0.6075242449357157	0.22712136458688972	0.8889127824715245	0.7773968850257876	0.1521337722541681	0.08326917291190981	0.22983584667204787	0.6546600188676185	0.23122589211929073	0.1314865408685407	0.28496952046761537	0.13294179058191868	0.16904540070181284
29.292929292929294	0.294607966435018	0.7606059231341703	0.15298740234754946	0.21335974433513424	0.7011058667779682	0.16771687968045756	0.3472511467611005	0.24668262755621093	0.2164577418805732	0.4424627883507164	0.607524244935735	0.22712136458715415	0.8889127824713561	0.7773968850257253	0.15213377225417216	0.0832691729119548	0.22983584667204804	0.6546600188676736	0.23122589211931774	0.13148654086916114	0.2849695204676166	0.13294179058191963	0.16904540070188062
29.7979797979798	0.29460796643534004	0.7606059231337811	0.15298740234762412	0.21335974433525953	0.7011058667779988	0.16771687968046997	0.3472511467611008	0.24668262755621095	0.21645774188060402	0.4424627883506534	0.6075242449357543	0.22712136458741855	0.8889127824711878	0.7773968850256632	0.15213377225417618	0.0832691729119998	0.22983584667204818	0.6546600188677287	0.23122589211934474	0.13148654086978157	0.2849695204676178	0.13294179058192054	0.16904540070194837
30.303030303030305	0.294607966435662	0.7606059231333918	0.15298740234769875	0.2133597443353848	0.7011058667780293	0.16771687968048235	0.3472511467611011	0.24668262755621095	0.21645774188063482	0.44246278835059033	0.6075242449357736	0.22712136458768298	0.8889127824710193	0.7773968850256009	0.1521337722541802	0.08326917291204478	0.22983584667204834	0.6546600188677839	0.23122589211937172	0.131486540870402	0.28496952046761903	0.1329417905819215	0.16904540070201615
30.80808080808081	0.294607966435984	0.7606059231330027	0.15298740234777342	0.21335974433551005	0.7011058667780599	0.16771687968049476	0.3472511467611013	0.24668262755621095	0.2164577418806656	0.44246278835052727	0.6075242449357928	0.2271213645879474	0.8889127824708509	0.7773968850255387	0.15213377225418426	0.08326917291208977	0.2298358466720485	0.654660018867839	0.23122589211939873	0.13148654087102246	0.28496952046762025	0.1329417905819224	0.1690454007020839
31.313131313131315	0.294607966436306	0.7606059231326134	0.15298740234784805	0.21335974433563532	0.7011058667780904	0.16771687968050716	0.3472511467611016	0.24668262755621098	0.2164577418806964	0.44246278835046426	0.6075242449358121	0.22712136458821183	0.8889127824706825	0.7773968850254764	0.15213377225418828	0.08326917291213476	0.22983584667204868	0.6546600188678942	0.23122589211942574	0.13148654087164288	0.2849695204676215	0.13294179058192335	0.16904540070215168
31.81818181818182	0.29460796643662795	0.7606059231322242	0.1529874023479227	0.2133597443357606	0.701105866778121	0.16771687968051957	0.34725114676110186	0.24668262755621098	0.2164577418807272	0.4424627883504012	0.6075242449358315	0.22712136458847623	0.8889127824705142	0.7773968850254143	0.1521337722541923	0.08326917291217975	0.22983584667204884	0.6546600188679493	0.23122589211945271	0.13148654087226333	0.2849695204676227	0.13294179058192426	0.16904540070221946
32.323232323232325	0.29460796643695	0.760605923131835	0.15298740234799738	0.21335974433588586	0.7011058667781516	0.16771687968053198	0.34725114676110214	0.24668262755621098	0.216457741880758	0.44246278835033814	0.6075242449358507	0.22712136458874066	0.8889127824703458	0.777396885025352	0.15213377225419636	0.08326917291222474	0.22983584667204898	0.6546600188680044	0.23122589211947972	0.13148654087288378	0.2849695204676239	0.1329417905819252	0.1690454007022872
32.82828282828283	0.29460796643727194	0.7606059231314458	0.152987402348072	0.21335974433601113	0.7011058667781821	0.16771687968054438	0.3472511467611024	0.24668262755621098	0.2164577418807888	0.4424627883502751	0.60752424493587	0.2271213645890051	0.8889127824701774	0.7773968850252898	0.15213377225420038	0.08326917291226973	0.22983584667204915	0.6546600188680596	0.23122589211950673	0.13148654087350423	0.28496952046762514	0.13294179058192612	0.169045400702355
33.333333333333336	0.29460796643759396	0.7606059231310566	0.15298740234814667	0.2133597443361364	0.7011058667782126	0.1677168796805568	0.34725114676110264	0.246682627556211	0.2164577418808196	0.4424627883502121	0.6075242449358893	0.22712136458926951	0.8889127824700089	0.7773968850252275	0.1521337722542044	0.08326917291231473	0.22983584667204932	0.6546600188681146	0.2312258921195337	0.13148654087412465	0.28496952046762636	0.13294179058192707	0.16904540070242274
33.83838383838384	0.2946079664379159	0.7606059231306673	0.1529874023482213	0.21335974433626168	0.7011058667782432	0.1677168796805692	0.3472511467611029	0.246682627556211	0.2164577418808504	0.442462788350149	0.6075242449359086	0.22712136458953391	0.8889127824698406	0.7773968850251654	0.15213377225420846	0.08326917291235972	0.22983584667204948	0.6546600188681698	0.2312258921195607	0.1314865408747451	0.2849695204676276	0.13294179058192798	0.16904540070249052
34.343434343434346	0.29460796643823794	0.7606059231302781	0.15298740234829597	0.21335974433638694	0.7011058667782738	0.1677168796805816	0.3472511467611032	0.246682627556211	0.21645774188088118	0.44246278835008596	0.6075242449359278	0.22712136458979834	0.8889127824696722	0.7773968850251031	0.15213377225421248	0.0832691729124047	0.22983584667204965	0.654660018868225	0.23122589211958772	0.13148654087536554	0.28496952046762886	0.13294179058192893	0.16904540070255827
34.84848484848485	0.2946079664385599	0.760605923129889	0.1529874023483706	0.2133597443365122	0.7011058667783043	0.167716879680594	0.34725114676110347	0.24668262755621104	0.216457741880912	0.44246278835002295	0.6075242449359471	0.22712136459006277	0.8889127824695038	0.7773968850250408	0.1521337722542165	0.08326917291244969	0.2298358466720498	0.6546600188682801	0.2312258921196147	0.13148654087598596	0.2849695204676301	0.13294179058192984	0.16904540070262605
35.35353535353536	0.29460796643888193	0.7606059231294997	0.15298740234844527	0.21335974433663749	0.7011058667783349	0.16771687968060642	0.34725114676110375	0.24668262755621104	0.2164577418809428	0.4424627883499599	0.6075242449359665	0.2271213645903272	0.8889127824693354	0.7773968850249786	0.15213377225422056	0.08326917291249468	0.22983584667204995	0.6546600188683352	0.2312258921196417	0.1314865408766064	0.2849695204676313	0.13294179058193079	0.1690454007026938
35.85858585858586	0.2946079664392039	0.7606059231291105	0.15298740234851993	0.21335974433676275	0.7011058667783654	0.16771687968061882	0.34725114676110397	0.24668262755621104	0.21645774188097358	0.44246278834989683	0.6075242449359857	0.2271213645905916	0.8889127824691669	0.7773968850249163	0.1521337722542246	0.08326917291253967	0.22983584667205012	0.6546600188683904	0.2312258921196687	0.13148654087722686	0.2849695204676325	0.1329417905819317	0.16904540070276158
36.36363636363637	0.29460796643952586	0.7606059231287213	0.15298740234859456	0.213359744336888	0.701105866778396	0.16771687968063123	0.34725114676110425	0.24668262755621104	0.2164577418810044	0.4424627883498338	0.607524244936005	0.22712136459085602	0.8889127824689986	0.7773968850248542	0.1521337722542286	0.08326917291258466	0.2298358466720503	0.6546600188684455	0.23122589211969571	0.1314865408778473	0.28496952046763374	0.13294179058193265	0.16904540070282936
36.86868686868687	0.2946079664398479	0.7606059231283321	0.15298740234866923	0.21335974433701327	0.7011058667784266	0.16771687968064364	0.3472511467611045	0.24668262755621106	0.21645774188103517	0.44246278834977076	0.6075242449360243	0.22712136459112045	0.8889127824688302	0.7773968850247919	0.15213377225423266	0.08326917291262965	0.22983584667205043	0.6546600188685007	0.2312258921197227	0.13148654087846773	0.28496952046763496	0.13294179058193356	0.16904540070289711
37.37373737373738	0.29460796644016984	0.7606059231279428	0.15298740234874386	0.21335974433713856	0.7011058667784571	0.16771687968065604	0.3472511467611048	0.24668262755621106	0.21645774188106598	0.4424627883497077	0.6075242449360436	0.22712136459138488	0.8889127824686618	0.7773968850247297	0.1521337722542367	0.08326917291267465	0.2298358466720506	0.6546600188685558	0.2312258921197497	0.13148654087908818	0.2849695204676362	0.1329417905819345	0.1690454007029649
37.87878787878788	0.29460796644049186	0.7606059231275536	0.15298740234881852	0.21335974433726382	0.7011058667784876	0.16771687968066845	0.3472511467611051	0.24668262755621106	0.2164577418810968	0.4424627883496447	0.6075242449360628	0.22712136459164928	0.8889127824684934	0.7773968850246674	0.1521337722542407	0.08326917291271964	0.22983584667205076	0.6546600188686109	0.2312258921197767	0.13148654087970862	0.2849695204676374	0.13294179058193542	0.16904540070303264
38.38383838383839	0.29460796644081383	0.7606059231271645	0.15298740234889316	0.21335974433738908	0.7011058667785183	0.16771687968068086	0.3472511467611053	0.2466826275562111	0.21645774188112757	0.44246278834958164	0.6075242449360821	0.2271213645919137	0.8889127824683251	0.7773968850246052	0.15213377225424476	0.08326917291276463	0.22983584667205093	0.6546600188686661	0.23122589211980368	0.13148654088032904	0.2849695204676386	0.13294179058193636	0.16904540070310042
38.88888888888889	0.29460796644113585	0.7606059231267752	0.15298740234896782	0.21335974433751434	0.7011058667785488	0.16771687968069326	0.3472511467611056	0.2466826275562111	0.21645774188115838	0.4424627883495186	0.6075242449361015	0.22712136459217813	0.8889127824681566	0.777396885024543	0.1521337722542488	0.08326917291280961	0.2298358466720511	0.6546600188687213	0.2312258921198307	0.1314865408809495	0.28496952046763985	0.13294179058193728	0.16904540070316817
39.3939393939394	0.2946079664414578	0.760605923126386	0.15298740234904248	0.21335974433763963	0.7011058667785793	0.16771687968070567	0.34725114676110586	0.2466826275562111	0.21645774188118916	0.44246278834945557	0.6075242449361207	0.22712136459244253	0.8889127824679882	0.7773968850244808	0.1521337722542528	0.0832691729128546	0.22983584667205123	0.6546600188687763	0.2312258921198577	0.13148654088156994	0.28496952046764107	0.13294179058193822	0.16904540070323595
39.8989898989899	0.29460796644177983	0.7606059231259967	0.15298740234911712	0.2133597443377649	0.7011058667786099	0.16771687968071808	0.34725114676110613	0.2466826275562111	0.21645774188121997	0.4424627883493925	0.60752424493614	0.22712136459270696	0.8889127824678198	0.7773968850244185	0.15213377225425687	0.08326917291289959	0.2298358466720514	0.6546600188688315	0.23122589211988467	0.1314865408821904	0.2849695204676423	0.13294179058193914	0.16904540070330373
40.40404040404041	0.2946079664421018	0.7606059231256076	0.15298740234919178	0.21335974433789015	0.7011058667786405	0.16771687968073049	0.3472511467611064	0.24668262755621112	0.21645774188125078	0.44246278834932945	0.6075242449361593	0.2271213645929714	0.8889127824676515	0.7773968850243563	0.1521337722542609	0.08326917291294458	0.22983584667205156	0.6546600188688866	0.23122589211991168	0.1314865408828108	0.2849695204676435	0.13294179058194008	0.16904540070337148
40.909090909090914	0.29460796644242376	0.7606059231252184	0.15298740234926642	0.21335974433801544	0.701105866778671	0.1677168796807429	0.34725114676110663	0.24668262755621112	0.21645774188128156	0.4424627883492664	0.6075242449361786	0.2271213645932358	0.8889127824674831	0.777396885024294	0.15213377225426492	0.08326917291298958	0.22983584667205173	0.6546600188689418	0.2312258921199387	0.13148654088343126	0.28496952046764473	0.132941790581941	0.16904540070343926
41.41414141414142	0.2946079664427458	0.7606059231248291	0.15298740234934108	0.2133597443381407	0.7011058667787016	0.1677168796807553	0.3472511467611069	0.24668262755621112	0.21645774188131237	0.4424627883492034	0.6075242449361978	0.2271213645935002	0.8889127824673146	0.7773968850242319	0.15213377225426897	0.08326917291303457	0.2298358466720519	0.6546600188689969	0.23122589211996566	0.1314865408840517	0.28496952046764595	0.13294179058194194	0.16904540070350701
41.919191919191924	0.29460796644306775	0.76060592312444	0.1529874023494157	0.21335974433826596	0.7011058667787321	0.1677168796807677	0.3472511467611072	0.24668262755621115	0.21645774188134315	0.4424627883491403	0.6075242449362172	0.22712136459376464	0.8889127824671462	0.7773968850241696	0.152133772254273	0.08326917291307956	0.22983584667205204	0.654660018869052	0.23122589211999267	0.13148654088467213	0.2849695204676472	0.13294179058194286	0.1690454007035748
42.42424242424243	0.29460796644338977	0.7606059231240507	0.15298740234949038	0.21335974433839122	0.7011058667787626	0.1677168796807801	0.34725114676110747	0.24668262755621115	0.21645774188137396	0.44246278834907726	0.6075242449362365	0.22712136459402907	0.8889127824669778	0.7773968850241074	0.15213377225427702	0.08326917291312455	0.2298358466720522	0.6546600188691072	0.23122589212001968	0.13148654088529257	0.2849695204676484	0.1329417905819438	0.16904540070364255
42.929292929292934	0.29460796644371173	0.7606059231236615	0.15298740234956504	0.2133597443385165	0.7011058667787933	0.16771687968079252	0.34725114676110774	0.24668262755621115	0.21645774188140476	0.44246278834901426	0.6075242449362557	0.2271213645942935	0.8889127824668095	0.7773968850240451	0.15213377225428107	0.08326917291316953	0.22983584667205237	0.6546600188691624	0.23122589212004668	0.13148654088591302	0.2849695204676497	0.13294179058194472	0.16904540070371032
43.43434343434344	0.29460796644403375	0.7606059231232722	0.15298740234963967	0.21335974433864177	0.7011058667788238	0.16771687968080493	0.34725114676110796	0.24668262755621115	0.21645774188143554	0.4424627883489512	0.607524244936275	0.2271213645945579	0.8889127824666411	0.777396885023983	0.1521337722542851	0.08326917291321452	0.22983584667205254	0.6546600188692174	0.23122589212007366	0.13148654088653347	0.2849695204676509	0.13294179058194566	0.1690454007037781
43.939393939393945	0.2946079664443557	0.7606059231228831	0.15298740234971434	0.21335974433876703	0.7011058667788543	0.16771687968081733	0.34725114676110824	0.24668262755621118	0.21645774188146635	0.44246278834888814	0.6075242449362943	0.22712136459482232	0.8889127824664727	0.7773968850239207	0.15213377225428912	0.08326917291325951	0.22983584667205267	0.6546600188692726	0.23122589212010067	0.1314865408871539	0.2849695204676521	0.13294179058194658	0.16904540070384586
44.44444444444445	0.29460796644467774	0.7606059231224939	0.15298740234978897	0.2133597443388923	0.7011058667788849	0.1677168796808297	0.3472511467611085	0.24668262755621118	0.21645774188149713	0.44246278834882513	0.6075242449363136	0.22712136459508675	0.8889127824663042	0.7773968850238584	0.15213377225429317	0.0832691729133045	0.22983584667205284	0.6546600188693278	0.23122589212012767	0.13148654088777434	0.28496952046765334	0.13294179058194752	0.16904540070391363
44.949494949494955	0.2946079664449997	0.7606059231221046	0.15298740234986363	0.21335974433901758	0.7011058667789155	0.16771687968084212	0.3472511467611088	0.24668262755621118	0.21645774188152794	0.44246278834876207	0.6075242449363328	0.22712136459535118	0.8889127824661359	0.7773968850237962	0.1521337722542972	0.0832691729133495	0.229835846672053	0.6546600188693829	0.23122589212015465	0.1314865408883948	0.28496952046765456	0.13294179058194844	0.16904540070398139
45.45454545454546	0.2946079664453217	0.7606059231217155	0.1529874023499383	0.21335974433914284	0.701105866778946	0.16771687968085452	0.3472511467611091	0.2466826275562112	0.21645774188155875	0.442462788348699	0.6075242449363522	0.22712136459561558	0.8889127824659675	0.7773968850237339	0.15213377225430122	0.08326917291339449	0.22983584667205317	0.654660018869438	0.23122589212018166	0.1314865408890152	0.2849695204676558	0.13294179058194938	0.16904540070404916
45.959595959595966	0.2946079664456437	0.7606059231213262	0.15298740235001293	0.2133597443392681	0.7011058667789766	0.16771687968086693	0.3472511467611093	0.2466826275562112	0.21645774188158953	0.442462788348636	0.6075242449363715	0.22712136459588	0.8889127824657991	0.7773968850236718	0.15213377225430527	0.08326917291343948	0.22983584667205334	0.6546600188694932	0.23122589212020866	0.13148654088963566	0.284969520467657	0.1329417905819503	0.16904540070411692
46.46464646464647	0.29460796644596565	0.760605923120937	0.1529874023500876	0.2133597443393934	0.7011058667790071	0.16771687968087934	0.3472511467611096	0.2466826275562112	0.21645774188162034	0.44246278834857294	0.6075242449363907	0.22712136459614443	0.8889127824656307	0.7773968850236095	0.1521337722543093	0.08326917291348447	0.22983584667205348	0.6546600188695483	0.23122589212023564	0.1314865408902561	0.2849695204676582	0.13294179058195124	0.1690454007041847
46.969696969696976	0.2946079664462877	0.7606059231205478	0.15298740235016223	0.21335974433951865	0.7011058667790377	0.16771687968089175	0.34725114676110985	0.2466826275562112	0.21645774188165112	0.4424627883485099	0.60752424493641	0.22712136459640886	0.8889127824654623	0.7773968850235473	0.15213377225431332	0.08326917291352946	0.22983584667205365	0.6546600188696035	0.23122589212026265	0.13148654089087655	0.28496952046765944	0.13294179058195216	0.16904540070425247
47.47474747474748	0.29460796644660964	0.7606059231201586	0.1529874023502369	0.21335974433964391	0.7011058667790683	0.16771687968090415	0.34725114676111013	0.24668262755621123	0.21645774188168193	0.4424627883484468	0.6075242449364293	0.22712136459667326	0.8889127824652939	0.777396885023485	0.15213377225431735	0.08326917291357444	0.2298358466720538	0.6546600188696585	0.23122589212028966	0.13148654089149697	0.28496952046766066	0.1329417905819531	0.16904540070432023
47.979797979797986	0.29460796644693166	0.7606059231197694	0.15298740235031152	0.21335974433976918	0.7011058667790988	0.16771687968091656	0.3472511467611104	0.24668262755621123	0.21645774188171274	0.4424627883483838	0.6075242449364486	0.22712136459693769	0.8889127824651255	0.7773968850234229	0.1521337722543214	0.08326917291361943	0.22983584667205398	0.6546600188697137	0.23122589212031663	0.13148654089211742	0.2849695204676619	0.13294179058195402	0.169045400704388
48.484848484848484	0.2946079664472536	0.7606059231193801	0.1529874023503862	0.21335974433989446	0.7011058667791293	0.16771687968092897	0.34725114676111063	0.24668262755621123	0.21645774188174352	0.44246278834832076	0.6075242449364678	0.2271213645972021	0.8889127824649571	0.7773968850233606	0.15213377225432542	0.08326917291366442	0.22983584667205414	0.6546600188697689	0.23122589212034364	0.13148654089273787	0.2849695204676631	0.13294179058195496	0.16904540070445576
48.98989898989899	0.29460796644757564	0.7606059231189909	0.15298740235046085	0.21335974434001972	0.7011058667791599	0.16771687968094137	0.3472511467611109	0.24668262755621123	0.21645774188177433	0.4424627883482577	0.6075242449364872	0.22712136459746654	0.8889127824647888	0.7773968850232984	0.15213377225432945	0.08326917291370942	0.22983584667205428	0.654660018869824	0.23122589212037065	0.1314865408933583	0.28496952046766433	0.13294179058195588	0.16904540070452354
49.494949494949495	0.2946079664478976	0.7606059231186018	0.15298740235053548	0.21335974434014499	0.7011058667791905	0.16771687968095378	0.3472511467611112	0.24668262755621126	0.2164577418818051	0.4424627883481947	0.6075242449365065	0.22712136459773094	0.8889127824646204	0.7773968850232361	0.1521337722543335	0.08326917291375441	0.22983584667205445	0.6546600188698791	0.23122589212039762	0.13148654089397874	0.28496952046766555	0.13294179058195682	0.1690454007045913
50.0	0.2946079664481728	0.7606059231182691	0.1529874023505993	0.21335974434025204	0.7011058667792165	0.1677168796809644	0.3472511467611114	0.24668262755621126	0.21645774188183142	0.44246278834814085	0.6075242449365229	0.22712136459795693	0.8889127824644766	0.777396885023183	0.15213377225433694	0.08326917291379286	0.2298358466720545	0.6546600188699263	0.23122589212042063	0.13148654089450895	0.2849695204676666	0.13294179058195765	0.1690454007046492
