NON $ % + - .
#NON	d	a	e	b	c
0.0	0.6642870532615728	0.46285417777005344	0.7463855209404786	0.9332653724073857	0.47167124405507377
0.5050505050505051	0.2610768187076266	0.17312334142150004	0.4998577351868758	0.4792883385152964	0.28308901455316626
1.0101010101010102	0.11247395765231828	0.07723090061621611	0.35287086858434114	0.32219702165837294	0.17014827433724689
1.5151515151515151	0.05505458456024396	0.04109858185610195	0.2676188746872666	0.26707816358484915	0.10399891935495048
2.0202020202020203	0.031585759676143646	0.025803029559336135	0.2204113451881773	0.24985068030317523	0.06581724610998144
2.5252525252525255	0.02137765064319403	0.01870357244749462	0.19586111530668443	0.24711416052514387	0.0439750879059085
3.0303030303030303	0.01668082197180294	0.015216403828981625	0.18416890337464206	0.2494780495186411	0.03157251623537119
3.5353535353535355	0.014435528571767593	0.013466264706737998	0.1793465758809452	0.25304253755036044	0.024589508691549477
4.040404040404041	0.01334517423280237	0.012592627214386228	0.17791378103606695	0.2562849472663952	0.02069860312357239
4.545454545454546	0.012818418085593081	0.01216713492832768	0.17796490097627696	0.2587530233484098	0.018557083578483867
5.050505050505051	0.01256977820900908	0.011968163734486345	0.17853240458328185	0.26045243514480265	0.017394622192543223
5.555555555555556	0.012457144658731304	0.01188052822623794	0.17917400788624588	0.2615462010008931	0.016773118328787216
6.0606060606060606	0.012409360111569043	0.011845391268695616	0.1797203141983617	0.26221611756367674	0.016446266379015063
6.565656565656566	0.012391250969170793	0.011833615235786757	0.18013072571854907	0.26261092794971913	0.016277441923585673
7.070707070707071	0.012385898424251628	0.011831364412644334	0.1804172417960984	0.26283641052484347	0.016191974642547763
7.575757575757576	0.012385490827161881	0.011832426732243634	0.18060760986179905	0.2629617682691256	0.016149694234494073
8.080808080808081	0.012386629422283251	0.011834230438304479	0.18072957170773277	0.2630297931018113	0.016129345568662686
8.585858585858587	0.012387971268552067	0.011835853450333852	0.18080552214880669	0.26306587022060135	0.01611988631083437
9.090909090909092	0.012389075903809695	0.011837063962399894	0.18085173849783268	0.26308457207542874	0.016115689385592647
9.595959595959597	0.012389866799095905	0.011837885818292496	0.1808793184247687	0.2630940339798995	0.016113953444286403
10.101010101010102	0.012390390509355457	0.011838411644540513	0.18089549913761865	0.263098693385882	0.01611331694928868
10.606060606060607	0.012390720057340895	0.011838734294532745	0.1809048498679526	0.26310091504188643	0.016113141031814004
11.111111111111112	0.012390919669797117	0.011838926009885902	0.18091017996835498	0.2631019325103648	0.01611313718288599
11.616161616161618	0.012391037108942985	0.011839036899166454	0.1809131824690363	0.2631023741749902	0.016113183656201322
12.121212121212121	0.01239110456407994	0.011839099666276746	0.18091485083288344	0.26310254714852416	0.016113235258195188
12.626262626262626	0.0123911423523141	0.011839134563945758	0.18091576766908787	0.2631026046657877	0.01611327622912323
13.131313131313131	0.012391163047505111	0.011839153209133976	0.18091626698359978	0.26310261692551723	0.016113304485437303
13.636363636363637	0.01239117421631286	0.01183916312505347	0.1809165354071207	0.2631026127084942	0.016113323045897566
14.141414141414142	0.012391180095262553	0.01183916904139794	0.18091667801617725	0.2631026048129059	0.016113334548009478
14.646464646464647	0.01239118319978065	0.011839172466283935	0.18091675560958348	0.2631025984947442	0.016113341242139145
15.151515151515152	0.012391184826605176	0.011839173178866525	0.18091679748889866	0.263102593825966	0.016113345142169246
15.656565656565657	0.012391185615327175	0.011839172207319552	0.18091681811755217	0.263102590084692	0.016113347492024078
16.161616161616163	0.012391186082535538	0.011839171764520894	0.18091683058914784	0.26310258727164393	0.016113349070933876
16.666666666666668	0.012391186351983554	0.011839172102947687	0.18091683814632736	0.2631025853749889	0.016113350060882492
17.171717171717173	0.01239118639570689	0.011839172989137715	0.1809168400675363	0.263102584336609	0.016113350440738708
17.67676767676768	0.012391186442484095	0.011839173327518037	0.18091684184064696	0.26310258358076816	0.016113350740609902
18.181818181818183	0.012391186388365833	0.011839173615880428	0.18091684097215333	0.26310258336906167	0.016113350719632973
18.68686868686869	0.012391186374019845	0.0118391738717407	0.1809168410844953	0.2631025830064452	0.016113350806051526
19.191919191919194	0.01239118631488865	0.011839173822252955	0.1809168396964243	0.26310258323012853	0.016113350646592334
19.6969696969697	0.012391186285498979	0.011839173797733938	0.1809168389964994	0.26310258335320735	0.016113350563763642
20.202020202020204	0.012391186274403129	0.011839173788573028	0.18091683871984882	0.2631025834144049	0.016113350528069885
20.70707070707071	0.012391186263307279	0.011839173779412116	0.1809168384431982	0.2631025834756024	0.016113350492376128
21.212121212121215	0.012391186252211429	0.011839173770251205	0.1809168381665476	0.26310258353679994	0.016113350456682368
21.71717171717172	0.012391186241115579	0.011839173761090295	0.180916837889897	0.26310258359799743	0.01611335042098861
22.222222222222225	0.01239118623001973	0.011839173751929383	0.1809168376132464	0.263102583659195	0.016113350385294854
22.72727272727273	0.012391186225136443	0.011839173747927464	0.18091683748825116	0.2631025836892152	0.016113350368659126
23.232323232323235	0.012391186223155265	0.011839173746335491	0.18091683743409953	0.2631025837046713	0.016113350360926083
23.73737373737374	0.012391186221174088	0.01183917374474352	0.1809168373799479	0.26310258372012746	0.016113350353193036
24.242424242424242	0.01239118621919291	0.011839173743151549	0.18091683732579625	0.2631025837355836	0.016113350345459992
24.747474747474747	0.012391186217211733	0.011839173741559577	0.18091683727164462	0.2631025837510398	0.016113350337726946
25.252525252525253	0.012391186215230556	0.011839173739967604	0.180916837217493	0.2631025837664959	0.0161133503299939
25.757575757575758	0.012391186214659277	0.011839173739511592	0.18091683720153037	0.2631025837712267	0.016113350327681804
26.262626262626263	0.012391186214573021	0.011839173739446363	0.18091683719870522	0.2631025837722678	0.01611335032723457
26.767676767676768	0.012391186214486764	0.011839173739381132	0.18091683719588006	0.263102583773309	0.01611335032678734
27.272727272727273	0.012391186214400506	0.011839173739315902	0.1809168371930549	0.2631025837743501	0.016113350326340106
27.77777777777778	0.01239118621431425	0.011839173739250673	0.18091683719022977	0.2631025837753912	0.01611335032589287
28.282828282828284	0.012391186214227993	0.011839173739185442	0.18091683718740462	0.2631025837764323	0.016113350325445638
28.78787878787879	0.012391186214141736	0.011839173739120211	0.18091683718457946	0.2631025837774734	0.016113350324998405
29.292929292929294	0.01239118621405548	0.011839173739054982	0.1809168371817543	0.2631025837785146	0.016113350324551173
29.7979797979798	0.012391186213969223	0.011839173738989751	0.18091683717892915	0.2631025837795557	0.01611335032410394
30.303030303030305	0.012391186213882965	0.01183917373892452	0.180916837176104	0.2631025837805968	0.016113350323656704
30.80808080808081	0.01239118621379671	0.011839173738859291	0.18091683717327883	0.2631025837816379	0.01611335032320947
31.313131313131315	0.012391186213710452	0.01183917373879406	0.18091683717045368	0.2631025837826791	0.01611335032276224
31.81818181818182	0.012391186213624197	0.01183917373872883	0.18091683716762852	0.2631025837837202	0.016113350322315007
32.323232323232325	0.01239118621353794	0.0118391737386636	0.18091683716480336	0.2631025837847613	0.01611335032186777
32.82828282828283	0.012391186213451682	0.01183917373859837	0.1809168371619782	0.2631025837858024	0.016113350321420538
33.333333333333336	0.012391186213365426	0.01183917373853314	0.18091683715915305	0.2631025837868436	0.016113350320973305
33.83838383838384	0.012391186213279169	0.01183917373846791	0.1809168371563279	0.2631025837878847	0.016113350320526073
34.343434343434346	0.012391186213192911	0.011839173738402679	0.18091683715350274	0.2631025837889258	0.01611335032007884
34.84848484848485	0.012391186213106656	0.01183917373833745	0.18091683715067758	0.2631025837899669	0.016113350319631604
35.35353535353536	0.012391186213020398	0.011839173738272219	0.18091683714785242	0.2631025837910081	0.016113350319184372
35.85858585858586	0.012391186212934141	0.011839173738206988	0.1809168371450273	0.2631025837920492	0.01611335031873714
36.36363636363637	0.012391186212847885	0.01183917373814176	0.18091683714220214	0.2631025837930903	0.016113350318289907
36.86868686868687	0.012391186212761628	0.011839173738076528	0.18091683713937698	0.26310258379413143	0.016113350317842674
37.37373737373738	0.01239118621267537	0.011839173738011298	0.18091683713655182	0.2631025837951726	0.01611335031739544
37.87878787878788	0.012391186212589115	0.011839173737946069	0.18091683713372667	0.2631025837962137	0.016113350316948206
38.38383838383839	0.012391186212519962	0.011839173737893843	0.18091683713145332	0.26310258379705426	0.0161133503165879
38.88888888888889	0.012391186212516841	0.011839173737891813	0.18091683713130993	0.2631025837971204	0.016113350316563153
39.3939393939394	0.01239118621251372	0.011839173737889784	0.18091683713116657	0.26310258379718665	0.0161133503165384
39.8989898989899	0.012391186212510601	0.011839173737887754	0.1809168371310232	0.2631025837972528	0.01611335031651365
40.40404040404041	0.01239118621250748	0.011839173737885724	0.18091683713087983	0.26310258379731905	0.0161133503164889
40.909090909090914	0.01239118621250436	0.011839173737883695	0.18091683713073645	0.26310258379738527	0.016113350316464152
41.41414141414142	0.012391186212501239	0.011839173737881665	0.1809168371305931	0.26310258379745144	0.0161133503164394
41.919191919191924	0.012391186212498118	0.011839173737879636	0.18091683713044973	0.26310258379751766	0.01611335031641465
42.42424242424243	0.012391186212494998	0.011839173737877606	0.18091683713030635	0.2631025837975839	0.0161133503163899
42.929292929292934	0.012391186212491877	0.011839173737875576	0.180916837130163	0.26310258379765006	0.01611335031636515
43.43434343434344	0.012391186212488756	0.011839173737873547	0.1809168371300196	0.2631025837977163	0.0161133503163404
43.939393939393945	0.012391186212485635	0.011839173737871517	0.18091683712987625	0.2631025837977825	0.01611335031631565
44.44444444444445	0.012391186212482514	0.011839173737869487	0.18091683712973286	0.2631025837978487	0.0161133503162909
44.949494949494955	0.012391186212479394	0.011839173737867458	0.1809168371295895	0.2631025837979149	0.01611335031626615
45.45454545454546	0.012391186212476273	0.011839173737865428	0.18091683712944615	0.26310258379798107	0.0161133503162414
45.959595959595966	0.012391186212473152	0.011839173737863399	0.18091683712930276	0.2631025837980473	0.01611335031621665
46.46464646464647	0.012391186212470033	0.011839173737861369	0.1809168371291594	0.2631025837981135	0.0161133503161919
46.969696969696976	0.012391186212466912	0.01183917373785934	0.18091683712901602	0.2631025837981797	0.01611335031616715
47.47474747474748	0.012391186212463792	0.01183917373785731	0.18091683712887266	0.2631025837982459	0.0161133503161424
47.979797979797986	0.01239118621246067	0.01183917373785528	0.18091683712872927	0.26310258379831214	0.01611335031611765
48.484848484848484	0.01239118621245755	0.01183917373785325	0.18091683712858592	0.2631025837983783	0.0161133503160929
48.98989898989899	0.01239118621245443	0.01183917373785122	0.18091683712844253	0.26310258379844453	0.01611335031606815
49.494949494949495	0.012391186212451308	0.011839173737849191	0.18091683712829917	0.26310258379851076	0.0161133503160434
50.0	0.012391186212448188	0.011839173737847162	0.18091683712815582	0.26310258379857693	0.01611335031601865
