NON $ % + - . 0
#NON	d	f	a	e	b	c
0.0	0.4133247260239328	0.7747916971021815	0.0012156584590511388	0.11417586306231398	0.9123259918475004	0.902622927550781
0.42016806722689076	0.22086985020378874	0.5946020768552022	0.0036344068978175622	0.13567029022316082	0.4769458723342026	0.5282130296087231
0.8403361344537815	0.17226339223579626	0.46775039397504925	0.005407208610453796	0.15330103903365602	0.29475005408102223	0.3584619219230157
1.2605042016806722	0.16305721485438243	0.38026045178883183	0.006394494758365267	0.16575058539995202	0.21919142830551697	0.2818111443487933
1.680672268907563	0.16323763972643002	0.3217709649811865	0.006886657850721288	0.17388605028935766	0.18817629948875772	0.24731671158658813
2.100840336134454	0.1649481364392955	0.28386568338829427	0.007128443780754654	0.17900900625551316	0.17567451980700902	0.2319332212038762
2.5210084033613445	0.1664255637851149	0.2599324039499117	0.007254472524594933	0.18217847302156476	0.17079740930146367	0.22519237970592168
2.9411764705882355	0.16744187911690367	0.24512548587314667	0.0073277263955578995	0.1841225296593714	0.16900549299595616	0.22232559926072043
3.361344537815126	0.1680911273337836	0.23610659332408832	0.00737574787670278	0.185309825099767	0.1684231827862244	0.22116647415383522
3.7815126050420167	0.16849397572760672	0.23067887909643206	0.007410375176372473	0.1860333424986465	0.16828885943571145	0.22073944315892408
4.201680672268908	0.16874091511869516	0.2274431000729706	0.007436832767170855	0.18647373131011336	0.16830252269088677	0.22061216937695263
4.621848739495799	0.16889151014257076	0.22552863092767103	0.007457624166583695	0.18674161994382088	0.16835223163343133	0.2205979470611758
5.042016806722689	0.16898315456185672	0.2244029599932223	0.007474132417699704	0.18690452129920418	0.1684004457685397	0.22061946079638273
5.46218487394958	0.16903887764245648	0.22374454855890868	0.007487258590391257	0.18700356215737082	0.16843757966491862	0.22064694849861133
5.882352941176471	0.1690727489460537	0.22336117830712865	0.00749767040822092	0.18706377088704956	0.16846355617426365	0.22067054451133206
6.302521008403361	0.16909333564110468	0.2231388488650149	0.007505898545911236	0.18710037056561313	0.16848082798622885	0.22068818086092712
6.722689075630252	0.16910584764787842	0.2230103849988063	0.007512376047822802	0.18712261762656082	0.16849197128715926	0.2207004757552941
7.142857142857143	0.16911345259753674	0.2229364044233203	0.007517457601578941	0.18713614083092986	0.16849902502610967	0.22070870139549742
7.563025210084033	0.1691180748664286	0.2228939405442934	0.007521432149975384	0.1871443607640468	0.16850343510842028	0.22071406185450168
7.983193277310924	0.16912088418011448	0.22286964679765617	0.007524533179148541	0.18714935687272558	0.16850616922830622	0.22071749281420486
8.403361344537815	0.16912259192703727	0.2228557888740456	0.0075269478341302804	0.18715239406047532	0.16850785384187963	0.2207196599889383
8.823529411764707	0.1691236299398793	0.22284791279424002	0.007528825001400901	0.18715424002711906	0.16850888841301195	0.22072101734131946
9.243697478991598	0.16912426076875633	0.2228434511486538	0.007530282468262909	0.1871553621299939	0.1685095213373011	0.22072186095208052
9.663865546218487	0.16912464439093222	0.2228409342730143	0.0075314129168912005	0.18715604407035352	0.16850990829232837	0.22072238311880693
10.084033613445378	0.16912487721459155	0.22283951755888734	0.007532289047576294	0.18715645887834548	0.16851014427294536	0.22072270466677046
10.504201680672269	0.169125018939893	0.22283872718387837	0.0075329676237270325	0.18715671073258458	0.1685102878770478	0.22072290216008025
10.92436974789916	0.1691251054336942	0.2228382874732073	0.007533492927013823	0.1871568637971242	0.16851037554048645	0.22072302333604404
11.344537815126051	0.1691251570003058	0.22283804428376894	0.0075338993141071	0.18715695668064752	0.16851042852518078	0.22072309704493315
11.764705882352942	0.16912518831621418	0.2228379111361037	0.007534213616252471	0.1871570130371413	0.16851046071076978	0.22072314210479882
12.184873949579831	0.16912520865782013	0.22283783664607767	0.007534456750415713	0.18715704769586794	0.16851048073483196	0.2207231700207348
12.605042016806722	0.16912522109336517	0.22283779612618088	0.007534644790933408	0.18715706881275307	0.16851049292184506	0.22072318701413757
13.025210084033613	0.16912522751791012	0.2228377745912206	0.007534790875758649	0.1871570816809529	0.16851050018784508	0.22072319729864034
13.445378151260504	0.16912523086006676	0.22283776406785963	0.007534903610120608	0.18715708926048297	0.16851050443084456	0.22072320334828366
13.865546218487395	0.169125233572684	0.22283775889076893	0.007534990598118331	0.1871570938303983	0.1685105070808665	0.22072320707197102
14.285714285714286	0.1691252358593079	0.22283775602930916	0.007535057589469644	0.18715709669192376	0.16851050880115662	0.22072320945959603
14.705882352941178	0.16912523700346796	0.22283775455078683	0.007535109477997855	0.18715709844522113	0.16851050982518573	0.22072321089603555
15.126050420168067	0.1691252374639961	0.2228377539223693	0.00753514961786771	0.18715709947921028	0.16851051040633577	0.22072321172160944
15.546218487394958	0.16912523762463533	0.22283775370230172	0.007535180571917493	0.18715710008346975	0.16851051073426082	0.22072321219306654
15.966386554621849	0.16912523779347066	0.22283775361850602	0.0075352044668414	0.18715710045818265	0.16851051094485803	0.22072321249278698
16.386554621848738	0.16912523810068789	0.22283775357576643	0.007535222990049409	0.18715710070632197	0.1685105111051031	0.22072321271196277
16.80672268907563	0.16912523857053344	0.2228377535589161	0.007535237156695779	0.18715710086928167	0.16851051123893823	0.2207232128844636
17.22689075630252	0.16912523923423567	0.2228377535448198	0.007535248140909554	0.18715710099522861	0.16851051137453033	0.22072321305004106
17.647058823529413	0.16912524010912977	0.22283775352145224	0.0075352565617078605	0.18715710110533884	0.16851051152462593	0.22072321322650557
18.067226890756302	0.16912524092220493	0.22283775349274992	0.007535263312037465	0.18715710119963325	0.16851051166002898	0.22072321338455755
18.487394957983195	0.16912524081928154	0.22283775350560153	0.007535269174203459	0.18715710122397824	0.1685105116615705	0.22072321339183673
18.907563025210084	0.16912524037014445	0.22283775352860094	0.00753527363385649	0.18715710121468576	0.1685105116088464	0.22072321333678624
19.327731092436974	0.1691252395747937	0.22283775356174818	0.007535276690996562	0.18715710117175582	0.16851051150185667	0.2207232132194061
19.747899159663866	0.1691252391579134	0.2228377535801516	0.007535279439699395	0.1871571011537072	0.16851051144807058	0.22072321316123342
20.168067226890756	0.16912523892217596	0.2228377535905891	0.0075352815820541276	0.1871571011446055	0.16851051141822485	0.2207232131291743
20.58823529411765	0.16912523875084667	0.22283775359707028	0.007535282941823063	0.18715710113502435	0.1685105113950079	0.22072321310365114
21.008403361344538	0.16912523839493337	0.22283775361189384	0.0075352855243278885	0.18715710111759323	0.16851051134804895	0.22072321305248022
21.42857142857143	0.16912523844785712	0.22283775360850006	0.007535285487204491	0.1871571011183504	0.16851051135408868	0.2207232130587177
21.84873949579832	0.16912523850078084	0.22283775360510624	0.007535285450081094	0.18715710111910758	0.1685105113601284	0.22072321306495518
22.26890756302521	0.1691252385537046	0.22283775360171246	0.007535285412957698	0.18715710111986475	0.16851051136616813	0.22072321307119266
22.689075630252102	0.16912523856195877	0.2228377536009152	0.007535285398180409	0.18715710111963935	0.16851051136693343	0.22072321307190698
23.10924369747899	0.16912523856708844	0.2228377536002996	0.0075352853849661615	0.18715710111934525	0.16851051136732983	0.22072321307223497
23.529411764705884	0.16912523857221815	0.222837753599684	0.007535285371751914	0.18715710111905115	0.1685105113677262	0.22072321307256298
23.949579831932773	0.16912523857734782	0.2228377535990684	0.007535285358537667	0.18715710111875705	0.16851051136812262	0.22072321307289097
24.369747899159663	0.1691252385824775	0.2228377535984528	0.007535285345323419	0.18715710111846295	0.168510511368519	0.22072321307321896
24.789915966386555	0.1691252385876072	0.2228377535978372	0.007535285332109172	0.18715710111816883	0.16851051136891537	0.22072321307354698
25.210084033613445	0.16912523859273687	0.22283775359722158	0.007535285318894924	0.18715710111787473	0.16851051136931178	0.22072321307387496
25.630252100840337	0.16912523859355705	0.2228377535970446	0.007535285313550252	0.18715710111774891	0.16851051136933462	0.22072321307386808
26.050420168067227	0.16912523859402803	0.22283775359690317	0.007535285308843178	0.18715710111763673	0.16851051136932724	0.22072321307383408
26.47058823529412	0.16912523859449904	0.22283775359676172	0.007535285304136104	0.18715710111752454	0.16851051136931983	0.22072321307380008
26.89075630252101	0.16912523859497003	0.2228377535966203	0.00753528529942903	0.18715710111741238	0.16851051136931242	0.22072321307376605
27.310924369747898	0.16912523859544104	0.22283775359647887	0.007535285294721957	0.1871571011173002	0.16851051136930503	0.22072321307373205
27.73109243697479	0.16912523859591203	0.22283775359633742	0.007535285290014883	0.187157101117188	0.16851051136929762	0.22072321307369805
28.15126050420168	0.16912523859638304	0.22283775359619598	0.00753528528530781	0.18715710111707584	0.16851051136929024	0.22072321307366405
28.571428571428573	0.16912523859642634	0.22283775359617974	0.007535285284683988	0.1871571011170629	0.16851051136928819	0.22072321307365894
28.991596638655462	0.16912523859643014	0.22283775359617508	0.007535285284437158	0.18715710111705913	0.16851051136928666	0.2207232130736565
29.411764705882355	0.16912523859643394	0.22283775359617042	0.007535285284190328	0.18715710111705536	0.16851051136928513	0.22072321307365406
29.831932773109244	0.16912523859643774	0.22283775359616573	0.007535285283943497	0.18715710111705158	0.16851051136928358	0.22072321307365161
30.252100840336134	0.16912523859644155	0.22283775359616106	0.007535285283696667	0.1871571011170478	0.16851051136928205	0.2207232130736492
30.672268907563026	0.16912523859644535	0.2228377535961564	0.007535285283449836	0.18715710111704403	0.16851051136928052	0.22072321307364676
31.092436974789916	0.16912523859644915	0.22283775359615174	0.007535285283203005	0.18715710111704026	0.16851051136927897	0.22072321307364431
31.51260504201681	0.16912523859645295	0.22283775359614708	0.007535285282956175	0.18715710111703648	0.16851051136927744	0.2207232130736419
31.932773109243698	0.16912523859645676	0.2228377535961424	0.007535285282709345	0.1871571011170327	0.16851051136927592	0.22072321307363946
32.35294117647059	0.16912523859646056	0.22283775359613772	0.007535285282462514	0.18715710111702893	0.1685105113692744	0.22072321307363701
32.773109243697476	0.16912523859646436	0.22283775359613306	0.007535285282215684	0.18715710111702516	0.16851051136927284	0.2207232130736346
33.19327731092437	0.16912523859646816	0.2228377535961284	0.007535285281968853	0.1871571011170214	0.1685105113692713	0.22072321307363216
33.61344537815126	0.16912523859647197	0.22283775359612373	0.0075352852817220225	0.18715710111701764	0.16851051136926978	0.22072321307362971
34.03361344537815	0.16912523859647577	0.22283775359611907	0.007535285281475192	0.18715710111701386	0.16851051136926826	0.2207232130736273
34.45378151260504	0.16912523859647957	0.22283775359611438	0.007535285281228362	0.1871571011170101	0.1685105113692667	0.22072321307362486
34.87394957983194	0.16912523859648337	0.22283775359610972	0.0075352852809815315	0.1871571011170063	0.16851051136926518	0.22072321307362242
35.294117647058826	0.16912523859648718	0.22283775359610505	0.007535285280734701	0.18715710111700254	0.16851051136926365	0.22072321307361997
35.714285714285715	0.16912523859649098	0.2228377535961004	0.00753528528048787	0.18715710111699876	0.16851051136926212	0.22072321307361756
36.134453781512605	0.16912523859649478	0.22283775359609573	0.00753528528024104	0.187157101116995	0.16851051136926057	0.22072321307361512
36.554621848739494	0.16912523859649858	0.22283775359609106	0.007535285279994209	0.18715710111699121	0.16851051136925904	0.22072321307361267
36.97478991596639	0.1691252385965024	0.22283775359608637	0.007535285279747379	0.18715710111698744	0.16851051136925752	0.22072321307361026
37.39495798319328	0.1691252385965062	0.2228377535960817	0.007535285279500549	0.18715710111698367	0.168510511369256	0.22072321307360782
37.81512605042017	0.16912523859651	0.22283775359607705	0.007535285279253718	0.1871571011169799	0.16851051136925443	0.22072321307360537
38.23529411764706	0.1691252385965138	0.22283775359607239	0.007535285279006887	0.18715710111697612	0.1685105113692529	0.22072321307360296
38.65546218487395	0.1691252385965176	0.22283775359606772	0.007535285278760057	0.18715710111697234	0.16851051136925138	0.22072321307360052
39.075630252100844	0.1691252385965214	0.22283775359606303	0.0075352852785132264	0.18715710111696857	0.16851051136924983	0.22072321307359807
39.49579831932773	0.1691252385965252	0.22283775359605837	0.007535285278266396	0.18715710111696482	0.1685105113692483	0.22072321307359566
39.91596638655462	0.169125238596529	0.2228377535960537	0.007535285278019566	0.18715710111696104	0.16851051136924677	0.22072321307359322
40.33613445378151	0.1691252385965328	0.22283775359604904	0.0075352852777727354	0.18715710111695727	0.16851051136924525	0.22072321307359077
40.7563025210084	0.1691252385965366	0.22283775359604438	0.007535285277525904	0.1871571011169535	0.1685105113692437	0.22072321307358833
41.1764705882353	0.1691252385965404	0.2228377535960397	0.007535285277279074	0.18715710111694972	0.16851051136924217	0.22072321307358592
41.596638655462186	0.16912523859654421	0.22283775359603503	0.007535285277032244	0.18715710111694595	0.16851051136924064	0.22072321307358347
