NON $ % + - . 0 1 2 3 4
#NON	CycA	E2F	CycE	UbcH10	cdh1	p27	Cdc20	CycD	Rb	CycB
0.0	0.4553021508212274	0.4613077040372229	0.19333999507823907	0.3915996073561655	0.3386421849728777	0.3538051733138555	0.14077015620555955	0.4726465918246603	0.9966016144424917	0.46899830729903835
0.12531328320802004	0.41380552871771975	0.44134517038125975	0.18364680568214573	0.36291256380377446	0.4096522911127063	0.2776596740885958	0.17762058898713232	0.40682742623316265	0.8953886469310942	0.4686851501017714
0.2506265664160401	0.3770035069654042	0.42793012694976973	0.17570561446064797	0.3372492134842026	0.4637904926871277	0.22172607728347826	0.20370963610009848	0.35459314236056233	0.8238438610661535	0.46527305695270077
0.37593984962406013	0.34442059143831905	0.41926429326815146	0.1692334922425878	0.31422987542984265	0.505085131237396	0.1803599338975085	0.2220210303034119	0.3128576949567708	0.7739275078021339	0.4603228739467104
0.5012531328320802	0.3156076137994297	0.41399156554099054	0.16398592825564937	0.2935341633367684	0.5366765411240672	0.1495416940918749	0.23474046240905966	0.2792898644286513	0.7396933923975371	0.4547153990520328
0.6265664160401002	0.2901506061789676	0.4111056569948028	0.15975276237881922	0.27488887975453896	0.5609651715652503	0.12640495959352313	0.24345925252320327	0.2521191982436813	0.7167553085520422	0.448963808046517
0.7518796992481203	0.2676733120669334	0.4098703506867594	0.15635494018752288	0.25805933367409156	0.57976629047866	0.10890009374719425	0.24933114720903404	0.2299933607358065	0.7018881463751413	0.44336655933895974
0.8771929824561403	0.2478367642399823	0.4097536734850846	0.15364136650828772	0.24284274056246252	0.594443296888648	0.09555555848152007	0.25318980466800706	0.21187305357177963	0.6927295937706646	0.4380911904714386
1.0025062656641603	0.23033741271711997	0.4103754320134673	0.15148568248218014	0.2290630334219339	0.6060154208316147	0.08530927286236602	0.25563565443057573	0.19695443963429576	0.6875572135827297	0.43322364580133604
1.1278195488721803	0.2149045583153458	0.41146660455698253	0.1497830349076006	0.21656669381947796	0.6152421300218939	0.07738975862810785	0.2570996495812372	0.1846117036489628	0.6851219807380915	0.42879872597856084
1.2531328320802004	0.20129751474885452	0.41283864909959583	0.14844697242901642	0.20521935208095876	0.622688153140838	0.07123242548802004	0.2578898885331016	0.17435434748055864	0.6845240782933106	0.4248195040500339
1.3784461152882206	0.18930273692362654	0.4143607582758502	0.14740658034097412	0.19490298655385246	0.6287729817765482	0.06642068185536164	0.25822558878210233	0.16579533964493748	0.6851204428770544	0.4212698975004319
1.5037593984962405	0.1787310527571136	0.4159432518334966	0.1466039219988351	0.18551359682266996	0.6338082507393822	0.0626444279745533	0.2582618114063967	0.15862724251518417	0.6864560425497908	0.4181228927493653
1.6290726817042605	0.16941507020873553	0.4175255854476583	0.14599181211160633	0.1769592581897959	0.6380257824792548	0.059670730029581336	0.2581074284036709	0.1526042339884037	0.68821291150578	0.4153459184503158
1.7543859649122806	0.16120679262799575	0.41906776462680057	0.14553191616420857	0.16915848609498335	0.6415985096311708	0.05732301771971242	0.25783816055708786	0.1475284962042261	0.6901724589545156	0.41290432057754073
1.8796992481203008	0.15397545208033062	0.4205442393199195	0.14519315200371274	0.16203885520497813	0.644655999482591	0.05546628076313313	0.2575060139912504	0.143239867382214	0.6921877013010402	0.41076355517323193
2.0050125313283207	0.14760555786572532	0.42193956494639334	0.14495036036183231	0.15553582774975275	0.6472959495734443	0.05399641857912614	0.2571461213149398	0.13960790886946045	0.6941628209018298	0.4088905322654077
2.1303258145363406	0.1419951483752323	0.42324533592003954	0.14478320767298183	0.1495917564282461	0.6495926455110719	0.05283255426327326	0.2567816733247287	0.1365258020817606	0.6960382227087722	0.40725437755629623
2.2556390977443606	0.1370542317294617	0.4244580161014474	0.14467528588293357	0.14415503256458137	0.6516031699726494	0.051911425817740955	0.2564274722467594	0.13390561826490907	0.697779641692972	0.40582681159920614
2.380952380952381	0.1327033988899476	0.4255774039551503	0.14461337707356278	0.13917935600355286	0.6533719446334008	0.051183258588799456	0.25609248343788116	0.13167463148622435	0.6993702466361694	0.4045822784570376
2.506265664160401	0.1288725926580364	0.42660554627414576	0.1445868541984691	0.13462310726208362	0.654934041601317	0.05060869627448704	0.25578165991184615	0.1297724255222388	0.7008049543529457	0.4034979146712297
2.631578947368421	0.1255000166670309	0.4275459658641618	0.14458719350249233	0.1304488057052092	0.6563175964031531	0.05015649146736681	0.25549724436539806	0.12814860726141153	0.7020863572224393	0.40255342260430893
2.756892230576441	0.12253116944982005	0.42840311578760126	0.14460757821788586	0.1266226406125699	0.6575455551360486	0.04980175602877225	0.2552396876438707	0.12676099067952865	0.7032218478967059	0.4017308878186302
2.882205513784461	0.11991798996062414	0.4291819905650624	0.14464257651207724	0.12311406386315815	0.6586369437798004	0.049524619026314165	0.2550082957738533	0.12557414391102434	0.7042216018596593	0.4010145711483929
3.007518796992481	0.11761810212319175	0.4298878515395874	0.14468787973504996	0.11989543506106927	0.6596077865116198	0.04930918934158382	0.2548016790213246	0.124558220416853	0.7050971905434806	0.4003906926870144
3.132832080200501	0.11559414708327874	0.43052603227905056	0.14474008941770833	0.11694171118941243	0.6604717741603101	0.04914274532931277	0.25461806167430523	0.12368801192992994	0.705860641591028	0.399847220335915
3.258145363408521	0.11381319393857449	0.43110180390926983	0.14479654443446058	0.11423017483976287	0.6612407469320378	0.0490151011048698	0.2544554890969558	0.12294218008316711	0.706523829826875	0.399373669123318
3.3834586466165413	0.11224621701493781	0.4316202795508372	0.14485517882322327	0.11174019392063708	0.6619250566085836	0.048918098326730955	0.2543119692891653	0.12230262098159769	0.7070980794318124	0.398960916085205
3.508771929824561	0.1108676368144892	0.43208635360212294	0.1449144074884754	0.10945301087782745	0.6625338254454204	0.04884520939687948	0.25418555838868645	0.12175394928503638	0.7075939471606606	0.3986010315807431
3.634085213032581	0.10965491384374965	0.43250466230404033	0.14497303249817314	0.10735155578922984	0.663075142332517	0.048791218336317825	0.2540744135884	0.12128306971408356	0.7080211090936215	0.39828712796669513
3.7593984962406015	0.10858818943743118	0.4328795586168345	0.145030166200403	0.10542028024429387	0.6635562160241818	0.04875196288960295	0.2539768251083042	0.12087881964113867	0.708388312431029	0.3980132256543292
3.8847117794486214	0.10764996905978007	0.43321510203684443	0.145085168885762	0.1036450097100457	0.6639834907416712	0.048724128875609674	0.25389122890439736	0.12053167239488422	0.7087033877673745	0.3977741341726084
4.010025062656641	0.1068248427171295	0.4335150562832986	0.14513759786365374	0.10201281188846767	0.6643627393548421	0.04870508410260998	0.25381620991595366	0.12023348879799761	0.7089732883700149	0.3975653480964545
4.135338345864661	0.10609923844729664	0.4337828933054559	0.14518716604672968	0.10051187919534077	0.6646991394521051	0.04869274458324969	0.2537504986488213	0.1199773088747649	0.7092041474858152	0.3973829562579877
4.260651629072681	0.10546120450602521	0.4340218021578281	0.14523370815783065	0.0991314234710789	0.6649973366801263	0.04868546626055695	0.2536929633779304	0.11975717617896023	0.7094013460659753	0.39722356245467233
4.385964912280701	0.10490021556951572	0.4342347008740802	0.1452771529181882	0.09786158078180543	0.665261499883245	0.04868195631744938	0.2536426003237295	0.11956798775158593	0.7095695836950449	0.3970842159871943
4.511278195488721	0.1044070059403344	0.4344242512623129	0.14531750163697948	0.09669332768706242	0.6654953673125412	0.04868120531247004	0.2535985220492729	0.11940537195629622	0.7097129510341376	0.3969623531115747
4.636591478696742	0.10397341847385372	0.43459287364503063	0.1453548097816588	0.0956184043604785	0.6657022893198823	0.048682428515050426	0.2535599467387274	0.11926558019299931	0.7098349958836634	0.3968557447788457
4.761904761904762	0.10359227318904149	0.4347427623469431	0.1453891726433792	0.09462924609864388	0.6658852656963248	0.04868502012440969	0.25352618757277046	0.11914539697246847	0.7099387852703528	0.39676245219081285
4.887218045112782	0.10325725067887347	0.43487590278810334	0.1454207138256971	0.09371892109774158	0.6660469797392382	0.04868851650403162	0.25349664173607317	0.11904206294852963	0.7100269663375368	0.39668078798237344
5.012531328320802	0.10296278962338597	0.43499408730108585	0.14544957605344874	0.09288107451367206	0.6661898290676346	0.048692566341283876	0.25347078095498454	0.11895320942668464	0.7101018186428876	0.3966092828706492
5.137844611528822	0.10270399866498778	0.43509893028068636	0.14547591427306866	0.09210987890687987	0.6663159530529937	0.048696907690039676	0.25344814308722474	0.11887680420448475	0.7101652998968372	0.3965466576496807
5.263157894736842	0.10247656724182454	0.43519188352987254	0.14549988853669812	0.09139998421203872	0.6664272605326905	0.04870134439174373	0.25342832352937733	0.11881109644007802	0.710219092613302	0.39649179473188806
5.3884711779448615	0.10227670989550133	0.43527425055110563	0.1455216619487329	0.0907464824723202	0.6665254502326381	0.048705737927986714	0.2534109688895028	0.11875458733190916	0.7102646359933528	0.39644372197955857
5.513784461152882	0.10210109197752644	0.43534720055332765	0.1455413955199837	0.0901448646528002	0.6666120348748875	0.04870998972574446	0.25339576977506073	0.11870598579421889	0.7103031645132628	0.39640158953581595
5.639097744360902	0.10194678426092116	0.43541178003576725	0.1455592468656621	0.08959099071488258	0.6666883582992185	0.0487140349598543	0.25338245615079824	0.11866418513545329	0.7103357313332747	0.39636465691476486
5.764411027568922	0.10181120838284184	0.435468924338513	0.14557536751037164	0.08908105568485875	0.6667556139918162	0.04871783197907237	0.2533707920686793	0.11862823255720062	0.7103632360161841	0.3963322766271714
5.889724310776942	0.10169209586746374	0.43551946808190045	0.1455899018860789	0.08861156201204724	0.6668148604919837	0.048721356880015616	0.2533605715990292	0.11859730829770643	0.7103864451027587	0.3963038825736994
6.015037593984962	0.10158745435681338	0.43556415607244	0.14560298691410897	0.08817929527515223	0.6668670359289758	0.048724600454045267	0.25335161477926155	0.1185707093122796	0.7104060114847001	0.39627898075785883
6.140350877192982	0.10149552928792507	0.4356036528098341	0.14561475098141466	0.08778129812354411	0.666912972322177	0.04872756273890337	0.25334376391103614	0.11854782954620352	0.7104224930793462	0.3962571383527232
6.265664160401002	0.10141478012241989	0.4356385495652275	0.14562531408453427	0.08741485158001581	0.6669534056147324	0.048730251203272325	0.25333688133635124	0.11852814912283118	0.710436363212816	0.3962379773820292
6.390977443609022	0.1013438528874377	0.4356693719425968	0.14563478771194321	0.08707745454058889	0.6669889863979298	0.048732678025508916	0.25333084685411317	0.11851122116350359	0.710448023717308	0.39622116717961553
6.516290726817042	0.10128155363826519	0.43569658748164947	0.14564327477858408	0.08676680368580549	0.6670202906986333	0.04873485763507242	0.2533255551719554	0.11849665925756928	0.7104578172952917	0.39620641717898775
6.641604010025063	0.1012268354035516	0.43572061118123107	0.1456508702357437	0.08648078068169877	0.6670478267839821	0.04873680691927226	0.25332091436685866	0.11848413253091505	0.7104660338312054	0.3961934737229907
6.7669172932330826	0.1011787778589674	0.4357418118866698	0.1456576613413007	0.08621743547450875	0.6670720438769332	0.048738543944951127	0.25331684391763915	0.11847335659587442	0.7104729196310915	0.3961821146988916
6.8922305764411025	0.10113657257179569	0.4357605166784875	0.14566372786571383	0.08597497335352013	0.6670933383673541	0.048740086829363156	0.2533132733348734	0.11846408700634178	0.7104786832790903	0.3961721456071802
7.017543859649122	0.10109950814152209	0.4357770160046279	0.14566914253203903	0.08575174145026337	0.6671120605994868	0.04874145323288559	0.25331014068548446	0.11845611308691024	0.7104835020618641	0.39616339575571646
7.142857142857142	0.10106696000710304	0.43579156663123364	0.14567397155378958	0.08554621844902367	0.6671285188518389	0.04874266006084382	0.2533073919678108	0.11844925384838453	0.7104875253753893	0.3961557156709641
7.268170426065162	0.1010383785483493	0.43580439558618933	0.14567827509528172	0.08535700309124596	0.6671429846015102	0.048743723086975776	0.2533049800587012	0.1184433531606657	0.7104908793133023	0.3961489740661533
7.393483709273182	0.1010132814697615	0.43581570398185493	0.1456821076739744	0.08518280540274362	0.667155697090338	0.04874465723162016	0.2533028636551919	0.11843827707644713	0.7104936705303512	0.39614305602719135
7.518796992481203	0.1009912447085069	0.43582567030931546	0.14568551864605528	0.08502243701752536	0.6671668675655504	0.048745476502901224	0.25330100646055814	0.1184339103716162	0.710495989679378	0.396137860756144
7.644110275689223	0.1009718960087298	0.43583445233842333	0.14568855249315457	0.08487480385872873	0.6671766820255401	0.04874619366653918	0.2532993765990197	0.11843015401439153	0.7104979131394071	0.39613329989827994
7.769423558897243	0.10095490790584062	0.4358421898907804	0.14569124924253093	0.08473889798423502	0.6671853047337929	0.048746820293470765	0.2532979459031153	0.11842692262534989	0.7104995056358904	0.396129295823078
7.894736842105263	0.10093999399324338	0.43584900577653185	0.1456936449643455	0.08461379210107477	0.6671928793014845	0.04874736689862724	0.2532966899977776	0.11842414328245286	0.7105008208642973	0.3961257807468036
8.020050125313283	0.10092690120555137	0.4358550086855364	0.145695772152185	0.08449863099158733	0.667199532467421	0.04874784284547209	0.2532955874910759	0.11842175260749661	0.7105019043296886	0.3961226948019878
8.145363408521304	0.10091540477885899	0.43586029536992854	0.14569766003542878	0.08439262505794778	0.667205376781404	0.048748256416008565	0.2532946194124926	0.1184196950086098	0.7105027953118692	0.39611998481399946
8.270676691729323	0.10090531281745287	0.43586494973716106	0.14569933472686206	0.08429505132452575	0.6672105088841294	0.04874861537609085	0.25329376971052836	0.11841792507343515	0.7105035248698304	0.39611760558757453
8.395989974937343	0.10089645294848573	0.43586904709297536	0.14570081980343635	0.08420524048236039	0.6672150153360439	0.048748926575538185	0.2532930240786211	0.11841640221630266	0.7105041205396843	0.39611551650344545
8.521303258145362	0.10088867537680514	0.43587265356662397	0.14570213618349684	0.08412257763697058	0.6672189719286398	0.04874919606935526	0.2532923698579771	0.11841509212422949	0.7105046049803535	0.3961136822885528
8.646616541353383	0.10088184884081694	0.43587582773909994	0.14570330245054142	0.08404649666213566	0.6672224456883049	0.048749429201618844	0.25329179567151483	0.11841396540936465	0.7105049972747278	0.39611207204178495
8.771929824561402	0.10087585612650553	0.4358786221014601	0.14570433527174448	0.0839764742761736	0.6672254966283868	0.04874963067862523	0.2532912912573961	0.11841299605686197	0.7105053142173011	0.39611065815284613
8.897243107769423	0.10087059662997483	0.4358810812787779	0.14570524950934358	0.08391203110647194	0.6672281755566931	0.048749804548698594	0.2532908481532582	0.1184121624661067	0.7105055683735014	0.39610941692451723
9.022556390977442	0.10086597997789092	0.43588324515613813	0.1457060585310427	0.08385272362289949	0.6672305280013849	0.04874995430450736	0.2532904587153356	0.11841144526720324	0.7105057707086422	0.3961083270238311
9.147869674185463	0.1008619275749904	0.43588514871913125	0.14570677424567455	0.08379814409916346	0.6672325934403984	0.04875008308002133	0.2532901164957019	0.11841082810837665	0.7105059302901668	0.3961073699484448
9.273182957393484	0.10085837112659121	0.43588682268849094	0.14570740729838605	0.08374791756184775	0.667234405949134	0.04875019373865255	0.2532898162038041	0.11841029726299838	0.7105060546579098	0.3961065296928451
9.398496240601503	0.10085524948641188	0.4358882945238381	0.14570796729118868	0.08370169726889862	0.6672359958049726	0.04875028882374342	0.25328955325539476	0.11840984052819921	0.7105061504494475	0.3961057919348501
9.523809523809524	0.1008525100856914	0.4358895885781141	0.14570846239577775	0.08365916557063849	0.6672373902718449	0.04875037042879413	0.2532893229718209	0.11840944772999626	0.7105062231505826	0.39610514431284893
9.649122807017543	0.10085010592437266	0.43589072708204346	0.14570889984523516	0.08362002878556608	0.6672386142506528	0.048750440416946976	0.25328912092494904	0.11840910986764183	0.7105062778882858	0.39610457577720687
9.774436090225564	0.10084799596416699	0.43589172914359753	0.14570928612005443	0.08358401683929366	0.667239689265866	0.04875050037994834	0.25328894328784873	0.11840881924897874	0.7105063185027529	0.3961040766554851
9.899749373433583	0.10084614455937187	0.43589261070136925	0.14570962708581223	0.08355088157832823	0.6672406335258204	0.04875055164293	0.2532887868495973	0.1184085693421117	0.7105063473564045	0.3961036385021382
10.025062656641603	0.10084451948321509	0.4358933860832884	0.14570992801139496	0.08352039316567376	0.667241463723454	0.04875059534293012	0.25328864848346544	0.11840835421940632	0.7105063664172598	0.39610325364286636
10.150375939849624	0.10084309335293075	0.43589406762708677	0.14571019359705442	0.08349234129170273	0.6672421931484571	0.048750632542995116	0.2532885262832398	0.1184081691029074	0.7105063775075502	0.39610291565649947
10.275689223057643	0.10084184199607461	0.43589466603271076	0.14571042816219656	0.08346653196505067	0.6672428326989452	0.04875066422406678	0.2532884191387722	0.11840800986665309	0.7105063821942568	0.3961026189257869
10.401002506265664	0.10084074382553437	0.4358951908368568	0.14571063560874978	0.08344278594414221	0.667243391805445	0.048750691265940796	0.25328832627833864	0.11840787286140025	0.7105063819029741	0.39610235845537384
10.526315789473683	0.1008397803724859	0.4358956513844912	0.14571081888110382	0.0834209393373389	0.6672438806050078	0.04875071430733459	0.2532882458398475	0.11840775506037851	0.7105063781879628	0.3961021299079185
10.651629072681704	0.10083893497120348	0.435896056586297	0.14571098051948717	0.08340084040539708	0.6672443085267195	0.04875073392670196	0.2532881760926392	0.11840765375056604	0.7105063728710851	0.39610192939653
10.776942355889723	0.10083819304245718	0.4358964139764563	0.14571112280849452	0.08338234957291144	0.667244684117742	0.0487507506039776	0.2532881152112821	0.11840756660065681	0.71050636707356	0.39610175346841914
10.902255639097744	0.10083754211217862	0.43589672894024833	0.1457112479742449	0.08336533891413551	0.6672450147338103	0.04875076471556508	0.25328806125337217	0.11840749166648071	0.7105063604642321	0.3961015990563007
11.027568922305765	0.10083697085299054	0.4358970063579627	0.1457113579675262	0.08334968989291537	0.6672453078564811	0.04875077656137234	0.2532880118477507	0.11840742716285389	0.7105063524781536	0.39610146330736473
11.152882205513784	0.10083646960087764	0.43589725024838216	0.14571145470319471	0.08333529395975968	0.6672455677348764	0.04875078647881681	0.2532879665177643	0.11840737164641392	0.7105063431935723	0.3961013439418683
11.278195488721805	0.10083602989344063	0.4358974637045036	0.1457115401248768	0.08332205111726347	0.6672457962798567	0.04875079482685398	0.25328792605990036	0.11840732389273652	0.710506332872288	0.39610123906412087
11.403508771929824	0.10083564409952547	0.43589764938027326	0.14571161606912003	0.08330986868618244	0.6672459944472492	0.048750801947100374	0.2532878917140322	0.1184072828044407	0.7105063218464871	0.39610114700947574
11.528822055137844	0.10083530583478065	0.4358978110285987	0.1457116834997854	0.08329866289640328	0.66724616533954	0.04875080801208782	0.25328786325498875	0.1184072475014701	0.7105063108645588	0.3961010663429211
11.654135338345863	0.10083500899809907	0.4358979533923078	0.1457117429816823	0.08328835492836734	0.6672463123313865	0.04875081316237191	0.2532878405094121	0.11840721713522706	0.7105063015441324	0.3961009957693283
11.779448621553884	0.10083474840435	0.4358980803094693	0.14571179494420458	0.0832788729661857	0.6672464403775215	0.04875081747793794	0.2532878217668965	0.11840719100211784	0.7105062944232332	0.39610093401992824
11.904761904761903	0.10083451979834875	0.43589819266712165	0.14571184014445193	0.0832701512324172	0.6672465580506335	0.048750820975751986	0.25328780171111004	0.11840716852868387	0.7105062866151034	0.39610087952348244
12.030075187969924	0.10083431926530673	0.4358982910596437	0.1457118800091001	0.08326212883352963	0.6672466618257032	0.048750823893101695	0.25328778362522164	0.11840714919690122	0.7105062789218379	0.39610083163227106
12.155388471177945	0.10083414333603594	0.43589837722714775	0.14571191526760222	0.08325474977772553	0.6672467513056846	0.04875082635242253	0.25328776879048776	0.11840713256523408	0.7105062719929752	0.39610078968451534
12.280701754385964	0.10083398898426077	0.4358984530652513	0.14571194626933612	0.08324796258585264	0.6672468295219515	0.04875082839406566	0.25328775600963277	0.11840711825770046	0.710506265679956	0.3961007528982279
12.406015037593985	0.1008338535830661	0.4358985196440172	0.14571197352449333	0.08324171987579952	0.6672468990315333	0.048750830075783624	0.25328774414628397	0.11840710594988771	0.7105062595702986	0.3961007205507611
12.531328320802004	0.10083373481971551	0.4358985780170308	0.14571199754693837	0.0832359782266398	0.6672469598929669	0.04875083146916622	0.2532877337829072	0.11840709536383327	0.7105062539197766	0.39610069216489413
12.656641604010025	0.10083363065136011	0.4358986292473171	0.1457120187042725	0.08323069755842531	0.6672470129818385	0.0487508326199684	0.25328772488465473	0.11840708625938066	0.7105062487707544	0.39610066727410614
12.781954887218044	0.10083353927602014	0.43589867422479617	0.1457120373365046	0.08322584082066209	0.6672470592119276	0.048750833568201195	0.2532877173092281	0.11840707842803502	0.7105062441140048	0.3961006454530913
12.907268170426065	0.10083345910207642	0.4358987137252556	0.14571205372691995	0.0832213737218973	0.6672470999385464	0.04875083434250125	0.2532877105411872	0.1184070716885079	0.7105062398040243	0.39610062628794734
13.032581453634084	0.10083338878446312	0.43589874839365206	0.14571206814193602	0.08321726543478877	0.6672471358203185	0.04875083497135086	0.25328770448376975	0.11840706589197236	0.7105062358274873	0.3961006094601948
13.157894736842104	0.10083332708259482	0.43589877882821104	0.14571208082888668	0.08321348669504648	0.6672471674039607	0.048750835480828696	0.25328769909100946	0.11840706090289503	0.7105062321824467	0.3961005946803162
13.283208020050125	0.10083327296389856	0.435898805542225	0.1457120919910322	0.08321001147137887	0.6672471950627407	0.048750835891396435	0.253287694385691	0.11840705661179605	0.7105062288770586	0.3961005817139614
13.408521303258144	0.10083322549084238	0.4358988289958095	0.14571210181167177	0.08320681533846404	0.66724721925452	0.04875083622035976	0.25328769030361553	0.11840705292030769	0.7105062258915129	0.39610057033983315
13.533834586466165	0.10083318383897291	0.43589884959127717	0.1457121104512399	0.08320387574019834	0.6672472404522986	0.04875083648172882	0.25328768673832824	0.11840704974360378	0.7105062231905742	0.3961005603583156
13.659147869674184	0.10083314731139519	0.43589886766666897	0.14571211804804401	0.08320117241851425	0.6672472590430429	0.04875083668696453	0.25328768360792464	0.11840704701174075	0.7105062207471782	0.3961005516011334
13.784461152882205	0.1008331152606929	0.4358988835369561	0.14571212473089373	0.08319868606254784	0.6672472753739995	0.04875083684650758	0.25328768084502473	0.11840704466043775	0.7105062185374308	0.3961005439127955
13.909774436090224	0.10083308716482235	0.43589889745899485	0.14571213060428004	0.08319639981231115	0.6672472896911438	0.04875083696823699	0.253287678419622	0.11840704263964151	0.7105062165454284	0.39610053717029764
14.035087719298245	0.10083306249349597	0.4358989096929367	0.14571213577415087	0.08319429668910813	0.6672473022561156	0.04875083706018379	0.2532876762928593	0.11840704089824629	0.7105062147530633	0.3961005312478706
14.160401002506266	0.10083304085774315	0.43589892043000883	0.14571214031865384	0.08319236266946292	0.6672473132661767	0.04875083712740323	0.25328767443246714	0.11840703940064924	0.7105062131424392	0.39610052605281165
14.285714285714285	0.10083302185938292	0.43589892986522544	0.14571214431794202	0.08319058380378441	0.6672473229240491	0.048750837175403336	0.2532876728046514	0.11840703810968341	0.7105062116973898	0.39610052149012764
14.411027568922306	0.10083300516276256	0.4358989381632236	0.14571214783984401	0.08318894741046812	0.6672473314034854	0.04875083720833883	0.2532876713789051	0.11840703699512452	0.7105062104016479	0.39610051747949704
14.536340852130325	0.10083299050433268	0.4358989454534861	0.14571215093801165	0.08318744231757991	0.6672473388450506	0.04875083722885014	0.2532876701283218	0.11840703603465556	0.7105062092391423	0.3961005139574931
14.661654135338345	0.1008329776723149	0.4358989518401268	0.1457121536559597	0.083186058566281	0.6672473453646048	0.048750837238598334	0.25328766902915006	0.11840703521141945	0.7105062081948086	0.3961005108728726
14.786967418546364	0.10083296639117896	0.4358989574579742	0.14571215604987606	0.08318478543194177	0.667247351102145	0.048750837241043045	0.2532876680579617	0.11840703450065575	0.7105062072572385	0.39610050815979503
14.912280701754385	0.1008329564863037	0.43589896239263254	0.14571215815610936	0.08318361424475604	0.6672473561521881	0.04875083723748299	0.2532876671956882	0.11840703388874806	0.7105062064149034	0.39610050577599476
15.037593984962406	0.1008329478453924	0.4358989666992137	0.14571215999878734	0.08318253772879325	0.6672473605800844	0.04875083722798379	0.2532876664266742	0.1184070333687607	0.7105062056570394	0.3961005036938361
15.162907268170425	0.1008329403636804	0.4358989704293993	0.14571216160030298	0.08318154908906021	0.6672473644431489	0.048750837212716225	0.2532876657389323	0.11840703293396225	0.7105062049748125	0.39610050188781476
15.288220551378446	0.10083293382212766	0.43589897369186115	0.1457121630044389	0.08318063999631496	0.6672473678365018	0.04875083719494281	0.2532876651255996	0.11840703256335076	0.7105062043638607	0.396100500306886
15.413533834586465	0.10083292808833802	0.43589897655259924	0.1457121642382238	0.08317980391108389	0.6672473708174558	0.04875083717609148	0.25328766458253427	0.11840703224552974	0.7105062038201015	0.3961004989201087
15.538847117794486	0.10083292305697761	0.43589897906449604	0.14571216532324374	0.08317903509794032	0.6672473734279386	0.04875083715721645	0.2532876641090286	0.11840703197162779	0.7105062033409759	0.39610049770310995
15.664160401002505	0.10083291863576915	0.43589898127407284	0.14571216627833677	0.08317832823052336	0.667247375704304	0.04875083713910698	0.25328766370481653	0.11840703173413927	0.7105062029231859	0.39610049663458197
15.789473684210526	0.1008329147359224	0.435898983225913	0.1457121671214703	0.08317767795597408	0.6672473776886435	0.048750837122123476	0.2532876633648227	0.11840703152664465	0.710506202558558	0.39610049569356254
15.914786967418545	0.10083291129123678	0.43589898495383245	0.14571216786599356	0.08317707976440518	0.6672473794062064	0.048750837106524614	0.2532876630896448	0.11840703134436875	0.7105062022423015	0.3961004948648638
16.040100250626566	0.10083290825145613	0.43589898648395176	0.14571216852194122	0.08317652968643717	0.6672473808732551	0.04875083709235354	0.25328766288190646	0.11840703118398654	0.7105062019701354	0.39610049413718357
16.165413533834585	0.1008329055720159	0.4358989878381895	0.14571216909869544	0.08317602395435822	0.6672473821158292	0.0487508370794785	0.2532876627355043	0.11840703104298457	0.710506201735831	0.396100493499594
16.290726817042607	0.10083290320520982	0.4358989890372246	0.14571216960730496	0.08317555871518453	0.6672473831861724	0.04875083706763625	0.25328766262614255	0.11840703091909753	0.7105062015291722	0.39610049293849253
16.416040100250626	0.10083290112418318	0.43589899009245137	0.14571217005418619	0.08317513081005025	0.6672473841181148	0.04875083705631411	0.25328766253704216	0.1184070308118386	0.7105062013414963	0.39610049244588336
16.541353383458645	0.10083289931347794	0.4358989910091493	0.1457121704436054	0.08317473746707923	0.6672473849446551	0.04875083704479644	0.2532876624488098	0.11840703072189643	0.7105062011635108	0.39610049201611386
16.666666666666664	0.1008328977418052	0.435898991801161	0.14571217078277704	0.08317437584613746	0.6672473856978753	0.04875083703304173	0.25328766234700456	0.11840703064742945	0.7105062009907596	0.39610049164041145
16.791979949874687	0.10083289636144013	0.435898992491219	0.14571217108197654	0.08317404302880148	0.6672473864089298	0.04875083702170222	0.25328766222231336	0.11840703058398323	0.7105062008237463	0.39610049130676284
16.917293233082706	0.10083289515375315	0.43589899308631835	0.1457121713460456	0.08317373677318562	0.6672473871089489	0.04875083701064607	0.25328766205734476	0.11840703053071673	0.7105062006586174	0.3961004910089909
17.042606516290725	0.10083289410600976	0.43589899359026546	0.1457121715787207	0.08317345512932428	0.6672473878285794	0.04875083699971033	0.25328766183335827	0.11840703048722973	0.710506200491909	0.39610049074212966
17.167919799498748	0.10083289321127589	0.4358989940037293	0.14571217178265067	0.08317319643760197	0.6672473885979812	0.04875083698870405	0.2532876615302915	0.1184070304535499	0.7105062003205671	0.39610049050240537
17.293233082706767	0.10083289246143036	0.4358989943293781	0.1457121719603528	0.08317295913810949	0.6672473894366912	0.048750836977551074	0.2532876611360634	0.11840703042936826	0.7105062001440922	0.39610049028661115
17.418546365914786	0.10083289181685026	0.4358989945941649	0.14571217211836068	0.08317274094355692	0.6672473903096452	0.048750836966909385	0.2532876606869344	0.11840703041072227	0.710506199973847	0.3961004900893939
17.543859649122805	0.10083289125669209	0.4358989948123641	0.14571217226034444	0.08317254021111462	0.6672473912001214	0.04875083695714378	0.25328766020056365	0.11840703039549737	0.710506199817619	0.3961004899077545
17.669172932330827	0.10083289076543021	0.4358989949954671	0.14571217238895265	0.08317235557513991	0.6672473920902122	0.048750836948600926	0.2532876596939305	0.11840703038195408	0.7105061996837532	0.39610048973984274
17.794486215538846	0.1008328903290657	0.43589899515496977	0.14571217250633095	0.08317218584373753	0.6672473929553233	0.048750836941686804	0.2532876591883828	0.11840703036831318	0.7105061995823161	0.39610048958461824
17.919799498746865	0.1008328899351795	0.4358989953023436	0.14571217261409458	0.08317202999062911	0.6672473937638931	0.04875083693685102	0.25328765870984	0.1184070303527964	0.710506199524829	0.39610048944188586
18.045112781954884	0.1008328895757624	0.43589899544750416	0.14571217271186052	0.08317188672316446	0.6672473944624623	0.04875083693375279	0.2532876582996022	0.11840703033578726	0.7105061995100679	0.3961004893141827
18.170426065162907	0.1008328892448052	0.43589899560011525	0.1457121727984974	0.0831717548501819	0.6672473949883881	0.04875083693197114	0.25328765800514585	0.11840703031799095	0.7105061995361559	0.39610048920517105
18.295739348370926	0.10083288893711505	0.4358989957702295	0.14571217287273938	0.08317163346268944	0.6672473952760886	0.04875083693135376	0.2532876578756027	0.1184070302995306	0.7105061996065012	0.39610048911884965
18.421052631578945	0.10083288864940855	0.43589899596769655	0.14571217293261926	0.0831715217670163	0.667247395251276	0.04875083693169483	0.2532876579659347	0.11840703028078191	0.7105061997243132	0.39610048906028206
18.546365914786968	0.10083288838031167	0.4358989962021635	0.14571217297546843	0.08317141908481296	0.6672473948309573	0.04875083693273508	0.253287658336934	0.118407030262373	0.7105061998926024	0.39610048903559675
18.671679197994987	0.10083288812893033	0.4358989964744203	0.14571217300040273	0.08317132472594263	0.6672473939868228	0.04875083693419296	0.25328765900994993	0.11840703024491442	0.7105062001029717	0.3961004890469096
18.796992481203006	0.10083288789322176	0.4358989967665393	0.14571217301115433	0.08317123784365342	0.6672473928174713	0.04875083693580015	0.2532876599153053	0.11840703022869131	0.7105062003228443	0.39610048908653855
18.922305764411025	0.10083288767463702	0.4358989970699831	0.1457121730079989	0.08317115784740974	0.6672473913425321	0.0487508369372003	0.25328766103933614	0.11840703021454074	0.7105062005318691	0.39610048915349466
19.047619047619047	0.100832887476209	0.4358989973740278	0.14571217299108039	0.08317108423286625	0.6672473895874564	0.04875083693799072	0.25328766236383304	0.11840703020349039	0.7105062007069278	0.39610048924669033
19.172932330827066	0.10083288730245855	0.4358989976651961	0.14571217296057404	0.08317101657352939	0.6672473875876758	0.04875083693772444	0.25328766386307117	0.11840703019674083	0.7105062008213988	0.3961004893646062
19.298245614035086	0.10083288715660944	0.43589899799380954	0.1457121728906099	0.08317095332392774	0.6672473847019541	0.04875083693403163	0.2532876660048772	0.11840703020071046	0.7105062008369527	0.3961004895580329
19.423558897243108	0.10083288703674403	0.43589899817060346	0.14571217286076754	0.0831708969340869	0.6672473829645954	0.04875083693265334	0.25328766730722685	0.11840703019943949	0.710506200787253	0.3961004896685518
19.548872180451127	0.1008328869375489	0.435898998301621	0.14571217282807988	0.08317084472844036	0.6672473812427867	0.048750836930198466	0.2532876685977163	0.11840703020184513	0.7105062006444701	0.396100489783199
19.674185463659146	0.10083288685934189	0.43589899835475643	0.14571217280382365	0.08317079651266669	0.6672473798310541	0.0487508369271887	0.25328766966239563	0.11840703020633069	0.710506200398226	0.3961004898793385
19.799498746867165	0.10083288680244082	0.43589899829790396	0.14571217279927554	0.08317075209244441	0.6672473790239238	0.048750836924145766	0.25328767028731486	0.11840703021129943	0.7105062000381425	0.39610048993433455
19.924812030075188	0.10083288676716332	0.43589899809896326	0.14571217282571156	0.08317071127344668	0.6672473791159169	0.04875083692159135	0.25328767025852744	0.11840703021515467	0.7105061995538513	0.3961004899255517
20.050125313283207	0.10083288674988704	0.43589899782205377	0.14571217288282431	0.08317067376881983	0.6672473803122418	0.04875083691969743	0.25328766941830144	0.11840703021643023	0.7105061991062575	0.3961004898347328
20.175438596491226	0.10083288674320018	0.43589899762376366	0.1457121729591629	0.08317063920280274	0.6672473827317943	0.0487508369182996	0.25328766766328487	0.11840703021378692	0.7105061990207809	0.39610048964786626
20.30075187969925	0.10083288673935253	0.43589899753361566	0.14571217303806874	0.08317060734428715	0.6672473857462968	0.048750836917209904	0.2532876654555405	0.11840703020841684	0.7105061992511039	0.3961004894123096
20.426065162907268	0.10083288672866346	0.4358989975107284	0.14571217309354212	0.08317057804936315	0.6672473880410169	0.04875083691607452	0.2532876637718684	0.11840703020376683	0.71050619949911	0.396100489230573
20.551378446115287	0.10083288670930461	0.435898997522114	0.14571217312474424	0.08317055112294709	0.6672473893361519	0.04875083691517903	0.2532876628228869	0.1184070302004615	0.7105061996665168	0.3961004891248871
20.676691729323306	0.10083288669046875	0.4358989975227661	0.14571217315249219	0.0831705261673118	0.6672473903606692	0.04875083691466161	0.2532876620743317	0.11840703019756704	0.7105061997860848	0.3961004890406971
20.80200501253133	0.10083288665972552	0.4358989974793959	0.14571217316571816	0.08317050357828568	0.6672473900496004	0.048750836915943466	0.25328766231733923	0.11840703019564923	0.7105061996709563	0.39610048905926903
20.927318295739347	0.10083288663808242	0.4358989974433221	0.1457121731837859	0.08317048266629988	0.6672473901934366	0.04875083691668366	0.25328766222230903	0.11840703019375651	0.7105061996278867	0.3961004890440737
21.052631578947366	0.10083288662169475	0.43589899742036603	0.14571217320123522	0.08317046337665714	0.667247390547337	0.048750836916930364	0.2532876619697069	0.11840703019201307	0.7105061996293804	0.39610048901337974
21.17794486215539	0.10083288660764259	0.4358989974138253	0.14571217321421193	0.0831704456560015	0.6672473909240207	0.048750836916752874	0.25328766169770517	0.11840703019050626	0.7105061996533518	0.3961004889811785
21.303258145363408	0.10083288659436641	0.43589899741330473	0.14571217322382382	0.0831704293479908	0.6672473912090476	0.04875083691654176	0.2532876614921589	0.1184070301892077	0.7105061996749829	0.39610048895620803
21.428571428571427	0.10083288658154482	0.4358989974151449	0.14571217323075836	0.08317041437150723	0.667247391382066	0.048750836916411834	0.2532876613685792	0.11840703018809935	0.7105061996879054	0.3961004889400392
21.553884711779446	0.10083288656961115	0.43589899741666654	0.14571217323639285	0.08317040059053898	0.6672473914867326	0.04875083691638054	0.2532876612951049	0.11840703018714442	0.7105061996944129	0.3961004889294005
21.67919799498747	0.10083288655872316	0.43589899741789706	0.14571217324103258	0.08317038792706406	0.6672473915471487	0.04875083691640772	0.25328766125395147	0.11840703018632519	0.7105061996968405	0.39610048892244476
21.804511278195488	0.10083288654904643	0.43589899741923244	0.14571217324493427	0.08317037628528173	0.6672473915921553	0.048750836916433345	0.2532876612237903	0.11840703018562074	0.7105061996982382	0.3961004889169511
21.929824561403507	0.1008328865404712	0.4358989974207752	0.14571217324819374	0.08317036557508659	0.6672473916279813	0.048750836916444884	0.2532876612000328	0.1184070301850139	0.7105061996991903	0.3961004889124038
22.05513784461153	0.10083288653291723	0.4358989974225542	0.14571217325087757	0.08317035573765756	0.6672473916577403	0.04875083691643757	0.25328766118039453	0.11840703018449368	0.7105061996999761	0.3961004889085396
22.18045112781955	0.10083288652622088	0.4358989974244019	0.1457121732531146	0.08317034668361675	0.6672473916813096	0.048750836916422555	0.25328766116503043	0.11840703018404487	0.7105061997005041	0.3961004889053335
22.305764411027567	0.1008328865202706	0.4358989974263074	0.14571217325494945	0.08317033834377921	0.6672473916984988	0.04875083691640275	0.2532876611541153	0.11840703018365874	0.7105061997007235	0.396100488902777
22.431077694235587	0.10083288651485793	0.4358989974283303	0.1457121732564317	0.08317033058239523	0.6672473917088677	0.04875083691637995	0.25328766114802936	0.11840703018332027	0.7105061997005487	0.39610048890086064
22.55639097744361	0.10083288650997169	0.43589899743047394	0.145712173257564	0.08317032339220255	0.667247391712393	0.04875083691635424	0.253287661146793	0.11840703018302867	0.7105061996999753	0.396100488899584
22.681704260651628	0.1008328865056119	0.43589899743273824	0.14571217325834632	0.08317031677320118	0.6672473917090745	0.04875083691632563	0.2532876611504063	0.11840703018278392	0.7105061996990032	0.396100488898947
22.807017543859647	0.10083288650177853	0.4358989974351232	0.14571217325877872	0.08317031072539112	0.6672473916989125	0.04875083691629412	0.2532876611588691	0.11840703018258603	0.7105061996976323	0.3961004888989497
22.932330827067666	0.10083288649847162	0.4358989974376289	0.14571217325886113	0.08317030524877235	0.6672473916819065	0.04875083691625971	0.25328766117218143	0.118407030182435	0.7105061996958627	0.3961004888995921
23.05764411027569	0.1008328864956905	0.4358989974402553	0.1457121732585938	0.08317030034297337	0.6672473916580524	0.048750836916222416	0.253287661190347	0.11840703018233076	0.7105061996936938	0.39610048890087446
23.182957393483708	0.100832886493179	0.43589899744301586	0.14571217325804836	0.08317029586449584	0.6672473916255228	0.0487508369161902	0.25328766121477775	0.1184070301822545	0.7105061996909312	0.3961004889028832
23.308270676691727	0.10083288649072865	0.4358989974459215	0.1457121732572831	0.08317029169655989	0.6672473915828315	0.04875083691616954	0.2532876612466227	0.11840703018219086	0.7105061996874165	0.3961004889056887
23.43358395989975	0.10083288648833948	0.43589899744897226	0.14571217325629807	0.08317028783916554	0.6672473915299785	0.04875083691616044	0.25328766128588187	0.11840703018213987	0.7105061996831497	0.3961004889092911
23.55889724310777	0.10083288648601148	0.43589899745216815	0.14571217325509325	0.08317028429231278	0.6672473914669635	0.04875083691616289	0.25328766133255526	0.1184070301821015	0.7105061996781308	0.3961004889136903
23.684210526315788	0.10083288648374465	0.43589899745550914	0.14571217325366861	0.08317028105600162	0.6672473913937867	0.048750836916176904	0.2532876613866429	0.11840703018207575	0.7105061996723597	0.3961004889188864
23.809523809523807	0.10083288648153899	0.4358989974589953	0.1457121732520242	0.08317027813023205	0.6672473913104482	0.04875083691620247	0.2532876614481447	0.11840703018206265	0.7105061996658366	0.39610048892487926
23.93483709273183	0.10083288647937086	0.435898997462612	0.14571217325016958	0.08317027550410103	0.6672473912162149	0.0487508369162427	0.25328766151760645	0.11840703018206088	0.7105061996585182	0.3961004889317204
24.06015037593985	0.10083288647699974	0.4358989974662118	0.14571217324820265	0.08317027306663013	0.667247391103628	0.048750836916329206	0.2532876616005836	0.11840703018205706	0.7105061996499658	0.3961004889399328
24.185463659147867	0.10083288647436281	0.435898997469756	0.1457121732461489	0.0831702707888424	0.6672473909707397	0.048750836916470246	0.25328766169852646	0.1184070301820477	0.7105061996400643	0.3961004889496532
24.31077694235589	0.10083288647146008	0.43589899747324473	0.1457121732440084	0.08317026867073785	0.66724739081755	0.04875083691666582	0.25328766181143514	0.11840703018203284	0.7105061996288142	0.39610048896088157
24.43609022556391	0.10083288646829153	0.435898997476678	0.14571217324178112	0.08317026671231645	0.6672473906440589	0.04875083691691592	0.25328766193930957	0.11840703018201244	0.7105061996162152	0.3961004889736178
24.561403508771928	0.10083288646485718	0.43589899748005567	0.14571217323946703	0.08317026491357823	0.6672473904502666	0.048750836917220555	0.2532876620821498	0.11840703018198653	0.7105061996022674	0.396100488987862
24.686716791979947	0.10083288646115703	0.43589899748337785	0.14571217323706614	0.08317026327452318	0.6672473902361729	0.04875083691757972	0.25328766223995586	0.11840703018195509	0.7105061995869708	0.3961004890036141
24.81203007518797	0.10083288645719989	0.43589899748652355	0.14571217323466723	0.08317026177809841	0.6672473900013727	0.048750836918007204	0.25328766241305267	0.11840703018191856	0.7105061995705358	0.3961004890209094
24.93734335839599	0.10083288645301076	0.43589899748915045	0.1457121732325213	0.08317026037605259	0.6672473897447193	0.04875083691854203	0.25328766260235974	0.11840703018187823	0.7105061995535582	0.39610048903984735
25.062656641604008	0.10083288644859115	0.43589899749123784	0.14571217323064364	0.08317025906545669	0.6672473894661433	0.048750836919186566	0.2532876628079329	0.11840703018183416	0.7105061995360741	0.396100489060434
25.18796992481203	0.10083288644394105	0.4358989974927857	0.1457121732290342	0.08317025784631074	0.6672473891656445	0.04875083691994081	0.2532876630297722	0.11840703018178635	0.7105061995180835	0.39610048908266937
25.31328320802005	0.10083288643906048	0.435898997493794	0.14571217322769303	0.08317025671861471	0.6672473888432232	0.04875083692080476	0.2532876632678775	0.11840703018173479	0.7105061994995863	0.3961004891065535
25.43859649122807	0.10083288643394941	0.43589899749426275	0.1457121732266201	0.08317025568236862	0.6672473884988791	0.048750836921778416	0.2532876635222489	0.1184070301816795	0.7105061994805826	0.39610048913208634
25.563909774436087	0.10083288643174727	0.43589899749466066	0.1457121732261253	0.08317025462092961	0.6672473883688054	0.048750836922122634	0.2532876636183512	0.11840703018164257	0.7105061994727828	0.39610048914166873
25.68922305764411	0.10083288643147478	0.43589899749484146	0.145712173226112	0.08317025357068182	0.6672473883793268	0.04875083692206798	0.2532876636106267	0.11840703018161712	0.7105061994725341	0.39610048914079027
25.81453634085213	0.10083288643163993	0.4358989974945825	0.1457121732264329	0.08317025258706026	0.6672473884181918	0.04875083692196574	0.25328766358202404	0.11840703018159264	0.7105061994742711	0.3961004891378151
25.939849624060148	0.10083288643224271	0.43589899749388367	0.145712173227088	0.08317025167006493	0.6672473884854001	0.04875083692181589	0.25328766353254323	0.11840703018156912	0.7105061994779936	0.39610048913274326
26.065162907268167	0.10083288643328314	0.4358989974927451	0.14571217322807728	0.08317025081969585	0.667247388580952	0.048750836921618454	0.2532876634621843	0.11840703018154657	0.710506199483702	0.39610048912557466
26.19047619047619	0.1008328864347612	0.43589899749116673	0.14571217322940078	0.083170250035953	0.6672473887048472	0.04875083692137342	0.2532876633709472	0.11840703018152499	0.7105061994913959	0.3961004891163094
26.31578947368421	0.1008328864366769	0.4358989974891485	0.14571217323105845	0.0831702493188364	0.6672473888570859	0.048750836921080794	0.25328766325883195	0.11840703018150436	0.7105061995010755	0.39610048910494744
26.441102756892228	0.10083288643903024	0.43589899748669053	0.14571217323305033	0.08317024866834603	0.6672473890376681	0.04875083692074057	0.25328766312583856	0.1184070301814847	0.7105061995127407	0.39610048909148876
26.56641604010025	0.10083288644182122	0.4358989974837927	0.1457121732353764	0.0831702480844819	0.6672473892465937	0.04875083692035276	0.253287662971967	0.11840703018146602	0.7105061995263917	0.3961004890759334
26.69172932330827	0.10083288644504983	0.4358989974804551	0.1457121732380367	0.083170247567244	0.6672473894838628	0.04875083691991734	0.2532876627972173	0.11840703018144828	0.7105061995420283	0.3961004890582813
26.81704260651629	0.10083288644871607	0.4358989974766777	0.1457121732410312	0.08317024711663235	0.6672473897494753	0.04875083691943433	0.2532876626015894	0.11840703018143153	0.7105061995596506	0.39610048903853257
26.942355889724308	0.10083288645281997	0.43589899747246047	0.14571217324435987	0.08317024673264693	0.6672473900434311	0.04875083691890373	0.25328766238508343	0.11840703018141574	0.7105061995792584	0.3961004890166871
27.06766917293233	0.10083288645736149	0.4358989974678035	0.14571217324802277	0.08317024641528775	0.6672473903657306	0.04875083691832553	0.25328766214769927	0.11840703018140092	0.710506199600852	0.3961004889927449
27.19298245614035	0.1008328864619076	0.4358989974631363	0.14571217325168745	0.08317024613770294	0.6672473906871071	0.04875083691775139	0.2532876619109957	0.11840703018138707	0.7105061996224376	0.3961004889688754
27.31829573934837	0.10083288646345515	0.43589899746143884	0.14571217325304905	0.0831702457136829	0.667247390804608	0.04875083691753945	0.253287661824476	0.11840703018137434	0.71050619963019	0.3961004889601227
27.44360902255639	0.10083288646491684	0.4358989974598209	0.14571217325434307	0.08317024532383069	0.6672473909150753	0.048750836917342354	0.2532876617431382	0.1184070301813626	0.7105061996375183	0.3961004889518956
27.56892230576441	0.1008328864662927	0.43589899745828264	0.1457121732555695	0.0831702449681463	0.6672473910185092	0.0487508369171601	0.25328766166698236	0.11840703018135186	0.7105061996444223	0.3961004889441942
27.69423558897243	0.10083288646758272	0.4358989974568239	0.1457121732567284	0.08317024464662973	0.6672473911149095	0.04875083691699267	0.25328766159600846	0.11840703018134209	0.710506199650902	0.3961004889370184
27.819548872180448	0.10083288646878688	0.43589899745544486	0.14571217325781965	0.08317024435928098	0.6672473912042762	0.048750836916840075	0.25328766153021653	0.11840703018133332	0.7105061996569576	0.39610048893036826
27.94486215538847	0.10083288646990521	0.43589899745414534	0.14571217325884336	0.08317024410610005	0.6672473912866096	0.048750836916702324	0.2532876614696065	0.11840703018132553	0.7105061996625889	0.39610048892424377
28.07017543859649	0.1008328864709377	0.4358989974529255	0.14571217325979952	0.08317024388708694	0.6672473913619094	0.0487508369165794	0.2532876614141784	0.11840703018131875	0.7105061996677959	0.39610048891864497
28.19548872180451	0.10083288647188433	0.4358989974517852	0.14571217326068805	0.08317024370224166	0.6672473914301756	0.04875083691647132	0.2532876613639323	0.11840703018131295	0.7105061996725789	0.39610048891357175
28.32080200501253	0.10083288647274513	0.43589899745072447	0.14571217326150904	0.08317024355156419	0.6672473914914083	0.048750836916378076	0.25328766131886815	0.11840703018130813	0.7105061996769375	0.3961004889090242
28.44611528822055	0.1008328864735201	0.4358989974497434	0.14571217326226246	0.08317024343505454	0.6672473915456076	0.04875083691629967	0.2532876612789859	0.1184070301813043	0.7105061996808719	0.3961004889050023
28.57142857142857	0.10083288647420921	0.4358989974488419	0.14571217326294827	0.08317024335271271	0.6672473915927734	0.04875083691623609	0.25328766124428564	0.11840703018130146	0.7105061996843821	0.39610048890150606
28.69674185463659	0.10083288647481248	0.43589899744802	0.14571217326356653	0.08317024330453869	0.6672473916329056	0.048750836916187354	0.25328766121476726	0.11840703018129961	0.7105061996874681	0.3961004888985355
28.82205513784461	0.1008328864753299	0.4358989974472777	0.1457121732641172	0.0831702432905325	0.6672473916660042	0.04875083691615345	0.2532876611904309	0.11840703018129875	0.7105061996901298	0.39610048889609056
28.94736842105263	0.10083288648119446	0.4358989974406375	0.1457121732693918	0.08317024210908427	0.6672473920963472	0.04875083691542513	0.2532876608736185	0.11840703018126109	0.7105061997195614	0.39610048886408505
29.07268170426065	0.10083288648092222	0.43589899744086635	0.14571217326919	0.08317024216507958	0.6672473920751368	0.048750836915469296	0.25328766088924504	0.11840703018126301	0.710506199718233	0.3961004888656665
29.19799498746867	0.10083288648064999	0.4358989974410952	0.14571217326898822	0.08317024222107489	0.6672473920539265	0.04875083691551346	0.2532876609048716	0.11840703018126494	0.7105061997169047	0.3961004888672479
29.32330827067669	0.10083288648037775	0.4358989974413241	0.1457121732687864	0.08317024227707019	0.6672473920327161	0.048750836915557635	0.25328766092049815	0.11840703018126689	0.7105061997155763	0.39610048886882937
29.44862155388471	0.10083288648010552	0.435898997441553	0.14571217326858463	0.0831702423330655	0.6672473920115057	0.0487508369156018	0.25328766093612465	0.11840703018126882	0.7105061997142479	0.39610048887041077
29.57393483709273	0.10083288647983328	0.4358989974417819	0.14571217326838284	0.0831702423890608	0.6672473919902954	0.04875083691564597	0.2532876609517512	0.11840703018127076	0.7105061997129195	0.39610048887199223
29.69924812030075	0.10083288647956105	0.43589899744201077	0.14571217326818103	0.08317024244505612	0.667247391969085	0.04875083691569014	0.25328766096737776	0.11840703018127269	0.7105061997115911	0.39610048887357363
29.82456140350877	0.10083288647928881	0.43589899744223964	0.14571217326797925	0.08317024250105143	0.6672473919478746	0.04875083691573431	0.2532876609830043	0.11840703018127463	0.7105061997102626	0.3961004888751551
29.94987468671679	0.10083288647901659	0.43589899744246857	0.14571217326777747	0.08317024255704673	0.6672473919266643	0.04875083691577847	0.2532876609986308	0.11840703018127656	0.7105061997089342	0.3961004888767365
30.075187969924812	0.10083288647874435	0.43589899744269744	0.14571217326757566	0.08317024261304204	0.6672473919054539	0.048750836915822646	0.25328766101425737	0.1184070301812785	0.7105061997076059	0.39610048887831795
30.20050125313283	0.10083288647847212	0.4358989974429263	0.14571217326737387	0.08317024266903734	0.6672473918842435	0.04875083691586681	0.2532876610298839	0.11840703018128043	0.7105061997062775	0.3961004888798994
30.32581453634085	0.10083288647819988	0.4358989974431552	0.14571217326717206	0.08317024272503265	0.6672473918630332	0.04875083691591098	0.2532876610455104	0.11840703018128237	0.7105061997049491	0.3961004888814808
30.45112781954887	0.10083288647792764	0.43589899744338406	0.14571217326697028	0.08317024278102796	0.6672473918418228	0.04875083691595515	0.253287661061137	0.1184070301812843	0.7105061997036207	0.39610048888306226
30.576441102756892	0.10083288647766558	0.43589899744360455	0.14571217326677585	0.08317024283532266	0.667247391821397	0.04875083691599768	0.2532876610761855	0.11840703018128616	0.7105061997023413	0.39610048888458516
30.70175438596491	0.10083288647764795	0.43589899744362276	0.14571217326675842	0.0831702428487153	0.667247391819839	0.04875083691600065	0.25328766107733186	0.11840703018128645	0.7105061997022386	0.39610048888470173
30.82706766917293	0.10083288647763032	0.43589899744364097	0.145712173266741	0.08317024286210793	0.6672473918182812	0.048750836916003626	0.2532876610784782	0.11840703018128675	0.7105061997021359	0.3961004888848183
30.95238095238095	0.10083288647761268	0.4358989974436592	0.14571217326672356	0.08317024287550058	0.6672473918167233	0.048750836916006596	0.25328766107962464	0.11840703018128704	0.7105061997020332	0.39610048888493493
31.07769423558897	0.10083288647759506	0.4358989974436773	0.14571217326670613	0.08317024288889321	0.6672473918151655	0.04875083691600957	0.253287661080771	0.11840703018128731	0.7105061997019305	0.3961004888850515
31.20300751879699	0.10083288647757742	0.43589899744369554	0.1457121732666887	0.08317024290228585	0.6672473918136076	0.04875083691601255	0.2532876610819174	0.1184070301812876	0.7105061997018278	0.3961004888851681
31.32832080200501	0.1008328864775598	0.43589899744371374	0.14571217326667124	0.0831702429156785	0.6672473918120496	0.04875083691601552	0.2532876610830638	0.1184070301812879	0.7105061997017251	0.39610048888528465
31.453634085213032	0.10083288647754216	0.43589899744373195	0.1457121732666538	0.08317024292907113	0.6672473918104918	0.048750836916018496	0.25328766108421014	0.11840703018128819	0.7105061997016225	0.3961004888854012
31.57894736842105	0.10083288647752452	0.43589899744375016	0.14571217326663638	0.08317024294246377	0.6672473918089339	0.048750836916021466	0.25328766108535655	0.11840703018128848	0.7105061997015198	0.3961004888855178
31.70426065162907	0.10083288647750689	0.4358989974437683	0.14571217326661895	0.0831702429558564	0.667247391807376	0.04875083691602444	0.2532876610865029	0.11840703018128876	0.7105061997014172	0.39610048888563437
31.82957393483709	0.10083288647748925	0.4358989974437865	0.14571217326660152	0.08317024296924905	0.6672473918058182	0.04875083691602742	0.25328766108764933	0.11840703018128905	0.7105061997013145	0.39610048888575095
31.954887218045112	0.10083288647747163	0.4358989974438047	0.1457121732665841	0.08317024298264168	0.6672473918042602	0.04875083691603039	0.2532876610887957	0.11840703018128934	0.7105061997012118	0.3961004888858675
32.08020050125313	0.10083288647745399	0.43589899744382293	0.14571217326656666	0.08317024299603432	0.6672473918027023	0.048750836916033366	0.25328766108994205	0.11840703018128963	0.7105061997011091	0.39610048888598415
32.205513784461154	0.10083288647743636	0.43589899744384114	0.14571217326654923	0.08317024300942695	0.6672473918011445	0.048750836916036336	0.25328766109108847	0.11840703018128992	0.7105061997010064	0.3961004888861007
32.33082706766917	0.10083288647741873	0.4358989974438593	0.1457121732665318	0.0831702430228196	0.6672473917995866	0.04875083691603931	0.25328766109223483	0.1184070301812902	0.7105061997009038	0.3961004888862173
32.45614035087719	0.1008328864774011	0.4358989974438775	0.14571217326651437	0.08317024303621223	0.6672473917980287	0.04875083691604229	0.25328766109338124	0.11840703018129049	0.7105061997008011	0.39610048888633387
32.581453634085214	0.10083288647738346	0.4358989974438957	0.14571217326649694	0.08317024304960487	0.6672473917964707	0.04875083691604526	0.2532876610945276	0.11840703018129078	0.7105061997006984	0.39610048888645044
32.70676691729323	0.10083288647736584	0.4358989974439139	0.1457121732664795	0.0831702430629975	0.6672473917949129	0.048750836916048236	0.25328766109567397	0.11840703018129108	0.7105061997005957	0.396100488886567
32.83208020050125	0.1008328864773482	0.4358989974439321	0.14571217326646208	0.08317024307639015	0.667247391793355	0.048750836916051206	0.2532876610968204	0.11840703018129137	0.710506199700493	0.3961004888866836
32.95739348370927	0.10083288647733056	0.4358989974439503	0.14571217326644462	0.08317024308978278	0.6672473917917972	0.04875083691605418	0.25328766109796674	0.11840703018129164	0.7105061997003903	0.39610048888680016
33.08270676691729	0.10083288647731294	0.4358989974439685	0.1457121732664272	0.08317024310317542	0.6672473917902393	0.04875083691605716	0.25328766109911316	0.11840703018129194	0.7105061997002877	0.39610048888691674
33.20802005012531	0.1008328864772953	0.4358989974439867	0.14571217326640976	0.08317024311656807	0.6672473917886814	0.04875083691606013	0.2532876611002595	0.11840703018129223	0.710506199700185	0.39610048888703336
33.33333333333333	0.10083288647727767	0.4358989974440049	0.14571217326639233	0.0831702431299607	0.6672473917871234	0.048750836916063106	0.2532876611014059	0.11840703018129252	0.7105061997000823	0.39610048888714994
33.45864661654135	0.10083288647726003	0.4358989974440231	0.1457121732663749	0.08317024314335333	0.6672473917855656	0.048750836916066076	0.2532876611025523	0.11840703018129281	0.7105061996999796	0.3961004888872665
33.583959899749374	0.10083288647724241	0.43589899744404126	0.14571217326635746	0.08317024315674597	0.6672473917840077	0.04875083691606905	0.25328766110369866	0.11840703018129309	0.7105061996998769	0.3961004888873831
33.70927318295739	0.10083288647722477	0.43589899744405947	0.14571217326634003	0.08317024317013862	0.6672473917824499	0.04875083691607203	0.2532876611048451	0.11840703018129338	0.7105061996997742	0.39610048888749966
33.83458646616541	0.10083288647720715	0.4358989974440777	0.1457121732663226	0.08317024318353125	0.667247391780892	0.048750836916075	0.25328766110599144	0.11840703018129367	0.7105061996996715	0.39610048888761623
33.959899749373434	0.1008328864771895	0.4358989974440959	0.14571217326630517	0.08317024319692388	0.667247391779334	0.048750836916077976	0.2532876611071378	0.11840703018129396	0.710506199699569	0.3961004888877328
34.08521303258145	0.10083288647717188	0.4358989974441141	0.14571217326628774	0.08317024321031652	0.6672473917777761	0.04875083691608095	0.2532876611082842	0.11840703018129425	0.7105061996994663	0.3961004888878494
34.21052631578947	0.10083288647715424	0.43589899744413224	0.1457121732662703	0.08317024322370917	0.6672473917762183	0.04875083691608392	0.2532876611094306	0.11840703018129453	0.7105061996993636	0.39610048888796595
34.335839598997495	0.10083288647713662	0.43589899744415045	0.14571217326625288	0.0831702432371018	0.6672473917746604	0.0487508369160869	0.253287661110577	0.11840703018129482	0.7105061996992609	0.3961004888880826
34.46115288220551	0.10083288647711898	0.43589899744416866	0.14571217326623545	0.08317024325049444	0.6672473917731025	0.04875083691608987	0.25328766111172335	0.11840703018129511	0.7105061996991582	0.39610048888819915
34.58646616541353	0.10083288647710134	0.43589899744418686	0.145712173266218	0.08317024326388707	0.6672473917715446	0.048750836916092846	0.2532876611128697	0.1184070301812954	0.7105061996990555	0.3961004888883157
34.71177944862155	0.10083288647708372	0.43589899744420507	0.14571217326620056	0.08317024327727972	0.6672473917699867	0.04875083691609582	0.2532876611140161	0.1184070301812957	0.7105061996989528	0.3961004888884323
34.83709273182957	0.10083288647706608	0.4358989974442233	0.14571217326618313	0.08317024329067235	0.6672473917684288	0.04875083691609879	0.2532876611151625	0.11840703018129597	0.7105061996988502	0.3961004888885489
34.962406015037594	0.10083288647704845	0.43589899744424143	0.1457121732661657	0.08317024330406499	0.667247391766871	0.04875083691610177	0.2532876611163089	0.11840703018129627	0.7105061996987475	0.39610048888866545
35.08771929824561	0.10083288647703081	0.43589899744425964	0.14571217326614827	0.08317024331745762	0.6672473917653131	0.04875083691610474	0.25328766111745527	0.11840703018129656	0.7105061996986448	0.396100488888782
35.21303258145363	0.10083288647701319	0.43589899744427785	0.14571217326613084	0.08317024333085027	0.6672473917637551	0.048750836916107716	0.2532876611186016	0.11840703018129685	0.7105061996985421	0.3961004888888986
35.338345864661655	0.10083288647699769	0.4358989974442939	0.14571217326611544	0.0831702433429453	0.667247391762381	0.04875083691611034	0.25328766111961276	0.11840703018129711	0.7105061996984516	0.39610048888900146
35.46365914786967	0.10083288647699681	0.4358989974442953	0.14571217326611388	0.08317024334614793	0.6672473917622664	0.04875083691611054	0.25328766111969686	0.11840703018129715	0.7105061996984438	0.3961004888890101
35.58897243107769	0.10083288647699594	0.43589899744429667	0.14571217326611233	0.08317024334935057	0.6672473917621519	0.048750836916110735	0.253287661119781	0.1184070301812972	0.7105061996984359	0.3961004888890188
35.714285714285715	0.10083288647699507	0.43589899744429805	0.14571217326611077	0.0831702433525532	0.6672473917620374	0.048750836916110936	0.2532876611198651	0.11840703018129724	0.710506199698428	0.39610048888902744
35.83959899749373	0.10083288647699419	0.4358989974442995	0.14571217326610922	0.08317024335575583	0.6672473917619228	0.04875083691611113	0.25328766111994927	0.11840703018129728	0.7105061996984201	0.3961004888890361
35.96491228070175	0.10083288647699332	0.4358989974443009	0.14571217326610764	0.08317024335895846	0.6672473917618083	0.04875083691611133	0.25328766112003337	0.11840703018129732	0.7105061996984122	0.39610048888904476
36.09022556390977	0.10083288647699244	0.43589899744430227	0.14571217326610608	0.08317024336216108	0.6672473917616937	0.048750836916111526	0.25328766112011747	0.11840703018129736	0.7105061996984043	0.3961004888890534
36.21553884711779	0.10083288647699157	0.43589899744430366	0.14571217326610453	0.08317024336536372	0.6672473917615791	0.04875083691611173	0.2532876611202016	0.1184070301812974	0.7105061996983965	0.3961004888890621
36.340852130325814	0.1008328864769907	0.43589899744430505	0.14571217326610297	0.08317024336856635	0.6672473917614646	0.04875083691611192	0.2532876611202857	0.11840703018129745	0.7105061996983886	0.39610048888907073
36.46616541353383	0.10083288647698982	0.43589899744430644	0.14571217326610142	0.08317024337176898	0.6672473917613501	0.04875083691611212	0.2532876611203699	0.11840703018129749	0.7105061996983808	0.3961004888890794
36.59147869674185	0.10083288647698894	0.4358989974443078	0.14571217326609986	0.08317024337497161	0.6672473917612355	0.04875083691611232	0.253287661120454	0.11840703018129754	0.7105061996983729	0.39610048888908805
36.716791979949875	0.10083288647698807	0.4358989974443092	0.1457121732660983	0.08317024337817425	0.6672473917611209	0.04875083691611252	0.2532876611205381	0.11840703018129758	0.710506199698365	0.3961004888890967
36.84210526315789	0.1008328864769872	0.4358989974443106	0.14571217326609676	0.08317024338137688	0.6672473917610063	0.04875083691611271	0.25328766112062223	0.11840703018129763	0.7105061996983572	0.3961004888891054
36.96741854636591	0.10083288647698632	0.435898997444312	0.1457121732660952	0.0831702433845795	0.6672473917608918	0.048750836916112913	0.25328766112070633	0.11840703018129767	0.7105061996983493	0.39610048888911403
37.092731829573935	0.10083288647698545	0.4358989974443134	0.14571217326609362	0.08317024338778213	0.6672473917607773	0.048750836916113115	0.2532876611207905	0.11840703018129771	0.7105061996983414	0.3961004888891227
37.21804511278195	0.10083288647698459	0.43589899744431476	0.14571217326609207	0.08317024339098476	0.6672473917606627	0.04875083691611331	0.2532876611208746	0.11840703018129775	0.7105061996983335	0.39610048888913135
37.34335839598997	0.10083288647698371	0.43589899744431615	0.1457121732660905	0.0831702433941874	0.6672473917605481	0.04875083691611351	0.2532876611209587	0.11840703018129779	0.7105061996983256	0.39610048888914
37.468671679197996	0.10083288647698284	0.43589899744431754	0.14571217326608896	0.08317024339739003	0.6672473917604336	0.048750836916113705	0.25328766112104284	0.11840703018129783	0.7105061996983177	0.39610048888914867
37.59398496240601	0.10083288647698196	0.4358989974443189	0.1457121732660874	0.08317024340059266	0.667247391760319	0.048750836916113906	0.25328766112112694	0.11840703018129788	0.7105061996983099	0.39610048888915733
37.719298245614034	0.10083288647698109	0.4358989974443203	0.14571217326608585	0.08317024340379528	0.6672473917602045	0.0487508369161141	0.2532876611212111	0.11840703018129792	0.710506199698302	0.39610048888916594
37.84461152882205	0.10083288647698022	0.4358989974443217	0.1457121732660843	0.08317024340699791	0.66724739176009	0.0487508369161143	0.2532876611212952	0.11840703018129796	0.7105061996982941	0.3961004888891746
37.96992481203007	0.10083288647697934	0.4358989974443231	0.14571217326608274	0.08317024341020055	0.6672473917599754	0.048750836916114496	0.2532876611213793	0.118407030181298	0.7105061996982862	0.39610048888918326
38.095238095238095	0.10083288647697847	0.43589899744432453	0.14571217326608119	0.08317024341340318	0.6672473917598608	0.0487508369161147	0.25328766112146345	0.11840703018129804	0.7105061996982784	0.3961004888891919
38.22055137844611	0.10083288647697759	0.4358989974443259	0.14571217326607963	0.08317024341660581	0.6672473917597462	0.04875083691611489	0.25328766112154755	0.1184070301812981	0.7105061996982706	0.3961004888892006
38.34586466165413	0.10083288647697672	0.4358989974443273	0.14571217326607805	0.08317024341980844	0.6672473917596318	0.04875083691611509	0.2532876611216317	0.11840703018129814	0.7105061996982627	0.39610048888920923
38.471177944862156	0.10083288647697584	0.4358989974443287	0.1457121732660765	0.08317024342301106	0.6672473917595172	0.04875083691611529	0.2532876611217158	0.11840703018129818	0.7105061996982548	0.3961004888892179
38.59649122807017	0.10083288647697497	0.4358989974443301	0.14571217326607494	0.0831702434262137	0.6672473917594026	0.04875083691611549	0.25328766112179996	0.11840703018129822	0.7105061996982469	0.39610048888922655
38.721804511278194	0.1008328864769741	0.43589899744433147	0.14571217326607339	0.08317024342941633	0.667247391759288	0.04875083691611568	0.25328766112188406	0.11840703018129826	0.710506199698239	0.3961004888892352
38.847117794486216	0.10083288647697322	0.43589899744433286	0.14571217326607183	0.08317024343261896	0.6672473917591735	0.04875083691611588	0.25328766112196816	0.1184070301812983	0.7105061996982311	0.3961004888892439
38.97243107769423	0.10083288647697235	0.43589899744433425	0.14571217326607028	0.08317024343582159	0.667247391759059	0.04875083691611608	0.2532876611220523	0.11840703018129835	0.7105061996982233	0.39610048888925253
39.097744360902254	0.10083288647697147	0.43589899744433563	0.14571217326606872	0.08317024343902422	0.6672473917589444	0.04875083691611628	0.2532876611221364	0.11840703018129839	0.7105061996982154	0.3961004888892612
39.22305764411028	0.1008328864769706	0.435898997444337	0.14571217326606717	0.08317024344222684	0.6672473917588299	0.04875083691611647	0.25328766112222056	0.11840703018129843	0.7105061996982075	0.39610048888926985
39.34837092731829	0.10083288647696972	0.4358989974443384	0.14571217326606561	0.08317024344542948	0.6672473917587153	0.048750836916116674	0.25328766112230466	0.11840703018129847	0.7105061996981996	0.3961004888892785
39.473684210526315	0.10083288647696885	0.4358989974443398	0.14571217326606403	0.08317024344863211	0.6672473917586007	0.04875083691611687	0.25328766112238876	0.11840703018129851	0.7105061996981917	0.3961004888892872
39.59899749373433	0.10083288647696798	0.4358989974443412	0.14571217326606248	0.08317024345183474	0.6672473917584862	0.04875083691611707	0.2532876611224729	0.11840703018129856	0.7105061996981838	0.39610048888929583
39.72431077694235	0.1008328864769671	0.4358989974443426	0.14571217326606092	0.08317024345503737	0.6672473917583717	0.04875083691611727	0.253287661122557	0.1184070301812986	0.7105061996981761	0.3961004888893045
39.849624060150376	0.10083288647696623	0.43589899744434396	0.14571217326605937	0.08317024345824	0.6672473917582571	0.048750836916117465	0.2532876611226412	0.11840703018129865	0.7105061996981682	0.39610048888931315
39.97493734335839	0.10083288647696535	0.43589899744434535	0.14571217326605782	0.08317024346144264	0.6672473917581425	0.04875083691611767	0.25328766112272527	0.1184070301812987	0.7105061996981603	0.3961004888893218
40.100250626566414	0.10083288647696467	0.43589899744434646	0.1457121732660566	0.08317024346398472	0.6672473917580524	0.04875083691611782	0.2532876611227915	0.11840703018129872	0.710506199698154	0.3961004888893286
40.225563909774436	0.10083288647696467	0.43589899744434646	0.14571217326605657	0.08317024346411162	0.6672473917580511	0.04875083691611782	0.2532876611227924	0.11840703018129872	0.7105061996981539	0.39610048888932864
40.35087719298245	0.10083288647696467	0.4358989974443465	0.14571217326605654	0.0831702434642385	0.66724739175805	0.048750836916117826	0.2532876611227932	0.11840703018129872	0.7105061996981539	0.39610048888932875
40.476190476190474	0.10083288647696467	0.4358989974443465	0.1457121732660565	0.0831702434643654	0.6672473917580488	0.048750836916117826	0.2532876611227941	0.11840703018129872	0.7105061996981538	0.39610048888932886
40.6015037593985	0.10083288647696469	0.4358989974443465	0.1457121732660565	0.08317024346449228	0.6672473917580476	0.048750836916117826	0.253287661122795	0.11840703018129872	0.7105061996981537	0.3961004888893289
40.72681704260651	0.10083288647696469	0.4358989974443465	0.14571217326605648	0.08317024346461918	0.6672473917580465	0.048750836916117826	0.2532876611227958	0.11840703018129872	0.7105061996981535	0.396100488889329
40.852130325814535	0.10083288647696469	0.4358989974443465	0.14571217326605646	0.08317024346474607	0.6672473917580453	0.04875083691611783	0.2532876611227967	0.11840703018129872	0.7105061996981535	0.39610048888932914
40.97744360902255	0.10083288647696469	0.43589899744434657	0.14571217326605643	0.08317024346487296	0.667247391758044	0.04875083691611783	0.2532876611227976	0.11840703018129872	0.7105061996981534	0.3961004888893292
41.10275689223057	0.10083288647696469	0.43589899744434657	0.14571217326605643	0.08317024346499986	0.6672473917580429	0.04875083691611783	0.25328766112279844	0.11840703018129872	0.7105061996981533	0.3961004888893293
41.228070175438596	0.1008328864769647	0.43589899744434657	0.1457121732660564	0.08317024346512675	0.6672473917580417	0.04875083691611784	0.2532876611227993	0.11840703018129872	0.7105061996981532	0.3961004888893294
41.35338345864661	0.1008328864769647	0.43589899744434657	0.14571217326605637	0.08317024346525365	0.6672473917580405	0.04875083691611784	0.25328766112280016	0.11840703018129872	0.7105061996981532	0.39610048888932947
41.478696741854634	0.1008328864769647	0.4358989974443466	0.14571217326605634	0.08317024346538053	0.6672473917580394	0.04875083691611784	0.25328766112280104	0.11840703018129872	0.7105061996981531	0.3961004888893296
41.60401002506266	0.1008328864769647	0.4358989974443466	0.14571217326605632	0.08317024346550743	0.6672473917580382	0.04875083691611784	0.25328766112280193	0.11840703018129872	0.710506199698153	0.3961004888893297
41.72932330827067	0.10083288647696471	0.4358989974443466	0.14571217326605632	0.08317024346563431	0.6672473917580369	0.04875083691611785	0.25328766112280277	0.11840703018129872	0.7105061996981529	0.39610048888932975
41.854636591478695	0.10083288647696471	0.4358989974443466	0.1457121732660563	0.08317024346576121	0.6672473917580358	0.04875083691611785	0.25328766112280365	0.11840703018129874	0.7105061996981529	0.39610048888932986
41.97994987468672	0.10083288647696471	0.4358989974443466	0.14571217326605626	0.0831702434658881	0.6672473917580346	0.04875083691611785	0.2532876611228045	0.11840703018129874	0.7105061996981528	0.39610048888932997
42.10526315789473	0.10083288647696471	0.4358989974443467	0.14571217326605623	0.083170243466015	0.6672473917580334	0.048750836916117854	0.2532876611228054	0.11840703018129874	0.7105061996981527	0.39610048888933
42.230576441102755	0.10083288647696471	0.4358989974443467	0.14571217326605623	0.0831702434661419	0.6672473917580323	0.048750836916117854	0.25328766112280626	0.11840703018129874	0.7105061996981525	0.39610048888933014
42.35588972431078	0.10083288647696473	0.4358989974443467	0.1457121732660562	0.08317024346626878	0.667247391758031	0.048750836916117854	0.2532876611228071	0.11840703018129874	0.7105061996981525	0.3961004888893302
42.48120300751879	0.10083288647696473	0.4358989974443467	0.14571217326605618	0.08317024346639568	0.6672473917580298	0.048750836916117854	0.253287661122808	0.11840703018129874	0.7105061996981524	0.3961004888893303
42.606516290726816	0.10083288647696473	0.43589899744434674	0.14571217326605615	0.08317024346652256	0.6672473917580286	0.04875083691611786	0.2532876611228088	0.11840703018129874	0.7105061996981523	0.3961004888893304
42.73182957393483	0.10083288647696473	0.43589899744434674	0.14571217326605615	0.08317024346664946	0.6672473917580275	0.04875083691611786	0.2532876611228097	0.11840703018129874	0.7105061996981522	0.39610048888933047
42.857142857142854	0.10083288647696474	0.43589899744434674	0.14571217326605612	0.08317024346677634	0.6672473917580263	0.04875083691611786	0.2532876611228106	0.11840703018129874	0.7105061996981522	0.3961004888893306
42.98245614035088	0.10083288647696474	0.43589899744434674	0.1457121732660561	0.08317024346690324	0.667247391758025	0.04875083691611787	0.2532876611228114	0.11840703018129874	0.7105061996981521	0.3961004888893307
43.10776942355889	0.10083288647696474	0.43589899744434674	0.14571217326605607	0.08317024346703013	0.6672473917580239	0.04875083691611787	0.2532876611228123	0.11840703018129874	0.710506199698152	0.39610048888933075
43.233082706766915	0.10083288647696474	0.4358989974443468	0.14571217326605607	0.08317024346715703	0.6672473917580227	0.04875083691611787	0.25328766112281315	0.11840703018129874	0.7105061996981519	0.39610048888933086
43.35839598997494	0.10083288647696474	0.4358989974443468	0.14571217326605604	0.08317024346728392	0.6672473917580215	0.04875083691611787	0.25328766112281403	0.11840703018129874	0.7105061996981519	0.39610048888933097
43.48370927318295	0.10083288647696476	0.4358989974443468	0.145712173266056	0.08317024346741081	0.6672473917580204	0.048750836916117875	0.2532876611228149	0.11840703018129875	0.7105061996981518	0.396100488889331
43.609022556390975	0.10083288647696476	0.4358989974443468	0.14571217326605598	0.08317024346753771	0.6672473917580192	0.048750836916117875	0.25328766112281575	0.11840703018129875	0.7105061996981517	0.39610048888933114
43.734335839599	0.10083288647696476	0.43589899744434685	0.14571217326605598	0.08317024346766459	0.667247391758018	0.048750836916117875	0.25328766112281664	0.11840703018129875	0.7105061996981515	0.39610048888933125
43.859649122807014	0.10083288647696476	0.43589899744434685	0.14571217326605596	0.08317024346779149	0.6672473917580168	0.04875083691611788	0.2532876611228175	0.11840703018129875	0.7105061996981514	0.3961004888893313
43.984962406015036	0.10083288647696477	0.43589899744434685	0.14571217326605593	0.08317024346791838	0.6672473917580156	0.04875083691611788	0.25328766112281836	0.11840703018129875	0.7105061996981514	0.3961004888893314
44.11027568922306	0.10083288647696477	0.43589899744434685	0.1457121732660559	0.08317024346804527	0.6672473917580144	0.04875083691611788	0.25328766112281925	0.11840703018129875	0.7105061996981513	0.3961004888893315
44.235588972431074	0.10083288647696477	0.43589899744434685	0.14571217326605587	0.08317024346817216	0.6672473917580133	0.04875083691611788	0.2532876611228201	0.11840703018129875	0.7105061996981512	0.3961004888893316
44.3609022556391	0.10083288647696477	0.4358989974443469	0.14571217326605587	0.08317024346829906	0.6672473917580121	0.04875083691611789	0.253287661122821	0.11840703018129875	0.7105061996981511	0.3961004888893317
44.48621553884711	0.10083288647696477	0.4358989974443469	0.14571217326605584	0.08317024346842596	0.6672473917580108	0.04875083691611789	0.25328766112282186	0.11840703018129875	0.7105061996981511	0.3961004888893318
44.611528822055135	0.10083288647696478	0.4358989974443469	0.14571217326605582	0.08317024346855284	0.6672473917580097	0.04875083691611789	0.2532876611228227	0.11840703018129875	0.710506199698151	0.39610048888933186
44.73684210526316	0.10083288647696478	0.4358989974443469	0.1457121732660558	0.08317024346867974	0.6672473917580085	0.048750836916117896	0.2532876611228236	0.11840703018129875	0.7105061996981509	0.39610048888933197
44.86215538847117	0.10083288647696478	0.43589899744434696	0.1457121732660558	0.08317024346880662	0.6672473917580073	0.048750836916117896	0.2532876611228244	0.11840703018129875	0.7105061996981508	0.3961004888893321
44.987468671679196	0.10083288647696478	0.43589899744434696	0.14571217326605576	0.08317024346893352	0.6672473917580062	0.048750836916117896	0.2532876611228253	0.11840703018129875	0.7105061996981508	0.39610048888933214
45.11278195488722	0.10083288647696478	0.43589899744434696	0.14571217326605573	0.0831702434690604	0.667247391758005	0.048750836916117896	0.2532876611228262	0.11840703018129875	0.7105061996981507	0.39610048888933225
45.238095238095234	0.1008328864769648	0.43589899744434696	0.1457121732660557	0.0831702434691873	0.6672473917580037	0.0487508369161179	0.253287661122827	0.11840703018129876	0.7105061996981505	0.39610048888933236
45.363408521303256	0.1008328864769648	0.43589899744434696	0.1457121732660557	0.08317024346931419	0.6672473917580026	0.0487508369161179	0.2532876611228279	0.11840703018129876	0.7105061996981504	0.3961004888893324
45.48872180451128	0.1008328864769648	0.435898997444347	0.14571217326605568	0.08317024346944109	0.6672473917580014	0.0487508369161179	0.25328766112282874	0.11840703018129876	0.7105061996981504	0.3961004888893325
45.614035087719294	0.1008328864769648	0.435898997444347	0.14571217326605565	0.08317024346956799	0.6672473917580002	0.04875083691611791	0.25328766112282963	0.11840703018129876	0.7105061996981503	0.3961004888893326
45.73934837092732	0.10083288647696481	0.435898997444347	0.14571217326605562	0.08317024346969487	0.6672473917579991	0.04875083691611791	0.2532876611228305	0.11840703018129876	0.7105061996981502	0.3961004888893327
45.86466165413533	0.10083288647696481	0.435898997444347	0.14571217326605562	0.08317024346982177	0.6672473917579979	0.04875083691611791	0.25328766112283135	0.11840703018129876	0.7105061996981501	0.3961004888893328
45.989974937343355	0.10083288647696481	0.43589899744434707	0.1457121732660556	0.08317024346994865	0.6672473917579966	0.04875083691611791	0.25328766112283224	0.11840703018129876	0.7105061996981501	0.39610048888933286
46.11528822055138	0.10083288647696481	0.43589899744434707	0.14571217326605557	0.08317024347007555	0.6672473917579955	0.048750836916117916	0.2532876611228331	0.11840703018129876	0.71050619969815	0.39610048888933297
46.24060150375939	0.10083288647696481	0.43589899744434707	0.14571217326605554	0.08317024347020244	0.6672473917579943	0.048750836916117916	0.25328766112283396	0.11840703018129876	0.7105061996981499	0.3961004888893331
46.365914786967416	0.10083288647696483	0.43589899744434707	0.14571217326605554	0.08317024347032934	0.6672473917579931	0.048750836916117916	0.25328766112283485	0.11840703018129876	0.7105061996981498	0.39610048888933314
46.49122807017544	0.10083288647696483	0.43589899744434707	0.1457121732660555	0.08317024347045623	0.667247391757992	0.04875083691611792	0.2532876611228357	0.11840703018129876	0.7105061996981498	0.39610048888933325
46.616541353383454	0.10083288647696483	0.4358989974443471	0.14571217326605548	0.08317024347058312	0.6672473917579907	0.04875083691611792	0.25328766112283657	0.11840703018129876	0.7105061996981497	0.39610048888933336
46.741854636591476	0.10083288647696483	0.4358989974443471	0.14571217326605546	0.08317024347071002	0.6672473917579895	0.04875083691611792	0.2532876611228374	0.11840703018129876	0.7105061996981495	0.3961004888893334
46.8671679197995	0.10083288647696484	0.4358989974443471	0.14571217326605546	0.0831702434708369	0.6672473917579883	0.04875083691611792	0.2532876611228383	0.11840703018129878	0.7105061996981494	0.3961004888893335
46.992481203007515	0.10083288647696484	0.4358989974443471	0.14571217326605543	0.0831702434709638	0.6672473917579872	0.04875083691611793	0.2532876611228392	0.11840703018129878	0.7105061996981494	0.39610048888933364
47.11779448621554	0.10083288647696484	0.4358989974443472	0.1457121732660554	0.08317024347109069	0.667247391757986	0.04875083691611793	0.25328766112284	0.11840703018129878	0.7105061996981493	0.3961004888893337
47.24310776942356	0.10083288647696484	0.4358989974443472	0.14571217326605537	0.08317024347121758	0.6672473917579848	0.04875083691611793	0.2532876611228409	0.11840703018129878	0.7105061996981492	0.3961004888893338
47.368421052631575	0.10083288647696484	0.4358989974443472	0.14571217326605534	0.08317024347134447	0.6672473917579836	0.04875083691611794	0.25328766112284173	0.11840703018129878	0.7105061996981491	0.3961004888893339
47.4937343358396	0.10083288647696485	0.4358989974443472	0.14571217326605534	0.08317024347147137	0.6672473917579824	0.04875083691611794	0.2532876611228426	0.11840703018129878	0.7105061996981491	0.39610048888933397
47.61904761904761	0.10083288647696485	0.4358989974443472	0.14571217326605532	0.08317024347159827	0.6672473917579812	0.04875083691611794	0.2532876611228435	0.11840703018129878	0.710506199698149	0.3961004888893341
47.744360902255636	0.10083288647696485	0.43589899744434724	0.1457121732660553	0.08317024347172515	0.6672473917579801	0.04875083691611794	0.25328766112284434	0.11840703018129878	0.7105061996981489	0.3961004888893342
47.86967418546366	0.10083288647696485	0.43589899744434724	0.14571217326605526	0.08317024347185205	0.6672473917579789	0.048750836916117944	0.25328766112284523	0.11840703018129878	0.7105061996981488	0.39610048888933425
47.994987468671674	0.10083288647696487	0.43589899744434724	0.14571217326605526	0.08317024347197893	0.6672473917579776	0.048750836916117944	0.25328766112284606	0.11840703018129878	0.7105061996981488	0.39610048888933436
48.1203007518797	0.10083288647696487	0.43589899744434724	0.14571217326605523	0.08317024347210583	0.6672473917579765	0.048750836916117944	0.25328766112284695	0.11840703018129878	0.7105061996981487	0.39610048888933447
48.24561403508772	0.10083288647696487	0.4358989974443473	0.1457121732660552	0.08317024347223272	0.6672473917579753	0.04875083691611795	0.25328766112284784	0.11840703018129878	0.7105061996981485	0.3961004888893345
48.370927318295735	0.10083288647696487	0.4358989974443473	0.14571217326605518	0.08317024347235961	0.6672473917579741	0.04875083691611795	0.2532876611228487	0.11840703018129878	0.7105061996981484	0.39610048888933463
48.49624060150376	0.10083288647696487	0.4358989974443473	0.14571217326605518	0.0831702434724865	0.667247391757973	0.04875083691611795	0.25328766112284956	0.11840703018129878	0.7105061996981484	0.39610048888933475
48.62155388471178	0.10083288647696488	0.4358989974443473	0.14571217326605515	0.0831702434726134	0.6672473917579718	0.04875083691611795	0.25328766112285045	0.11840703018129879	0.7105061996981483	0.3961004888893348
48.746867167919795	0.10083288647696488	0.4358989974443473	0.14571217326605512	0.0831702434727403	0.6672473917579705	0.04875083691611796	0.2532876611228513	0.11840703018129879	0.7105061996981482	0.3961004888893349
48.87218045112782	0.10083288647696488	0.43589899744434735	0.1457121732660551	0.08317024347286718	0.6672473917579694	0.04875083691611796	0.25328766112285217	0.11840703018129879	0.7105061996981481	0.39610048888933497
48.99749373433583	0.10083288647696488	0.43589899744434735	0.1457121732660551	0.08317024347299408	0.6672473917579682	0.04875083691611796	0.253287661122853	0.11840703018129879	0.7105061996981481	0.3961004888893351
49.122807017543856	0.1008328864769649	0.43589899744434735	0.14571217326605507	0.08317024347312096	0.667247391757967	0.04875083691611796	0.2532876611228539	0.11840703018129879	0.710506199698148	0.3961004888893352
49.24812030075188	0.1008328864769649	0.43589899744434735	0.14571217326605504	0.08317024347324786	0.6672473917579659	0.048750836916117965	0.2532876611228548	0.11840703018129879	0.7105061996981479	0.39610048888933524
49.373433583959894	0.1008328864769649	0.4358989974443474	0.145712173266055	0.08317024347337475	0.6672473917579647	0.048750836916117965	0.2532876611228556	0.11840703018129879	0.7105061996981478	0.39610048888933536
49.49874686716792	0.1008328864769649	0.4358989974443474	0.145712173266055	0.08317024347350165	0.6672473917579634	0.048750836916117965	0.2532876611228565	0.11840703018129879	0.7105061996981478	0.39610048888933547
49.62406015037594	0.1008328864769649	0.4358989974443474	0.14571217326605498	0.08317024347362853	0.6672473917579623	0.04875083691611797	0.25328766112285733	0.11840703018129879	0.7105061996981477	0.3961004888893355
49.749373433583955	0.10083288647696491	0.4358989974443474	0.14571217326605496	0.08317024347375543	0.6672473917579611	0.04875083691611797	0.2532876611228582	0.11840703018129879	0.7105061996981475	0.39610048888933563
49.87468671679198	0.10083288647696491	0.4358989974443474	0.14571217326605493	0.08317024347388233	0.6672473917579599	0.04875083691611797	0.2532876611228591	0.11840703018129879	0.7105061996981474	0.39610048888933574
50.0	0.10083288647696491	0.43589899744434746	0.1457121732660549	0.08317024347400921	0.6672473917579588	0.04875083691611797	0.25328766112285994	0.11840703018129879	0.7105061996981474	0.3961004888893358
