NON $ % + -
#NON	a	c	b	d
0.0	0.34752788114548205	0.7772483705661657	0.4469857959943987	0.9884660531514344
0.5050505050505051	0.25572218451418294	0.4804764411957373	0.31688797197434415	0.3513200859321913
1.0101010101010102	0.20553053598757007	0.3747078457734044	0.2522845942499532	0.1831555045086304
1.5151515151515151	0.17747117732608914	0.3323833860456372	0.21987454889523525	0.13493848413667234
2.0202020202020203	0.1621536190734317	0.3139757303952081	0.20509846696981973	0.11887952838335794
2.5252525252525255	0.1541853937975232	0.30576306349346416	0.1986576737841725	0.11250477548114943
3.0303030303030303	0.15020032257718544	0.3020861964642215	0.1958067240302124	0.10963922569872928
3.5353535353535355	0.14825121660649945	0.30042833695524884	0.19449818557908544	0.10827636497439815
4.040404040404041	0.14730705110360198	0.2996702514058434	0.19387976036541302	0.10761697323577675
4.545454545454546	0.14685103015375758	0.2993179652949258	0.19358281718510806	0.10729713090564964
5.050505050505051	0.1466308293702408	0.29915196628281476	0.19343932478671572	0.10714214718059283
5.555555555555556	0.1465244429554784	0.2990729523580245	0.19336986158246158	0.10706713005048768
6.0606060606060606	0.14647301925351738	0.2990350969832231	0.1933362333162698	0.10703084150729211
6.565656565656566	0.14644815366114372	0.29901688788268654	0.1933199579711753	0.10701329028493863
7.070707070707071	0.14643612856336694	0.2990081091466252	0.19331208392247806	0.10700480221418904
7.575757575757576	0.14643031095304787	0.29900387026828196	0.19330827276215207	0.10700069518963291
8.080808080808081	0.1464274989925491	0.2990018233205931	0.19330643114445228	0.1069987110062303
8.585858585858587	0.14642613945637542	0.299000834192161	0.19330554123204668	0.10699775150778995
9.090909090909092	0.14642548060476565	0.2990003552210772	0.19330510963668665	0.10699728632294205
9.595959595959597	0.14642516073017817	0.29900012264151166	0.1933048999841197	0.10699706068042314
10.101010101010102	0.1464250068449687	0.299000010818532	0.19330479934244182	0.10699695198674394
10.606060606060607	0.1464249347475768	0.2989999583273737	0.1933047522939341	0.10699690121991519
11.111111111111112	0.14642489959629115	0.29899993284868887	0.19330472896707698	0.10699687637058422
11.616161616161618	0.14642488181199378	0.29899992007115983	0.19330471720867895	0.10699686358849797
12.121212121212121	0.14642487283171998	0.29899991343996274	0.19330471164855617	0.10699685735063491
12.626262626262626	0.14642486843386152	0.2989999101837415	0.1933047086780093	0.10699685437494885
13.131313131313131	0.14642486564926674	0.2989999081683118	0.193304706664102	0.10699685244403928
13.636363636363637	0.14642486406914748	0.2989999070105323	0.19330470559577062	0.10699685135398038
14.141414141414142	0.14642486365923182	0.2989999067288384	0.1933047054127642	0.10699685101461381
14.646464646464647	0.14642486322426201	0.29899990641865404	0.19330470513884376	0.10699685069452078
15.151515151515152	0.14642486335074054	0.29899990652384667	0.19330470525304122	0.10699685075260205
15.656565656565657	0.1464248633242831	0.29899990651677266	0.19330470526458968	0.10699685070535049
16.161616161616163	0.14642486361661058	0.2989999067336248	0.19330470545489467	0.10699685090424205
16.666666666666668	0.14642486383909456	0.29899990689861444	0.19330470559971286	0.10699685105570904
17.171717171717173	0.14642486386687506	0.2989999069190263	0.19330470561772697	0.1069968510749701
17.67676767676768	0.14642486389465556	0.2989999069394382	0.1933047056357411	0.10699685109423117
18.181818181818183	0.14642486392243606	0.29899990695985007	0.1933047056537552	0.10699685111349225
18.68686868686869	0.14642486395021656	0.29899990698026196	0.19330470567176933	0.10699685113275331
19.191919191919194	0.14642486397799706	0.2989999070006738	0.19330470568978345	0.10699685115201438
19.6969696969697	0.14642486400577756	0.2989999070210857	0.19330470570779756	0.10699685117127546
20.202020202020204	0.14642486403355806	0.2989999070414976	0.19330470572581165	0.10699685119053652
20.70707070707071	0.14642486406133856	0.2989999070619095	0.19330470574382577	0.10699685120979759
21.212121212121215	0.14642486408911906	0.2989999070823213	0.1933047057618399	0.10699685122905866
21.71717171717172	0.14642486411689956	0.2989999071027332	0.193304705779854	0.10699685124831973
22.222222222222225	0.14642486414468006	0.2989999071231451	0.19330470579786813	0.1069968512675808
22.72727272727273	0.14642486417246056	0.29899990714355695	0.19330470581588224	0.10699685128684187
23.232323232323235	0.1464248641952621	0.2989999071603084	0.19330470583066853	0.10699685130265443
23.73737373737374	0.1464248641979039	0.2989999071622386	0.1933047058323854	0.10699685130450405
24.242424242424242	0.14642486420054573	0.29899990716416885	0.1933047058341023	0.10699685130635367
24.747474747474747	0.14642486420318757	0.29899990716609914	0.19330470583581918	0.1069968513082033
25.252525252525253	0.1464248642058294	0.2989999071680294	0.1933047058375361	0.10699685131005292
25.757575757575758	0.14642486420847123	0.2989999071699596	0.19330470583925297	0.10699685131190254
26.262626262626263	0.14642486421111306	0.29899990717188984	0.19330470584096984	0.10699685131375215
26.767676767676768	0.14642486421375486	0.2989999071738201	0.19330470584268675	0.10699685131560178
27.272727272727273	0.1464248642163967	0.29899990717575037	0.19330470584440362	0.1069968513174514
27.77777777777778	0.14642486421903853	0.2989999071776806	0.1933047058461205	0.10699685131930102
28.282828282828284	0.14642486422168036	0.29899990717961084	0.1933047058478374	0.10699685132115065
28.78787878787879	0.1464248642243222	0.29899990718154107	0.19330470584955428	0.10699685132300027
29.292929292929294	0.146424864226964	0.2989999071834713	0.19330470585127119	0.10699685132484989
29.7979797979798	0.1464248642292611	0.2989999071851497	0.19330470585276402	0.10699685132645817
30.303030303030305	0.1464248642292934	0.29899990718517316	0.19330470585278509	0.1069968513264809
30.80808080808081	0.1464248642293257	0.2989999071851967	0.19330470585280615	0.10699685132650362
31.313131313131315	0.14642486422935802	0.29899990718522024	0.1933047058528272	0.10699685132652635
31.81818181818182	0.1464248642293903	0.2989999071852438	0.19330470585284826	0.10699685132654907
32.323232323232325	0.1464248642294226	0.2989999071852673	0.19330470585286932	0.1069968513265718
32.82828282828283	0.14642486422945492	0.29899990718529085	0.19330470585289036	0.10699685132659452
33.333333333333336	0.1464248642294872	0.29899990718531433	0.19330470585291143	0.10699685132661725
33.83838383838384	0.1464248642295195	0.29899990718533787	0.1933047058529325	0.10699685132663997
34.343434343434346	0.1464248642295518	0.2989999071853614	0.19330470585295356	0.1069968513266627
34.84848484848485	0.14642486422958412	0.29899990718538494	0.1933047058529746	0.10699685132668542
35.35353535353536	0.1464248642296164	0.2989999071854085	0.19330470585299567	0.10699685132670815
35.85858585858586	0.1464248642296487	0.298999907185432	0.19330470585301673	0.10699685132673087
36.36363636363637	0.146424864229681	0.2989999071854555	0.19330470585303777	0.1069968513267536
36.86868686868687	0.14642486422971332	0.29899990718547903	0.19330470585305884	0.10699685132677632
37.37373737373738	0.1464248642297456	0.29899990718550257	0.1933047058530799	0.10699685132679905
37.87878787878788	0.1464248642297779	0.2989999071855261	0.19330470585310094	0.10699685132682177
38.38383838383839	0.14642486422981021	0.29899990718554964	0.193304705853122	0.1069968513268445
38.88888888888889	0.14642486422984252	0.2989999071855732	0.19330470585314308	0.10699685132686722
39.3939393939394	0.1464248642298748	0.2989999071855967	0.19330470585316412	0.10699685132688995
39.8989898989899	0.1464248642299071	0.2989999071856202	0.19330470585318518	0.10699685132691267
40.40404040404041	0.14642486422993942	0.29899990718564373	0.19330470585320625	0.1069968513269354
40.909090909090914	0.14642486422997172	0.29899990718566727	0.1933047058532273	0.10699685132695812
41.41414141414142	0.146424864230004	0.2989999071856908	0.19330470585324835	0.10699685132698085
41.919191919191924	0.1464248642300363	0.29899990718571434	0.19330470585326942	0.10699685132700357
42.42424242424243	0.14642486423006862	0.2989999071857379	0.19330470585329046	0.1069968513270263
42.929292929292934	0.14642486423010093	0.29899990718576136	0.19330470585331153	0.10699685132704902
43.43434343434344	0.1464248642301332	0.2989999071857849	0.1933047058533326	0.10699685132707175
43.939393939393945	0.1464248642301655	0.29899990718580843	0.19330470585335363	0.10699685132709447
44.44444444444445	0.14642486423019782	0.29899990718583197	0.1933047058533747	0.1069968513271172
44.949494949494955	0.14642486423023013	0.2989999071858555	0.19330470585339576	0.10699685132713992
45.45454545454546	0.1464248642302624	0.29899990718587904	0.1933047058534168	0.10699685132716265
45.959595959595966	0.14642486423029472	0.2989999071859025	0.19330470585343787	0.10699685132718538
46.46464646464647	0.14642486423032702	0.29899990718592606	0.19330470585345894	0.1069968513272081
46.969696969696976	0.1464248642303593	0.2989999071859496	0.19330470585347997	0.10699685132723083
47.47474747474748	0.1464248642303916	0.29899990718597313	0.19330470585350104	0.10699685132725355
47.979797979797986	0.14642486423042392	0.29899990718599667	0.1933047058535221	0.10699685132727628
48.484848484848484	0.14642486423045623	0.2989999071860202	0.19330470585354315	0.106996851327299
48.98989898989899	0.1464248642304885	0.2989999071860437	0.1933047058535642	0.10699685132732173
49.494949494949495	0.1464248642305208	0.2989999071860672	0.19330470585358528	0.10699685132734445
50.0	0.14642486423055312	0.29899990718609076	0.19330470585360632	0.10699685132736718
