NON $ % + - .
#NON	b	d	c	a	e
0.0	0.2259858548936995	0.6180159665462024	0.04831455990623157	0.948506437011729	0.7277773363784954
0.5050505050505051	0.21625773102513185	0.4270021830200653	0.038645529066024496	0.627468829327729	0.49625339801318535
1.0101010101010102	0.22020689515299055	0.31988040870066653	0.030877751537776395	0.4494424997203855	0.35482096208717917
1.5151515151515151	0.22839715223624502	0.2573372865318727	0.024812581859384786	0.3476386216463176	0.2665667140807689
2.0202020202020203	0.23699224033841387	0.21952455712169597	0.020170133704610956	0.2876917057337101	0.21022246429876554
2.5252525252525255	0.2445558577726384	0.19600900799355658	0.016660100238183574	0.25144826356663347	0.173421667526838
3.0303030303030303	0.25070710836112	0.18106490339229422	0.014022686623070001	0.2290333210869523	0.14886730374989599
3.5353535353535355	0.2555024937002593	0.17141536535064458	0.012044373403730565	0.21490869835160412	0.1321699692548335
4.040404040404041	0.25915012545169297	0.16511313360000138	0.010558511714628693	0.20587393962622838	0.1206295854419198
4.545454545454546	0.26188402424092705	0.16096405265516975	0.009439011168134663	0.20002709295875407	0.11254517750748433
5.050505050505051	0.26391481220672736	0.15821738694374335	0.008592115004172772	0.19620944490533285	0.10681945867107183
5.555555555555556	0.2654152507570292	0.15639223876794597	0.007948672379167139	0.1936999820748362	0.10272859158842916
6.0606060606060606	0.2665204108990335	0.15517632278864496	0.0074577732954147925	0.19204218040159687	0.0997854021763123
6.565656565656566	0.26733307701593756	0.1543648727951509	0.007081849954289096	0.1909429606950016	0.09765625101313494
7.070707070707071	0.2679302190989957	0.15382271326018415	0.006793046355980787	0.19021213967306425	0.09610928286217527
7.575757575757576	0.2683689233187527	0.15346019194858773	0.00657058140974429	0.18972528721899196	0.09498142598709863
8.080808080808081	0.26869129054671004	0.1532176598681705	0.006398850940114595	0.18940049070818826	0.09415686399243536
8.585858585858587	0.26892826917838164	0.15305534474188154	0.00626606402528603	0.18918357889733817	0.09355269736020073
9.090909090909092	0.2691025692408346	0.15294669071245764	0.006163260175181682	0.18903860772882206	0.09310921961509874
9.595959595959597	0.2692308451161151	0.1528739443129718	0.006083595328531808	0.18894166072065696	0.09278320745331158
10.101010101010102	0.26932530835246604	0.15282523420254784	0.006021820748890535	0.18887680359537393	0.09254325265215631
10.606060606060607	0.2693949134472821	0.15279261654123139	0.005973897585244983	0.1888334019334044	0.09236645723261107
11.111111111111112	0.2694462339480115	0.15277077228907837	0.005936709114276417	0.18880434981173663	0.09223608028083276
11.616161616161618	0.26948409384478794	0.15275614368172846	0.005907846193999686	0.18878490141868134	0.0921398638931953
12.121212121212121	0.2695120386092567	0.15274634676684745	0.00588544332776772	0.18877188016710134	0.09206881150855512
12.626262626262626	0.26953267482785703	0.15273978639073357	0.005868054673817289	0.18876316246919456	0.09201631389220624
13.131313131313131	0.26954792134963407	0.15273539152896332	0.005854558172545171	0.18875732314735452	0.09197750379792176
13.636363636363637	0.2695591910621564	0.15273244819272871	0.005844083412990829	0.18875341290578657	0.09194880136621636
14.141414141414142	0.2695675243502207	0.15273047732153788	0.005835954558704906	0.18875079487494223	0.09192756645120256
14.646464646464647	0.2695736877139457	0.15272915717384072	0.005829646821090465	0.18874904124876415	0.09191185046325615
15.151515151515152	0.2695782487661314	0.15272827327720048	0.005824752731850126	0.18874786724513223	0.0919002160219101
15.656565656565657	0.26958162499047233	0.1527276813861183	0.00582095590419643	0.1887470811612038	0.09189160090481567
16.161616161616163	0.2695841235630029	0.15272728449872103	0.005818010469845886	0.1887465539406832	0.09188521890482297
16.666666666666668	0.2695859734844116	0.1527270188361812	0.005815725788286362	0.18874620103123438	0.09188049092921503
17.171717171717173	0.26958734607468166	0.15272684119017388	0.00581395379490687	0.18874596523866433	0.09187698784448613
17.67676767676768	0.26958836249875917	0.15272672201396956	0.005812579525373622	0.18874580696426865	0.09187439136446293
18.181818181818183	0.26958911207591085	0.1527266422621723	0.005811513801779134	0.18874570086215794	0.09187246683178099
18.68686868686869	0.26958967021681873	0.15272658895207777	0.005810687386186965	0.18874563010708195	0.09187104014177613
19.191919191919194	0.26959008429487624	0.15272655325821127	0.005810046604109016	0.18874558273624997	0.09186998239931263
19.6969696969697	0.26959039113764066	0.1527265293573653	0.005809549801376181	0.1887455510124892	0.0918691981213317
20.202020202020204	0.26959061843478177	0.1527265133529713	0.005809164652053489	0.18874552976683606	0.09186861656017481
20.70707070707071	0.26959078699636324	0.1527265026321832	0.0058088660522163495	0.1887455155332646	0.09186818522088186
21.212121212121215	0.26959091232255883	0.15272649541717828	0.005808634074230436	0.1887455059533614	0.09186786436918133
21.71717171717172	0.2695910051455047	0.15272649060093657	0.005808454378403343	0.18874549955805484	0.0918676266696252
22.222222222222225	0.26959107284953643	0.15272648748828999	0.005808316619847976	0.18874549542464028	0.09186745325441184
22.72727272727273	0.2695911233244275	0.15272648536659308	0.00580820952742114	0.18874549260718856	0.09186732394819001
23.232323232323235	0.2695911614184449	0.15272648384696877	0.005808125781956491	0.18874549058944734	0.09186722635171088
23.73737373737374	0.26959119036266754	0.15272648271434017	0.0058080601638008985	0.1887454890858046	0.09186715219957714
24.242424242424242	0.2695912119174159	0.15272648193331426	0.00580800925943234	0.1887454880489661	0.09186709697854388
24.747474747474747	0.26959122819743814	0.15272648144562254	0.005807968993304768	0.18874548740124217	0.09186705526453331
25.252525252525253	0.26959123894380593	0.15272648125382332	0.005807939870705104	0.18874548714608025	0.09186702772100117
25.757575757575758	0.2695912473762349	0.1527264811425679	0.00580791627537803	0.18874548699752391	0.09186700609432251
26.262626262626263	0.2695912536866442	0.15272648107053283	0.005807897827423912	0.18874548690107085	0.09186698989765743
26.767676767676768	0.26959125816862506	0.15272648102648054	0.005807883900467864	0.18874548684193937	0.09186697838177939
27.272727272727273	0.26959126145761153	0.15272648099121405	0.005807873134356398	0.18874548679490014	0.09186696992465802
27.77777777777778	0.2695912638011427	0.1527264809626699	0.005807864982335218	0.18874548675719646	0.0918669638954581
28.282828282828284	0.2695912655818976	0.1527264809385689	0.005807858596316267	0.18874548672575617	0.0918669593191247
28.78787878787879	0.26959126691702706	0.1527264809193288	0.005807853660687481	0.18874548670095453	0.09186695589689796
29.292929292929294	0.2695912679485138	0.15272648090553528	0.005807849788895726	0.18874548668333974	0.09186695326666915
29.7979797979798	0.26959126873660577	0.15272648089628485	0.005807846774125495	0.18874548667154467	0.09186695127064722
30.303030303030305	0.2695912693357314	0.15272648089074295	0.0058078444291524015	0.18874548666431096	0.09186694976619009
30.80808080808081	0.2695912697892269	0.15272648088745105	0.005807842601557443	0.18874548665973676	0.09186694863459059
31.313131313131315	0.26959127012613565	0.15272648088544477	0.005807841189310858	0.18874548665656957	0.09186694779635453
31.81818181818182	0.2695912703781241	0.15272648088405916	0.005807840084747506	0.18874548665409988	0.09186694716666857
32.323232323232325	0.2695912705602789	0.15272648088297947	0.005807839236563159	0.18874548665199287	0.09186694670513333
32.82828282828283	0.26959127069141364	0.1527264808820823	0.005807838579526471	0.18874548665025379	0.0918669463624623
33.333333333333336	0.26959127078476747	0.15272648088128082	0.005807838067734258	0.18874548664888627	0.09186694610397268
33.83838383838384	0.26959127084866674	0.15272648088060234	0.00580783767169348	0.188745486647967	0.09186694591033231
34.343434343434346	0.269591270892181	0.15272648088007673	0.005807837359278639	0.1887454866475794	0.09186694576048358
34.84848484848485	0.2695912709187128	0.15272648087969712	0.005807837117899408	0.18874548664765486	0.0918669456475798
35.35353535353536	0.2695912709338945	0.15272648087945212	0.00580783692671405	0.18874548664807966	0.09186694556028988
35.85858585858586	0.26959127096312235	0.15272648087909288	0.0058078367100406585	0.1887454866479013	0.09186694545892002
36.36363636363637	0.2695912710027615	0.1527264808786551	0.005807836478702605	0.18874548664725635	0.09186694534914601
36.86868686868687	0.2695912710377333	0.15272648087828694	0.005807836277597995	0.18874548664671115	0.0918669452545125
37.37373737373738	0.26959127106803776	0.15272648087798846	0.005807836106726829	0.18874548664626573	0.09186694517501949
37.87878787878788	0.269591271093675	0.15272648087775959	0.005807835966089106	0.18874548664592006	0.09186694511066698
38.38383838383839	0.2695912711146449	0.15272648087760035	0.005807835855684828	0.18874548664567414	0.09186694506145499
38.88888888888889	0.2695912711309476	0.15272648087751076	0.005807835775513992	0.188745486645528	0.09186694502738349
39.3939393939394	0.26959127114258297	0.1527264808774908	0.005807835725576601	0.18874548664548163	0.09186694500845251
39.8989898989899	0.26959127114955106	0.15272648087754048	0.005807835705872654	0.188745486645535	0.09186694500466201
40.40404040404041	0.2695912711518519	0.15272648087765978	0.005807835716402149	0.18874548664568816	0.09186694501601203
40.909090909090914	0.26959127114948545	0.15272648087784874	0.005807835757165089	0.18874548664594104	0.09186694504250256
41.41414141414142	0.2695912711424517	0.15272648087810733	0.0058078358281614725	0.1887454866462937	0.09186694508413358
41.919191919191924	0.26959127114212744	0.15272648087822394	0.005807835848117604	0.18874548664644705	0.09186694509870975
42.42424242424243	0.2695912711478905	0.15272648087821014	0.005807835821478917	0.18874548664641744	0.091866945088539
42.929292929292934	0.26959127115210657	0.15272648087820795	0.00580783580278321	0.18874548664640556	0.09186694508193607
43.43434343434344	0.26959127115477555	0.15272648087821736	0.005807835792030482	0.18874548664641141	0.09186694507890096
43.939393939393945	0.26959127115589754	0.15272648087823837	0.005807835789220734	0.18874548664643498	0.09186694507943369
44.44444444444445	0.2695912711554725	0.15272648087827098	0.0058078357943539645	0.1887454866464763	0.09186694508353423
44.949494949494955	0.26959127115350046	0.15272648087831517	0.005807835807430176	0.18874548664653534	0.09186694509120259
45.45454545454546	0.2695912711499814	0.15272648087837096	0.005807835828449366	0.18874548664661214	0.09186694510243879
45.959595959595966	0.26959127114491527	0.15272648087843838	0.005807835857411537	0.18874548664670665	0.0918669451172428
46.46464646464647	0.2695912711383021	0.15272648087851737	0.005807835894316686	0.18874548664681892	0.09186694513561464
46.969696969696976	0.2695912711301419	0.15272648087860796	0.005807835939164815	0.1887454866469489	0.0918669451575543
47.47474747474748	0.26959127112043474	0.15272648087871013	0.0058078359919559236	0.18874548664709662	0.09186694518306178
47.979797979797986	0.26959127111751263	0.1527264808788986	0.005807836014716205	0.1887454866473468	0.09186694520513099
48.484848484848484	0.2695912711147771	0.1527264808789089	0.005807836030323279	0.18874548664736251	0.09186694521103123
48.98989898989899	0.26959127111204156	0.15272648087891919	0.005807836045930352	0.18874548664737822	0.09186694521693146
49.494949494949495	0.26959127110930603	0.15272648087892945	0.005807836061537426	0.18874548664739393	0.0918669452228317
50.0	0.2695912711065705	0.15272648087893975	0.0058078360771444985	0.18874548664740964	0.09186694522873194
