NON $ % + -
#NON	c	a	b	d
0.0	0.012622010042139586	0.5000448933115124	0.6018289257121657	0.6451466183123585
0.5050505050505051	0.15407527580211583	0.4012798011217936	0.35288423012424	0.308455891029738
1.0101010101010102	0.21137185906137668	0.3344447490545979	0.27771999014683973	0.16284850766149336
1.5151515151515151	0.23463036249028724	0.2945384350376691	0.2553627241538441	0.09854421372929469
2.0202020202020203	0.24403655761410178	0.27251105966211814	0.24875322135521857	0.07014115124921358
2.5252525252525255	0.2477313640191425	0.26086245581231365	0.24668793011653517	0.05762146133501587
3.0303030303030303	0.24905711237324527	0.2548223022374248	0.24588751218939242	0.052100266850400846
3.5353535353535355	0.2494326489202063	0.25170436634065485	0.24546161187588275	0.04965279125671304
4.040404040404041	0.24946307688845368	0.25008675634070293	0.2451876149543881	0.0485560460201468
4.545454545454546	0.24939429900065369	0.2492388975128235	0.24500473830840755	0.048056385214781686
5.050505050505051	0.2493159785010233	0.2487890437170714	0.24488554660524314	0.04782379927237269
5.555555555555556	0.24925408183637912	0.24854746246452372	0.24481047313801735	0.04771278208127968
6.0606060606060606	0.24921138756983152	0.24841632828807614	0.24476457623551073	0.047658356349370844
6.565656565656566	0.24918394828677423	0.24834450630821703	0.2447371574758923	0.04763096111222793
7.070707070707071	0.24916704396488912	0.2483048899544704	0.24472105480396222	0.04761683343596736
7.575757575757576	0.24915691107576735	0.248282919381932	0.24471171461818803	0.04760939345020372
8.080808080808081	0.24915094867736148	0.2482706830143188	0.24470634499550373	0.0476054057114785
8.585858585858587	0.24914748501554035	0.24826385129624343	0.24470327850100765	0.04760324170959974
9.090909090909092	0.2491454918461001	0.24826002728357902	0.24470153513961898	0.04760205361587496
9.595959595959597	0.24914435238772253	0.24825788437055724	0.244700547769715	0.047601397042068866
10.101010101010102	0.2491437040326584	0.24825668184803848	0.2446999894317616	0.04760103181441178
10.606060606060607	0.24914333703788205	0.2482560078471144	0.24469967516304628	0.04760082843337526
11.111111111111112	0.24914312943834926	0.24825562903900303	0.2446994980304519	0.04760071445994723
11.616161616161618	0.24914300835661307	0.2482554090075679	0.244699394670849	0.04760064840204691
12.121212121212121	0.24914294401960985	0.24825529282982917	0.24469933990541592	0.04760061371321962
12.626262626262626	0.24914290641184972	0.24825522511746076	0.24469930819027524	0.04760059352411305
13.131313131313131	0.24914288581585575	0.2482551881646431	0.2446992907715381	0.04760058250491488
13.636363636363637	0.24914287421951872	0.24825516740625125	0.24469928086811782	0.04760057630933216
14.141414141414142	0.24914286779487527	0.2482551559034153	0.24469927537411454	0.047600572874691834
14.646464646464647	0.24914286416375162	0.24825514935355228	0.24469927233016311	0.047600570918685435
15.151515151515152	0.2491428620675581	0.24825514552804226	0.24469927062057534	0.047600569775024006
15.656565656565657	0.24914286085067605	0.24825514331543447	0.24469926961751504	0.047600569113265545
16.161616161616163	0.2491428601430949	0.24825514207276028	0.24469926899380895	0.047600568743419364
16.666666666666668	0.24914285973289008	0.2482551413763259	0.2446992686130646	0.047600568537751686
17.171717171717173	0.24914285932328273	0.24825514067683443	0.2446992682341988	0.0476005683304665
17.67676767676768	0.24914285904627456	0.248255140197087	0.24469926798382133	0.04760056818793878
18.181818181818183	0.2491428589055109	0.2482551399432458	0.2446992678654204	0.04760056811200473
18.68686868686869	0.24914285890099186	0.2482551399153108	0.24469926787899604	0.047600568102664345
19.191919191919194	0.24914285893573956	0.24825513995621307	0.24469926792736688	0.047600568113824064
19.6969696969697	0.2491428588947808	0.24825513987973727	0.24469926789531815	0.047600568090836994
20.202020202020204	0.24914285889325533	0.24825513987236839	0.24469926789823146	0.04760056808842915
20.70707070707071	0.24914285893116317	0.24825513993410642	0.2446992679361068	0.04760056810660054
21.212121212121215	0.2491428590085043	0.2482551400649514	0.2446992680089442	0.04760056814535116
21.71717171717172	0.2491428590240346	0.24825514008300337	0.2446992680309917	0.047600568150300726
22.222222222222225	0.2491428590568398	0.24825514014217523	0.24469926805861889	0.04760056816801127
22.72727272727273	0.249142859089645	0.24825514020134712	0.24469926808624606	0.04760056818572181
23.232323232323235	0.2491428591224502	0.24825514026051898	0.24469926811387324	0.04760056820343235
23.73737373737374	0.2491428591474363	0.24825514030558596	0.24469926813491605	0.04760056821692105
24.242424242424242	0.24914285914863743	0.2482551403077473	0.24469926813592985	0.047600568217567356
24.747474747474747	0.24914285914983852	0.24825514030990867	0.24469926813694362	0.04760056821821365
25.252525252525253	0.24914285915103965	0.24825514031207002	0.24469926813795742	0.047600568218859954
25.757575757575758	0.24914285915224074	0.24825514031423135	0.2446992681389712	0.04760056821950625
26.262626262626263	0.24914285915344186	0.2482551403163927	0.244699268139985	0.047600568220152545
26.767676767676768	0.24914285915464296	0.24825514031855406	0.24469926814099877	0.04760056822079885
27.272727272727273	0.24914285915584408	0.2482551403207154	0.24469926814201254	0.04760056822144514
27.77777777777778	0.24914285915704518	0.24825514032287674	0.24469926814302634	0.047600568222091445
28.282828282828284	0.2491428591582463	0.2482551403250381	0.2446992681440401	0.04760056822273774
28.78787878787879	0.2491428591594474	0.24825514032719945	0.2446992681450539	0.047600568223384036
29.292929292929294	0.24914285916064852	0.2482551403293608	0.24469926814606768	0.04760056822403034
29.7979797979798	0.2491428591618496	0.24825514033152213	0.24469926814708146	0.047600568224676634
30.303030303030305	0.24914285916305073	0.24825514033368348	0.24469926814809526	0.04760056822532294
30.80808080808081	0.24914285916425183	0.24825514033584484	0.24469926814910903	0.04760056822596923
31.313131313131315	0.24914285916545295	0.2482551403380062	0.24469926815012283	0.047600568226615535
31.81818181818182	0.24914285916665405	0.24825514034016755	0.2446992681511366	0.04760056822726183
32.323232323232325	0.24914285916785517	0.24825514034232887	0.2446992681521504	0.047600568227908126
32.82828282828283	0.24914285916905626	0.24825514034449023	0.24469926815316417	0.04760056822855443
33.333333333333336	0.24914285917025739	0.24825514034665158	0.24469926815417795	0.047600568229200724
33.83838383838384	0.24914285917145848	0.24825514034881294	0.24469926815519175	0.047600568229847026
34.343434343434346	0.2491428591726596	0.24825514035097426	0.24469926815620552	0.04760056823049332
34.84848484848485	0.2491428591738607	0.24825514035313562	0.24469926815721932	0.047600568231139624
35.35353535353536	0.24914285917506182	0.24825514035529697	0.2446992681582331	0.04760056823178592
35.85858585858586	0.24914285917626292	0.24825514035745833	0.2446992681592469	0.047600568232432215
36.36363636363637	0.24914285917746404	0.24825514035961965	0.24469926816026066	0.04760056823307852
36.86868686868687	0.24914285917866513	0.248255140361781	0.24469926816127444	0.04760056823372481
37.37373737373738	0.24914285917986626	0.24825514036394236	0.24469926816228824	0.047600568234371116
37.87878787878788	0.24914285918106735	0.24825514036610372	0.244699268163302	0.04760056823501741
38.38383838383839	0.24914285918226847	0.24825514036826507	0.2446992681643158	0.047600568235663714
38.88888888888889	0.24914285918346957	0.2482551403704264	0.24469926816532958	0.04760056823631001
39.3939393939394	0.2491428591846707	0.24825514037258775	0.24469926816634335	0.047600568236956305
39.8989898989899	0.24914285918587178	0.2482551403747491	0.24469926816735715	0.04760056823760261
40.40404040404041	0.2491428591870729	0.24825514037691046	0.24469926816837093	0.0476005682382489
40.909090909090914	0.249142859188274	0.2482551403790718	0.24469926816938473	0.047600568238895205
41.41414141414142	0.24914285918947512	0.24825514038123314	0.2446992681703985	0.0476005682395415
41.919191919191924	0.24914285919067622	0.2482551403833945	0.2446992681714123	0.047600568240187796
42.42424242424243	0.24914285919187734	0.24825514038555585	0.24469926817242607	0.0476005682408341
42.929292929292934	0.24914285919307844	0.24825514038771718	0.24469926817343984	0.047600568241480394
43.43434343434344	0.24914285919427956	0.24825514038987853	0.24469926817445364	0.047600568242126697
43.939393939393945	0.24914285919548065	0.24825514039203989	0.24469926817546742	0.04760056824277299
44.44444444444445	0.24914285919668178	0.24825514039420124	0.24469926817648122	0.047600568243419294
44.949494949494955	0.24914285919788287	0.2482551403963626	0.244699268177495	0.04760056824406559
45.45454545454546	0.249142859199084	0.24825514039852392	0.24469926817850876	0.047600568244711886
45.959595959595966	0.2491428592002851	0.24825514040068528	0.24469926817952256	0.04760056824535819
46.46464646464647	0.2491428592014862	0.24825514040284663	0.24469926818053633	0.047600568246004483
46.969696969696976	0.24914285920214013	0.24825514040402327	0.24469926818108828	0.047600568246356334
47.47474747474748	0.24914285920218407	0.24825514040410226	0.2446992681811254	0.04760056824637993
47.979797979797986	0.24914285920222803	0.24825514040418126	0.24469926818116253	0.04760056824640354
48.484848484848484	0.24914285920227197	0.24825514040426022	0.24469926818119966	0.047600568246427145
48.98989898989899	0.2491428592023159	0.24825514040433921	0.24469926818123677	0.04760056824645075
49.494949494949495	0.24914285920235987	0.24825514040441818	0.2446992681812739	0.04760056824647436
50.0	0.2491428592024038	0.24825514040449717	0.24469926818131105	0.047600568246497964
